burnIn   <= 25000000,   maxState  = 100000000
statistic	mean	stdErr	median	hpdLower	hpdUpper	ESS	50hpdLower	50hpdUpper
joint	-15212.2745	142.2602	-15201.0657	-15492.5473	-14941.8697	246.8135	-15278.2464	-15095.679	
prior	-7124.2914	141.4836	-7112.5829	-7406.4655	-6857.4236	244.9056	-7180.9169	-6998.8987	
likelihood	-8087.9832	18.2051	-8088.3757	-8123.3394	-8051.4611	743.5902	-8101.2978	-8077.0377	
treeModel.rootHeight	209.5333	59.9413	201.6202	108.7561	326.4987	316.4923	151.4863	225.5647	
age(root)	1813.4667	59.9413	1821.3798	1696.5013	1914.2439	316.4923	1797.4353	1871.5137	
treeLength	2696.5565	455.2462	2633.0874	1874.1658	3629.6692	225.8236	2250.7722	2806.6213	
tmrca(ingroup)	209.5333	59.9413	201.6202	108.7561	326.4987	316.4923	151.4863	225.5647	
age(ingroup)	1813.4667	59.9413	1821.3798	1696.5013	1914.2439	316.4923	1797.4353	1871.5137	
demographic.populationSizeChanges	2.6026	0.683	3	2	4	598.5872	2	3	
demographic.populationMean	121.9486	114.345	90.6468	17.5571	296.4926	261.6832	36.4659	98.3853	
demographic.popSize1	96.0375	74.6304	77.9218	3.2331	248.0793	253.5901	3.2331	78.0237	
demographic.popSize2	118.7433	184.9269	62.431	4.0471E-4	412.9717	760.6968	0.0137	62.4428	
demographic.popSize3	123.8289	197.666	64.0088	5.8058E-3	429.6279	750.026	5.8058E-3	64.0088	
demographic.popSize4	120.6973	204.5009	62.5109	0.0133	412.3939	724.7177	0.0166	62.5109	
demographic.popSize5	121.6131	222.0925	63.5463	5.6826E-4	414.7258	859.6161	2.6978E-3	63.5463	
demographic.popSize6	121.2209	193.381	62.8391	4.1256E-4	419.2476	718.7912	5.9857E-3	62.84	
demographic.popSize7	119.5906	196.8859	62.3641	2.8923E-3	410.5307	802.5398	2.8923E-3	62.3641	
demographic.popSize8	120.0852	185.5959	62.7215	2.7484E-3	415.4267	815.1836	2.7484E-3	62.7215	
demographic.popSize9	122.8496	216.0852	62.8238	2.0252E-3	418.5981	678.6959	8.5102E-3	62.8265	
demographic.popSize10	122.4571	206.2823	62.328	1.0849E-4	430.3452	809.4953	1.0849E-4	62.328	
demographic.popSize11	115.0594	196.7333	58.88	8.7825E-3	402.9886	798.7648	1.5941E-3	58.88	
demographic.popSize12	122.6838	199.3309	63.587	8.2298E-3	414.377	817.5242	0.0147	63.5914	
demographic.popSize13	121.0264	196.1372	62.3917	4.3402E-3	416.0334	706.998	3.8059E-3	62.3917	
demographic.popSize14	115.2222	191.0409	58.3051	0.0102	406.7463	732.3461	0.077	58.3517	
demographic.popSize15	121.0893	189.6659	63.4827	4.6925E-3	421.8099	782.8092	4.6925E-3	63.4827	
demographic.popSize16	122.1624	194.7158	62.3843	7.6454E-3	431.2766	749.768	7.6454E-3	62.3843	
demographic.popSize17	119.8908	210.8805	58.3797	1.6365E-3	425.1166	738.6303	0.0594	58.4084	
demographic.popSize18	97.2904	153.9221	48.7258	2.5112E-3	346.1946	852.022	0.0515	48.7749	
demographic.popSize19	98.1396	191.3844	42.8175	1.0606E-4	365.5457	642.2093	1.0606E-4	42.8175	
demographic.popSize20	114.3224	181.3016	57.5391	5.7051E-3	406.8477	748.8315	0.0273	57.5485	
demographic.popSize21	118.5098	190.387	61.9059	0.0171	406.3984	819.194	0.0171	61.9059	
demographic.popSize22	102.6431	197.7302	43.6737	0.0165	383.5	658.0796	0.0165	43.6737	
demographic.popSize23	117.2035	202.7014	58.2482	3.2068E-3	416.4612	701.8528	0.018	58.2485	
demographic.popSize24	112.7294	194.6531	52.4873	1.0389E-3	425.6198	626.034	1.0389E-3	52.4873	
demographic.popSize25	118.0961	200.3702	58.0615	0.011	417.0964	684.2058	0.0122	58.0615	
demographic.popSize26	117.4072	187.7344	59.7268	3.5234E-3	423.274	731.5604	0.0392	59.7535	
demographic.popSize27	121.3268	222.1972	63.84	0.0161	414.681	780.2979	0.0161	63.84	
demographic.popSize28	122.091	212.5364	64.253	4.9067E-4	424.782	841.6014	0.0436	64.2758	
demographic.popSize29	123.344	189.4283	67.5978	0.0218	415.12	804.3505	0.0218	67.598	
demographic.popSize30	125.4847	194.6107	67.9218	6.7737E-3	432.9969	711.8575	5.721E-3	67.9218	
demographic.popSize31	126.7269	217.5661	69.0323	2.2191E-3	417.3849	714.548	0.0259	69.0323	
demographic.popSize32	120.3093	188.2482	64.2378	0.0403	418.4429	814.9568	0.0347	64.243	
demographic.popSize33	118.2827	174.2435	66.7016	7.7327E-4	394.6162	928.0864	7.7327E-4	66.7016	
demographic.popSize34	123.1343	192.3302	66.3513	0.0188	419.9052	780.1818	9.6198E-3	66.3513	
demographic.popSize35	123.1265	182.8311	68.0283	3.5181E-5	423.6552	794.4495	3.5181E-5	68.0283	
demographic.popSize36	124.291	200.7387	66.3993	2.8292E-3	418.5043	729.1599	3.047E-3	66.3993	
demographic.popSize37	123.5192	191.9127	68.9479	0.0102	422.1279	768.3198	0.0102	68.9479	
demographic.popSize38	122.1293	199.4095	65.0299	0.0114	418.4243	781.7877	0.0758	65.0737	
demographic.popSize39	119.9301	191.3552	63.6856	0.0123	421.3148	876.0084	0.0386	63.6929	
demographic.popSize40	126.1092	222.2173	64.7844	1.083E-3	436.1751	806.1351	3.507E-3	64.786	
demographic.popSize41	118.5405	189.1442	64.283	3.9748E-4	391.8548	872.9284	2.6264E-3	64.2837	
demographic.popSize42	124.8245	195.2985	66.0813	0.0102	432.9011	723.3559	0.0102	66.0813	
demographic.popSize43	117.5597	186.6653	63.0825	4.2012E-3	396.6558	851.6076	5.5898E-4	63.0825	
demographic.popSize44	123.4532	202.4371	63.5637	9.8795E-3	426.5396	736.747	0.0157	63.5676	
demographic.popSize45	121.6212	206.861	63.7593	2.9433E-3	404.0725	795.292	2.9433E-3	63.7593	
demographic.popSize46	122.5047	195.9366	65.4102	5.2146E-3	413.4177	694.2781	0.0256	65.4256	
demographic.popSize47	121.3123	194.7078	64.5883	9.963E-3	409.4684	772.088	4.1263E-3	64.5883	
demographic.popSize48	122.1517	196.7136	65.6372	2.7292E-3	410.2831	753.4065	0.028	65.6469	
demographic.popSize49	123.0859	196.376	65.0845	4.3595E-4	426.6242	775.6772	4.3595E-4	65.0845	
demographic.popSize50	125.1109	238.2751	66.2287	6.9039E-4	416.3582	870.3624	6.9039E-4	66.2287	
demographic.popSize51	122.2608	192.3782	65.4063	8.0101E-3	417.3778	775.143	8.0101E-3	65.4063	
demographic.popSize52	125.4878	209.0649	64.3127	5.0515E-3	434.3552	654.5665	5.1491E-3	64.3127	
demographic.popSize53	125.91	217.0441	63.9563	4.8484E-3	425.2203	687.0457	9.3051E-3	63.9563	
demographic.popSize54	121.3883	188.9401	63.7451	2.4935E-3	424.2395	764.2998	0.1151	63.8573	
demographic.popSize55	122.0959	193.1372	64.6916	4.8625E-3	423.299	777.5173	0.0161	64.6962	
demographic.popSize56	122.0264	213.647	63.3808	4.4984E-4	410.7954	785.8641	4.4984E-4	63.3808	
demographic.popSize57	125.0504	207.6224	64.6542	3.7264E-3	424.8584	808.3287	8.1708E-3	64.6557	
demographic.popSize58	122.3896	201.5721	64.8821	5.1833E-3	414.0508	711.9748	5.1833E-3	64.8821	
demographic.popSize59	119.7831	195.8779	62.5273	6.2686E-3	413.3448	843.9006	3.2478E-3	62.5273	
demographic.popSize60	119.8377	185.1775	63.4928	7.8244E-4	400.0187	864.1288	7.8244E-4	63.4928	
demographic.popSize61	124.9995	243.7891	63.7366	6.1028E-3	424.2336	824.6723	0.0471	63.7614	
demographic.popSize62	123.5313	193.616	65.2343	0.0288	429.122	771.0063	1.5701E-3	65.2343	
demographic.popSize63	122.622	195.5798	64.5239	0.0364	422.7011	760.7755	0.0264	64.5262	
demographic.popSize64	122.7808	194.2138	65.2832	6.6576E-4	420.1012	765.0001	0.035	65.2945	
demographic.popSize65	121.6646	201.3039	63.8573	6.157E-3	404.7408	712.902	0.0246	63.862	
demographic.popSize66	119.7486	181.7047	63.051	8.5587E-3	412.6812	808.0555	3.97E-3	63.051	
demographic.popSize67	122.1129	188.3266	64.7084	0.0254	421.9928	725.7874	0.0275	64.7084	
demographic.popSize68	123.8258	220.445	64.7716	4.1566E-4	421.4359	775.7999	4.1566E-4	64.7716	
demographic.popSize69	122.4675	198.0441	64.4397	3.0424E-3	411.7126	729.7761	3.0424E-3	64.4397	
demographic.popSize70	121.5211	197.5029	63.4334	0.0131	417.5328	722.3759	0.0158	63.4412	
demographic.popSize71	122.6618	194.9765	64.3463	2.2269E-3	425.4903	755.2344	2.2269E-3	64.3463	
demographic.popSize72	124.5926	209.1648	62.9424	2.8636E-3	425.176	721.2564	0.018	62.9524	
demographic.popSize73	122.7427	192.4652	63.9471	0.0195	432.2122	718.5755	0.0335	63.9517	
demographic.popSize74	122.3889	205.5226	63.3031	1.5025E-3	418.567	718.0247	6.7853E-3	63.3031	
demographic.popSize75	124.4219	214.53	66.778	3.7213E-3	414.6281	685.3454	7.2426E-3	66.7827	
demographic.popSize76	122.0002	190.1799	64.1477	9.845E-3	407.8114	782.6421	0.0101	64.1478	
demographic.popSize77	124.2464	200.5883	63.0104	0.024	434.8066	811.425	0.0214	63.0143	
demographic.popSize78	123.0795	192.6448	66.7884	4.3711E-3	403.7113	819.6039	0.0149	66.7922	
demographic.popSize79	123.8463	202.2508	63.8618	4.2923E-3	425.7836	747.1561	0.0123	63.8618	
demographic.popSize80	121.1222	189.6594	64.0599	2.1496E-3	410.3165	839.115	2.1496E-3	64.0599	
demographic.popSize81	124.1858	199.1603	64.4118	0.0109	422.7384	708.9492	0.0172	64.4118	
demographic.popSize82	121.479	200.6162	63.6761	6.094E-3	406.0969	790.2198	6.094E-3	63.6761	
demographic.popSize83	124.4907	198.5804	64.3818	0.0125	431.0621	747.9906	0.0125	64.3818	
demographic.popSize84	123.5623	203.7754	63.8226	6.3018E-4	433.2254	663.5807	0.0158	63.8366	
demographic.popSize85	120.4737	197.431	63.1952	7.6579E-4	413.0851	787.1716	7.6579E-4	63.1952	
demographic.popSize86	125.5649	213.0398	64.1	1.6405E-3	421.1885	766.924	0.0146	64.1094	
demographic.popSize87	122.9454	214.2855	64.1143	1.0562E-3	427.0095	788.5072	0.0553	64.1482	
demographic.popSize88	123.4925	224.3926	62.8074	5.7983E-3	406.5668	748.9534	0.0291	62.8285	
demographic.popSize89	123.8528	204.395	64.0723	0.0101	427.6915	731.1748	0.0239	64.0893	
demographic.popSize90	119.9105	181.0892	62.3756	4.4307E-3	414.5599	785.3102	0.0638	62.4052	
demographic.popSize91	122.5653	213.3036	63.3488	5.4689E-3	413.4892	824.0238	0.036	63.3645	
demographic.popSize92	120.8115	196.8585	62.9813	2.4527E-4	403.8681	772.4672	2.4527E-4	62.9813	
demographic.popSize93	121.3987	196.3629	61.5154	3.3443E-3	421.2893	674.308	3.3443E-3	61.5154	
demographic.popSize94	124.2956	204.4284	64.4508	9.0641E-3	430.9046	731.7671	0.0188	64.4508	
demographic.popSize95	123.1399	202.4752	65.2164	0.0145	415.427	816.7376	0.0375	65.2174	
demographic.popSize96	120.7224	194.0603	62.5223	2.7856E-5	413.8301	709.8407	0.035	62.5449	
demographic.popSize97	122.2285	195.8617	64.9785	6.4364E-3	415.763	802.2853	6.4364E-3	64.9785	
demographic.popSize98	125.0636	202.3637	64.3055	3.1788E-3	431.3921	716.9376	3.1788E-3	64.3055	
demographic.popSize99	120.8727	193.3736	63.7463	2.3041E-4	413.69	795.5818	2.3041E-4	63.7463	
demographic.popSize100	121.1285	202.1284	62.8387	8.7323E-4	406.3709	684.9594	8.7323E-4	62.8387	
demographic.popSize101	123.0074	190.8711	64.8212	0.0239	426.3464	765.0493	0.0239	64.8212	
demographic.popSize102	122.2578	183.3665	64.919	0.0265	417.7075	771.6779	0.0129	64.919	
demographic.popSize103	121.7516	198.47	62.5008	6.2453E-4	422.9586	744.6414	0.0306	62.5198	
demographic.popSize104	121.818	204.4081	63.7419	2.2745E-3	413.7072	773.4842	2.2745E-3	63.7419	
demographic.popSize105	120.6389	188.6208	63.0538	0.0225	418.5709	823.2034	0.1794	63.1485	
demographic.popSize106	121.7384	205.75	63.823	1.7106E-3	420.5901	801.8876	1.7106E-3	63.823	
demographic.popSize107	122.0784	209.3466	62.4989	2.2837E-3	427.9939	735.7304	2.2837E-3	62.4989	
demographic.popSize108	121.9812	221.8049	62.9372	0.0155	414.5803	791.8294	0.0155	62.9376	
demographic.popSize109	123.1918	204.651	62.7763	8.1627E-3	426.1378	770.8269	0.1565	62.8817	
demographic.popSize110	121.6688	210.6464	62.3126	9.5207E-4	413.3364	729.534	6.7978E-3	62.3178	
demographic.popSize111	119.797	195.1414	64.3216	0.011	408.4886	802.1675	0.0143	64.3331	
demographic.popSize112	117.4654	191.799	61.2523	3.992E-3	391.4559	747.3467	3.992E-3	61.2523	
demographic.popSize113	122.5181	193.8907	63.6594	5.6216E-4	419.8341	764.8315	2.1062E-3	63.6594	
demographic.popSize114	123.3402	195.2887	62.9408	1.2491E-3	420.8298	703.7964	1.9907E-3	62.9408	
demographic.popSize115	120.3816	193.0302	62.0775	4.9129E-4	418.4497	798.9415	5.2981E-3	62.0775	
demographic.popSize116	121.0401	209.2862	62.3857	5.1125E-3	414.1273	786.0601	5.1125E-3	62.3857	
demographic.popSize117	120.4519	190.7712	63.6808	6.9551E-3	412.8988	741.1291	7.7197E-4	63.6808	
demographic.popSize118	122.8655	192.9542	64.3981	1.5929E-3	428.8461	745.5433	1.5929E-3	64.3981	
demographic.popSize119	121.8786	204.006	62.9487	4.5236E-3	412.7232	805.7255	4.5236E-3	62.9487	
demographic.popSize120	121.6012	192.2979	62.7022	1.193E-3	426.309	777.0941	0.0494	62.7364	
demographic.popSize121	121.7214	197.1876	63.4885	5.8178E-3	418.4631	762.0642	5.8178E-3	63.4885	
demographic.popSize122	123.8137	212.1518	63.2777	5.1591E-3	426.2506	807.4509	0.0219	63.2892	
demographic.popSize123	118.7515	193.5352	62.7131	2.6851E-3	411.4467	759.2106	6.4801E-4	62.7131	
demographic.popSize124	123.452	197.3889	64.0708	5.1639E-3	412.9567	715.1744	5.1639E-3	64.0708	
demographic.popSize125	123.2443	191.5523	64.9027	0.0438	422.6499	737.4773	0.0323	64.9027	
demographic.popSize126	124.1699	217.1141	64.3724	2.4884E-3	421.4594	719.0652	0.0788	64.4092	
demographic.popSize127	120.8305	193.2523	63.8918	0.0149	412.711	711.432	0.0316	63.9094	
demographic.popSize128	123.7272	213.0639	62.8173	2.565E-3	424.5994	776.1255	9.2705E-4	62.8173	
demographic.popSize129	122.6451	207.1737	63.9791	0.0174	419.9108	810.2588	0.1109	64.0239	
demographic.popSize130	120.8565	212.9114	62.2646	7.0975E-3	398.8522	797.9496	7.0975E-3	62.2646	
demographic.popSize131	120.9771	204.8613	62.6885	7.7407E-3	416.9582	794.7692	0.0415	62.6985	
demographic.popSize132	124.067	213.2301	64.325	3.7193E-3	421.046	714.9886	3.7193E-3	64.325	
demographic.popSize133	122.3156	215.3745	63.1229	4.9741E-3	425.0263	794.7665	4.9741E-3	63.1229	
demographic.popSize134	120.793	190.6097	63.3187	3.0729E-3	418.8176	816.9565	3.0729E-3	63.3187	
demographic.popSize135	123.3938	223.915	63.0427	0.0134	419.9583	815.7062	0.0216	63.0427	
demographic.popSize136	121.8715	194.9148	62.8152	3.2506E-3	416.5824	807.2569	0.015	62.8152	
demographic.popSize137	121.059	203.7106	62.4006	1.2312E-3	416.7618	814.0192	1.2312E-3	62.4006	
demographic.popSize138	123.8944	204.0166	63.3043	1.1158E-3	440.559	768.3638	1.1158E-3	63.3043	
demographic.popSize139	121.4525	193.0769	64.1084	2.7891E-3	411.1337	779.2334	2.7891E-3	64.1084	
demographic.popSize140	121.9254	199.7761	61.9969	5.2413E-4	430.3478	718.3053	5.2413E-4	61.9969	
demographic.popSize141	119.6242	194.7877	63.6257	9.0949E-3	404.6248	804.5657	8.1663E-4	63.6257	
demographic.popSize142	121.896	213.8254	60.5126	0.0706	408.8958	836.8405	0.1025	60.5687	
demographic.popSize143	121.9953	203.5994	62.529	4.7096E-3	418.8722	743.8342	0.0491	62.5673	
demographic.popSize144	120.4342	193.7318	62.6674	0.0116	424.2071	729.4863	0.0551	62.6709	
demographic.popSize145	120.7958	198.2231	61.6115	2.0748E-3	420.382	805.1106	0.0172	61.6137	
demographic.popSize146	119.9258	189.2986	62.8292	3.0995E-3	424.9581	815.1962	0.0361	62.8454	
demographic.popSize147	119.8808	193.9982	62.7716	4.3366E-3	414.8988	782.356	0.012	62.7716	
demographic.popSize148	122.3604	207.7143	62.1916	3.1451E-3	423.3238	718.0237	3.1451E-3	62.1916	
demographic.popSize149	118.5635	175.1707	63.5503	9.4703E-3	410.4431	830.6737	0.0499	63.568	
demographic.popSize150	123.4829	204.0329	64.0054	1.2221E-3	424.5118	783.6359	0.0121	64.0054	
demographic.popSize151	121.463	215.2278	62.8812	1.2419E-3	409.5051	780.5712	2.0021E-3	62.8812	
demographic.popSize152	122.262	206.2567	62.5539	8.223E-3	425.5058	747.891	8.6877E-3	62.5539	
demographic.popSize153	120.0005	184.93	62.436	2.9441E-3	417.9438	690.7456	0.0192	62.4397	
demographic.popSize154	122.0897	201.7889	63.6588	7.3104E-3	413.9651	740.1474	7.3104E-3	63.6588	
demographic.popSize155	123.5001	209.8303	62.4753	0.0114	421.4771	684.1332	0.0209	62.4753	
demographic.popSize156	121.3914	200.7345	62.8548	0.0239	425.1878	692.8965	0.0905	62.9143	
demographic.popSize157	120.409	197.199	62.6693	7.6982E-4	417.1407	735.9722	0.0476	62.7013	
demographic.popSize158	122.3995	192.9562	64.1308	0.0198	435.3642	774.0523	0.0254	64.1308	
demographic.popSize159	121.4944	208.4458	62.1601	9.1142E-4	408.375	792.4629	5.6247E-3	62.1601	
demographic.popSize160	119.2531	187.7484	61.9501	8.1852E-3	409.369	858.2003	8.1852E-3	61.9501	
demographic.popSize161	123.2843	211.187	62.5493	0.0169	420.2766	685.3065	9.2302E-3	62.5493	
demographic.popSize162	121.2432	202.1373	62.1184	4.7163E-4	416.6826	744.8127	0.0381	62.1228	
demographic.popSize163	123.0986	249.5404	62.8078	8.2713E-3	415.6361	829.1711	1.3209E-3	62.8078	
demographic.popSize164	121.2737	198.6562	63.0965	1.416E-3	401.7692	775.793	1.416E-3	63.0965	
demographic.popSize165	123.1145	202.1517	63.689	0.0199	422.5609	738.8684	0.0326	63.7086	
demographic.popSize166	123.4564	225.4495	63.6051	7.8154E-3	421.577	813.5671	0.0158	63.6117	
demographic.popSize167	123.6892	211.4196	62.712	5.1063E-3	429.7361	795.4671	5.1063E-3	62.712	
demographic.popSize168	121.3601	203.1161	62.8348	7.6218E-4	418.965	858.3766	7.6218E-4	62.8348	
demographic.popSize169	123.5277	203.9556	63.9567	3.0909E-3	421.7692	835.8855	3.0909E-3	63.9567	
demographic.popSize170	121.8606	195.6764	62.9444	0.0111	423.7255	763.1659	0.1103	63.0027	
demographic.popSize171	119.2937	195.6783	62.841	4.1183E-4	411.043	857.1884	4.1183E-4	62.841	
demographic.popSize172	122.9007	196.0441	63.217	0.0117	422.2535	791.9036	0.0299	63.2214	
demographic.popSize173	122.7108	199.879	64.4153	3.1177E-4	423.6452	886.6947	5.6366E-3	64.4177	
demographic.popSize174	122.9948	194.9328	63.3596	6.6918E-3	438.0484	756.2849	0.0564	63.3905	
demographic.popSize175	122.1334	200.818	62.6591	7.7406E-4	424.2474	768.921	0.0598	62.6724	
demographic.popSize176	121.5991	198.0364	63.3623	6.268E-3	426.7262	826.2367	0.0255	63.3745	
demographic.popSize177	121.779	201.7924	64.1069	5.8816E-4	405.4203	920.975	0.0185	64.1069	
demographic.popSize178	123.1033	241.4874	60.6418	8.6468E-5	408.625	788.0617	0.038	60.6418	
demographic.popSize179	122.3763	195.1443	63.57	9.6423E-3	422.5724	721.5636	9.6423E-3	63.5753	
demographic.popSize180	121.7816	193.7176	62.484	4.7322E-3	416.5733	720.9616	0.0706	62.4956	
demographic.popSize181	123.752	209.3551	63.5616	6.0466E-4	427.8679	704.5921	0.0462	63.5766	
demographic.popSize182	121.2556	186.4691	64.0853	1.4933E-3	412.1548	763.8031	0.0139	64.0884	
demographic.popSize183	120.7507	194.8454	63.4654	7.9384E-3	412.9834	793.8338	0.0116	63.4654	
demographic.popSize184	121.6676	204.4882	61.5489	8.991E-4	419.2777	757.7005	6.6125E-3	61.5545	
demographic.popSize185	123.3586	223.019	63.3662	2.2184E-3	422.1731	736.9542	2.2184E-3	63.3662	
demographic.popSize186	123.334	209.1162	62.8906	6.1056E-3	424.5834	811.51	3.6908E-3	62.8906	
demographic.popSize187	122.6376	205.9386	62.8042	0.0143	425.7555	816.441	0.0381	62.8141	
demographic.popSize188	124.0245	206.5916	63.0272	5.5662E-3	422.6968	799.1092	5.6925E-4	63.0272	
demographic.popSize189	120.4708	206.1086	62.4162	4.3353E-4	405.7151	841.7422	0.0339	62.4492	
demographic.popSize190	122.5337	208.4065	64.0114	7.3907E-4	413.4537	730.4747	7.3907E-4	64.0114	
demographic.popSize191	120.4281	198.8912	63.1794	2.3231E-3	413.8523	764.5111	8.4043E-4	63.1794	
demographic.popSize192	119.321	194.1874	63.4168	2.3484E-3	401.7	817.9517	0.012	63.4206	
demographic.popSize193	121.0643	190.6301	63.1463	5.6795E-4	422.038	702.0937	5.6795E-4	63.1463	
demographic.popSize194	123.7058	218.4861	63.7743	5.1027E-3	426.5188	744.0056	5.1027E-3	63.7743	
demographic.popSize195	120.3437	182.2639	63.0144	0.0101	415.4423	793.6022	0.0114	63.0144	
demographic.popSize196	123.1978	200.9945	62.5406	0.0179	428.6084	631.3722	0.0564	62.5406	
demographic.popSize197	121.0174	203.6219	62.541	8.2333E-3	420.5382	830.4456	4.7061E-3	62.541	
demographic.popSize198	116.9084	190.3781	59.5986	5.012E-3	404.8582	784.0255	0.0103	59.5986	
demographic.popSize199	119.6439	211.3993	60.2029	9.2806E-3	414.3519	807.5405	8.5484E-3	60.2029	
demographic.popSize200	117.6464	191.0788	58.4359	0.0113	410.2759	840.0559	0.0113	58.4377	
demographic.indicators1	4.1653E-3	0.0644	0	0	0	2382.0667	0	0	
demographic.indicators2	5.9867E-4	0.0245	0	0	0	32948.1665	0	0	
demographic.indicators3	1.0893E-3	0.033	0	0	0	5127.9645	0	0	
demographic.indicators4	1.4853E-3	0.0385	0	0	0	990.4323	0	0	
demographic.indicators5	3.5067E-4	0.0187	0	0	0	43162.75	0	0	
demographic.indicators6	2.2667E-4	0.0151	0	0	0	58202.5693	0	0	
demographic.indicators7	1.7867E-4	0.0134	0	0	0	60276.184	0	0	
demographic.indicators8	4.1867E-4	0.0205	0	0	0	26708.509	0	0	
demographic.indicators9	2.08E-4	0.0144	0	0	0	47822.4395	0	0	
demographic.indicators10	0.0374	0.1896	0	0	0	211.9877	0	0	
demographic.indicators11	6.4533E-4	0.0254	0	0	0	6865.5675	0	0	
demographic.indicators12	2.48E-4	0.0157	0	0	0	19936.4938	0	0	
demographic.indicators13	0.0551	0.2282	0	0	1	198.6885	0	0	
demographic.indicators14	2.996E-3	0.0547	0	0	0	562.2044	0	0	
demographic.indicators15	0.0108	0.1031	0	0	0	338.2844	0	0	
demographic.indicators16	0.0664	0.249	0	0	1	191.8483	0	0	
demographic.indicators17	0.119	0.3238	0	0	1	192.6417	0	0	
demographic.indicators18	0.1711	0.3766	0	0	1	199.3396	0	0	
demographic.indicators19	0.0521	0.2223	0	0	1	200.54	0	0	
demographic.indicators20	0.0287	0.1668	0	0	0	219.4661	0	0	
demographic.indicators21	0.1575	0.3643	0	0	1	199.886	0	0	
demographic.indicators22	0.0395	0.1947	0	0	0	210.4016	0	0	
demographic.indicators23	0.112	0.3154	0	0	1	207.5099	0	0	
demographic.indicators24	0.0588	0.2353	0	0	1	216.7489	0	0	
demographic.indicators25	0.0556	0.2292	0	0	1	213.9475	0	0	
demographic.indicators26	0.05	0.2179	0	0	0	249.3567	0	0	
demographic.indicators27	0.0148	0.1208	0	0	0	719.7762	0	0	
demographic.indicators28	0.0489	0.2157	0	0	0	303.9367	0	0	
demographic.indicators29	0.0265	0.1605	0	0	0	380.9551	0	0	
demographic.indicators30	0.0541	0.2262	0	0	1	311.9726	0	0	
demographic.indicators31	0.0244	0.1543	0	0	0	555.5443	0	0	
demographic.indicators32	0.04	0.196	0	0	0	468.8857	0	0	
demographic.indicators33	0.0256	0.1578	0	0	0	539.1303	0	0	
demographic.indicators34	0.0376	0.1903	0	0	0	370.8355	0	0	
demographic.indicators35	0.0282	0.1654	0	0	0	539.127	0	0	
demographic.indicators36	0.0428	0.2024	0	0	0	429.1876	0	0	
demographic.indicators37	0.0205	0.1416	0	0	0	397.352	0	0	
demographic.indicators38	0.0249	0.1557	0	0	0	469.5755	0	0	
demographic.indicators39	0.0125	0.1109	0	0	0	528.452	0	0	
demographic.indicators40	0.0138	0.1168	0	0	0	542.8476	0	0	
demographic.indicators41	0.0153	0.1227	0	0	0	759.3613	0	0	
demographic.indicators42	0.016	0.1257	0	0	0	559.3882	0	0	
demographic.indicators43	0.0169	0.1289	0	0	0	690.1452	0	0	
demographic.indicators44	0.016	0.1255	0	0	0	965.7141	0	0	
demographic.indicators45	0.0164	0.1268	0	0	0	542.3554	0	0	
demographic.indicators46	0.0249	0.1558	0	0	0	522.7314	0	0	
demographic.indicators47	0.0214	0.1447	0	0	0	491.8134	0	0	
demographic.indicators48	0.0157	0.1243	0	0	0	943.4461	0	0	
demographic.indicators49	0.0169	0.1288	0	0	0	514.1367	0	0	
demographic.indicators50	0.0175	0.131	0	0	0	479.6159	0	0	
demographic.indicators51	5.8027E-3	0.076	0	0	0	2018.5008	0	0	
demographic.indicators52	0.0163	0.1266	0	0	0	684.2853	0	0	
demographic.indicators53	9.4307E-3	0.0967	0	0	0	1199.5812	0	0	
demographic.indicators54	0.0157	0.1244	0	0	0	520.6163	0	0	
demographic.indicators55	0.011	0.1044	0	0	0	1009.4749	0	0	
demographic.indicators56	8.2013E-3	0.0902	0	0	0	1272.2433	0	0	
demographic.indicators57	0.017	0.1294	0	0	0	999.4884	0	0	
demographic.indicators58	8.8787E-3	0.0938	0	0	0	1125.722	0	0	
demographic.indicators59	0.0104	0.1016	0	0	0	1034.5105	0	0	
demographic.indicators60	8.504E-3	0.0918	0	0	0	1512.7043	0	0	
demographic.indicators61	0.0177	0.132	0	0	0	937.6625	0	0	
demographic.indicators62	0.0159	0.1251	0	0	0	687.7917	0	0	
demographic.indicators63	0.0102	0.1005	0	0	0	630.4078	0	0	
demographic.indicators64	0.0138	0.1168	0	0	0	681.6555	0	0	
demographic.indicators65	0.0102	0.1004	0	0	0	1171.6081	0	0	
demographic.indicators66	7.2613E-3	0.0849	0	0	0	1609.6264	0	0	
demographic.indicators67	0.0158	0.1249	0	0	0	470.5077	0	0	
demographic.indicators68	0.0118	0.1082	0	0	0	575.5746	0	0	
demographic.indicators69	0.0101	0.1001	0	0	0	621.7731	0	0	
demographic.indicators70	0.0113	0.1059	0	0	0	696.2662	0	0	
demographic.indicators71	0.0101	0.1001	0	0	0	768.6267	0	0	
demographic.indicators72	7.2813E-3	0.085	0	0	0	1105.1404	0	0	
demographic.indicators73	5.7173E-3	0.0754	0	0	0	1569.4259	0	0	
demographic.indicators74	8.7293E-3	0.093	0	0	0	997.0781	0	0	
demographic.indicators75	0.0155	0.1236	0	0	0	603.1502	0	0	
demographic.indicators76	6.82E-3	0.0823	0	0	0	1110.6149	0	0	
demographic.indicators77	0.0285	0.1663	0	0	0	498.4534	0	0	
demographic.indicators78	7.748E-3	0.0877	0	0	0	637.4652	0	0	
demographic.indicators79	6.8533E-3	0.0825	0	0	0	848.5129	0	0	
demographic.indicators80	8.9987E-3	0.0944	0	0	0	1097.8385	0	0	
demographic.indicators81	2.6667E-3	0.0516	0	0	0	2349.9483	0	0	
demographic.indicators82	2.804E-3	0.0529	0	0	0	1950.5645	0	0	
demographic.indicators83	5.6693E-3	0.0751	0	0	0	1359.8688	0	0	
demographic.indicators84	4.1373E-3	0.0642	0	0	0	2551.3308	0	0	
demographic.indicators85	0.011	0.1043	0	0	0	679.2306	0	0	
demographic.indicators86	6.688E-3	0.0815	0	0	0	1675.5662	0	0	
demographic.indicators87	4.9053E-3	0.0699	0	0	0	1262.5951	0	0	
demographic.indicators88	4.956E-3	0.0702	0	0	0	920.5052	0	0	
demographic.indicators89	5.1213E-3	0.0714	0	0	0	900.1629	0	0	
demographic.indicators90	6.1333E-3	0.0781	0	0	0	2136.7818	0	0	
demographic.indicators91	5.7573E-3	0.0757	0	0	0	1255.3509	0	0	
demographic.indicators92	3.108E-3	0.0557	0	0	0	4926.0534	0	0	
demographic.indicators93	7.328E-3	0.0853	0	0	0	639.5612	0	0	
demographic.indicators94	6.2867E-3	0.079	0	0	0	749.2337	0	0	
demographic.indicators95	4.964E-3	0.0703	0	0	0	1354.1348	0	0	
demographic.indicators96	7.884E-3	0.0884	0	0	0	747.6158	0	0	
demographic.indicators97	4.0347E-3	0.0634	0	0	0	1140.0288	0	0	
demographic.indicators98	2.5773E-3	0.0507	0	0	0	4824.9489	0	0	
demographic.indicators99	5.0627E-3	0.071	0	0	0	1225.4023	0	0	
demographic.indicators100	4.0187E-3	0.0633	0	0	0	2323.8443	0	0	
demographic.indicators101	7.728E-3	0.0876	0	0	0	573.797	0	0	
demographic.indicators102	5.88E-3	0.0765	0	0	0	837.3391	0	0	
demographic.indicators103	2.7027E-3	0.0519	0	0	0	4017.4199	0	0	
demographic.indicators104	3.7427E-3	0.0611	0	0	0	3032.6269	0	0	
demographic.indicators105	0.011	0.1043	0	0	0	749.5404	0	0	
demographic.indicators106	1.9307E-3	0.0439	0	0	0	2929.9416	0	0	
demographic.indicators107	3.3653E-3	0.0579	0	0	0	1740.6137	0	0	
demographic.indicators108	2.76E-3	0.0525	0	0	0	5020.7152	0	0	
demographic.indicators109	4.2907E-3	0.0654	0	0	0	1976.1275	0	0	
demographic.indicators110	3.736E-3	0.061	0	0	0	2062.3354	0	0	
demographic.indicators111	5.2213E-3	0.0721	0	0	0	1720.3161	0	0	
demographic.indicators112	2.4987E-3	0.0499	0	0	0	6373.299	0	0	
demographic.indicators113	5.4093E-3	0.0733	0	0	0	698.8592	0	0	
demographic.indicators114	4.2547E-3	0.0651	0	0	0	1854.2332	0	0	
demographic.indicators115	2.692E-3	0.0518	0	0	0	4237.9304	0	0	
demographic.indicators116	5.8573E-3	0.0763	0	0	0	1793.5043	0	0	
demographic.indicators117	5.2E-3	0.0719	0	0	0	530.7145	0	0	
demographic.indicators118	7.26E-3	0.0849	0	0	0	788.2441	0	0	
demographic.indicators119	3.3653E-3	0.0579	0	0	0	3372.2224	0	0	
demographic.indicators120	4.58E-3	0.0675	0	0	0	1094.6033	0	0	
demographic.indicators121	3.7267E-3	0.0609	0	0	0	1167.4966	0	0	
demographic.indicators122	4.6467E-3	0.068	0	0	0	706.2927	0	0	
demographic.indicators123	6.28E-3	0.079	0	0	0	790.5077	0	0	
demographic.indicators124	5.2147E-3	0.072	0	0	0	1465.8825	0	0	
demographic.indicators125	3.1493E-3	0.056	0	0	0	4008.4532	0	0	
demographic.indicators126	6.4467E-3	0.08	0	0	0	1269.3803	0	0	
demographic.indicators127	3.52E-3	0.0592	0	0	0	2094.1194	0	0	
demographic.indicators128	4.6547E-3	0.0681	0	0	0	799.7059	0	0	
demographic.indicators129	6.6467E-3	0.0813	0	0	0	1009.6587	0	0	
demographic.indicators130	4.7293E-3	0.0686	0	0	0	1657.0883	0	0	
demographic.indicators131	4.6E-3	0.0677	0	0	0	2526.8659	0	0	
demographic.indicators132	6.6973E-3	0.0816	0	0	0	1323.7796	0	0	
demographic.indicators133	2.812E-3	0.053	0	0	0	3951.116	0	0	
demographic.indicators134	2.1947E-3	0.0468	0	0	0	7687.0455	0	0	
demographic.indicators135	2.948E-3	0.0542	0	0	0	3472.4596	0	0	
demographic.indicators136	2.348E-3	0.0484	0	0	0	8142.0342	0	0	
demographic.indicators137	4.312E-3	0.0655	0	0	0	1165.5869	0	0	
demographic.indicators138	4.744E-3	0.0687	0	0	0	1328.4564	0	0	
demographic.indicators139	5.0293E-3	0.0707	0	0	0	3009.0145	0	0	
demographic.indicators140	2.648E-3	0.0514	0	0	0	6249.9164	0	0	
demographic.indicators141	2.4347E-3	0.0493	0	0	0	9503.634	0	0	
demographic.indicators142	3.508E-3	0.0591	0	0	0	4591.6984	0	0	
demographic.indicators143	2.8373E-3	0.0532	0	0	0	8344.9933	0	0	
demographic.indicators144	3.012E-3	0.0548	0	0	0	4685.111	0	0	
demographic.indicators145	1.8427E-3	0.0429	0	0	0	5571.8809	0	0	
demographic.indicators146	4.012E-3	0.0632	0	0	0	2712.2625	0	0	
demographic.indicators147	3.732E-3	0.061	0	0	0	1953.0322	0	0	
demographic.indicators148	7.272E-3	0.085	0	0	0	1048.234	0	0	
demographic.indicators149	3.2747E-3	0.0571	0	0	0	3523.6208	0	0	
demographic.indicators150	4.4653E-3	0.0667	0	0	0	2146.6915	0	0	
demographic.indicators151	1.584E-3	0.0398	0	0	0	7011.0402	0	0	
demographic.indicators152	3.928E-3	0.0626	0	0	0	3394.9985	0	0	
demographic.indicators153	2.9693E-3	0.0544	0	0	0	5415.4293	0	0	
demographic.indicators154	2.9573E-3	0.0543	0	0	0	3503.1411	0	0	
demographic.indicators155	3.7147E-3	0.0608	0	0	0	3113.0734	0	0	
demographic.indicators156	2.1613E-3	0.0464	0	0	0	6951.2488	0	0	
demographic.indicators157	4.696E-3	0.0684	0	0	0	2361.193	0	0	
demographic.indicators158	1.6547E-3	0.0406	0	0	0	14572.9282	0	0	
demographic.indicators159	2.0493E-3	0.0452	0	0	0	6070.52	0	0	
demographic.indicators160	2.9987E-3	0.0547	0	0	0	8039.2582	0	0	
demographic.indicators161	2.4053E-3	0.049	0	0	0	6324.108	0	0	
demographic.indicators162	3.2667E-3	0.0571	0	0	0	3002.376	0	0	
demographic.indicators163	2.7493E-3	0.0524	0	0	0	11479.2054	0	0	
demographic.indicators164	3.904E-3	0.0624	0	0	0	2290.2367	0	0	
demographic.indicators165	3.0093E-3	0.0548	0	0	0	7172.695	0	0	
demographic.indicators166	2.4693E-3	0.0496	0	0	0	3295.3832	0	0	
demographic.indicators167	4.3987E-3	0.0662	0	0	0	3285.2982	0	0	
demographic.indicators168	3.4187E-3	0.0584	0	0	0	5460.7108	0	0	
demographic.indicators169	5.6987E-3	0.0753	0	0	0	2082.4661	0	0	
demographic.indicators170	3.3067E-3	0.0574	0	0	0	5933.2579	0	0	
demographic.indicators171	4.052E-3	0.0635	0	0	0	5521.2986	0	0	
demographic.indicators172	2.3533E-3	0.0485	0	0	0	7629.3065	0	0	
demographic.indicators173	3.0667E-3	0.0553	0	0	0	4286.6605	0	0	
demographic.indicators174	3.7027E-3	0.0607	0	0	0	1814.5887	0	0	
demographic.indicators175	3.792E-3	0.0615	0	0	0	6714.062	0	0	
demographic.indicators176	3.8133E-3	0.0616	0	0	0	6602.6729	0	0	
demographic.indicators177	2.3613E-3	0.0485	0	0	0	15099.5092	0	0	
demographic.indicators178	3.88E-3	0.0622	0	0	0	6132.5264	0	0	
demographic.indicators179	2.836E-3	0.0532	0	0	0	13590.959	0	0	
demographic.indicators180	3.348E-3	0.0578	0	0	0	8907.0921	0	0	
demographic.indicators181	2.8933E-3	0.0537	0	0	0	10899.1621	0	0	
demographic.indicators182	4.7307E-3	0.0686	0	0	0	3588.9456	0	0	
demographic.indicators183	3.1213E-3	0.0558	0	0	0	17525.5813	0	0	
demographic.indicators184	4.5853E-3	0.0676	0	0	0	5511.4222	0	0	
demographic.indicators185	4.484E-3	0.0668	0	0	0	6462.9802	0	0	
demographic.indicators186	5.3267E-3	0.0728	0	0	0	2825.3538	0	0	
demographic.indicators187	3.1253E-3	0.0558	0	0	0	28008.0176	0	0	
demographic.indicators188	4.8133E-3	0.0692	0	0	0	10299.2855	0	0	
demographic.indicators189	4.5147E-3	0.067	0	0	0	17222.8579	0	0	
demographic.indicators190	7.9733E-3	0.0889	0	0	0	3089.6454	0	0	
demographic.indicators191	6.9453E-3	0.083	0	0	0	6671.0795	0	0	
demographic.indicators192	6.3227E-3	0.0793	0	0	0	8888.9234	0	0	
demographic.indicators193	8.6653E-3	0.0927	0	0	0	4792.4103	0	0	
demographic.indicators194	9.7947E-3	0.0985	0	0	0	6065.1378	0	0	
demographic.indicators195	0.0115	0.1064	0	0	0	6204.3061	0	0	
demographic.indicators196	0.0166	0.1278	0	0	0	3321.6319	0	0	
demographic.indicators197	0.0252	0.1567	0	0	0	2236.341	0	0	
demographic.indicators198	0.0388	0.1931	0	0	0	1562.2955	0	0	
demographic.indicators199	0.0545	0.227	0	0	1	1462.1795	0	0	
kappa	2.5461	0.1604	2.5415	2.2393	2.8636	21714.2188	2.4291	2.6447	
frequencies1	0.2853	9.8644E-3	0.2853	0.266	0.3048	13416.6447	0.2787	0.292	
frequencies2	0.1986	8.467E-3	0.1986	0.1822	0.2155	12617.1614	0.1931	0.2044	
frequencies3	0.2015	8.4776E-3	0.2014	0.1849	0.2185	14530.9713	0.1956	0.2068	
frequencies4	0.3146	0.0104	0.3146	0.2938	0.3344	12268.7895	0.3072	0.3212	
alpha	0.5375	0.0425	0.5358	0.4537	0.6196	29913.5044	0.5067	0.5636	
default.ucld.mean	1.0525E-3	2.6914E-4	1.0215E-3	5.4986E-4	1.5652E-3	247.5151	8.2496E-4	1.1458E-3	
default.ucld.stdev	3.6324E-3	1.8171E-3	3.2175E-3	1.0954E-3	7.163E-3	301.0926	1.9135E-3	3.6201E-3	
host_groups.ucld.mean	7.8755E-3	1.9244E-3	7.6853E-3	4.3956E-3	0.0117	526.7354	6.1748E-3	8.6561E-3	
host_groups.ucld.stdev	0.0103	0.01	7.7453E-3	2.1142E-7	0.0286	679.1402	1.835E-7	7.7453E-3	
default.meanRate	8.495E-4	1.452E-4	8.4479E-4	5.661E-4	1.1348E-3	246.0699	7.4827E-4	9.4443E-4	
default.coefficientOfVariation	2.5517	0.4839	2.4939	1.6916	3.5167	344.3399	2.0971	2.7119	
default.covariance	0.014	0.0485	4.9761E-3	-0.064	0.1115	1206.9331	-0.0296	0.0207	
host_groups.meanRate	8.3331E-3	2.4164E-3	8.0022E-3	4.2182E-3	0.0131	577.1779	6.1462E-3	8.9913E-3	
host_groups.coefficientOfVariation	1.1391	0.8109	1.0069	4.8599E-6	2.6781	572.3811	1.663E-4	1.007	
host_groups.covariance	-0.0011	0.0492	-0.0055	-0.0923	0.0993	12904.1235	-0.0427	0.0193	
host_groups.rates.Amaranthaceae.Brassicaceae	0.8386	0.7594	0.6384	4.8043E-5	2.2761	9467.1417	0.0589	0.6921	
host_groups.rates.Amaranthaceae.Fabaceae	1.8627	0.9588	1.7021	0.2778	3.7647	3723.7295	0.9006	2.0295	
host_groups.rates.Amaranthaceae.Poaceae	1.2446	0.7432	1.099	0.0879	2.7217	3972.8219	0.497	1.3222	
host_groups.rates.Amaranthaceae.Solanaceae	0.8674	0.917	0.5717	7.241E-5	2.7055	9475.6578	1.1709E-4	0.5717	
host_groups.rates.Brassicaceae.Fabaceae	0.8497	0.8603	0.5915	6.1915E-5	2.5373	10090.7516	6.1025E-5	0.5915	
host_groups.rates.Brassicaceae.Poaceae	1.1382	0.7345	0.979	0.0664	2.5861	5461.7965	0.359	1.144	
host_groups.rates.Brassicaceae.Solanaceae	1.2607	0.8386	1.0973	6.0948E-3	2.8567	3941.7106	0.3777	1.3195	
host_groups.rates.Fabaceae.Poaceae	1.1671	0.7418	1.0222	4.6089E-4	2.5686	3315.2385	0.3922	1.2129	
host_groups.rates.Fabaceae.Solanaceae	0.8513	0.8597	0.594	2.3183E-4	2.5341	9767.2268	6.729E-4	0.5943	
host_groups.rates.Poaceae.Solanaceae	0.9706	0.7742	0.7959	1.6403E-4	2.4374	8131.9134	0.1333	0.9156	
host_groups.rates.Brassicaceae.Amaranthaceae	0.8359	0.9248	0.5264	5.5558E-5	2.6994	8923.2056	6.3614E-5	0.5264	
host_groups.rates.Fabaceae.Amaranthaceae	0.8118	0.8468	0.5548	5.911E-5	2.4773	8558.283	9.1446E-5	0.5549	
host_groups.rates.Poaceae.Amaranthaceae	0.8308	0.9045	0.5363	5.9152E-5	2.6471	8439.5835	6.9044E-5	0.5363	
host_groups.rates.Solanaceae.Amaranthaceae	0.7485	0.8675	0.456	5.3769E-6	2.4751	7489.9268	8.3065E-6	0.456	
host_groups.rates.Fabaceae.Brassicaceae	0.9765	0.7714	0.8073	1.7143E-6	2.4105	5087.254	0.1817	0.9633	
host_groups.rates.Poaceae.Brassicaceae	0.9501	0.8046	0.7467	9.6677E-5	2.489	4582.0533	0.0661	0.8027	
host_groups.rates.Solanaceae.Brassicaceae	0.9049	0.8761	0.6575	2.0261E-5	2.6116	8715.3488	2.3349E-5	0.6575	
host_groups.rates.Poaceae.Fabaceae	1.0583	0.8997	0.8339	7.7532E-4	2.7935	4330.7494	6.1192E-3	0.8382	
host_groups.rates.Solanaceae.Fabaceae	0.8367	0.8259	0.5974	1.8875E-4	2.4351	9188.5246	4.8687E-4	0.5976	
host_groups.rates.Solanaceae.Poaceae	0.8452	0.904	0.55	1.8639E-5	2.6558	9079.165	1.8639E-5	0.55	
host_groups.indicators.Amaranthaceae.Brassicaceae	0.6106	0.4876	1	0	1	1012.197	1	1	
host_groups.indicators.Amaranthaceae.Fabaceae	0.9951	0.0698	1	1	1	3856.578	1	1	
host_groups.indicators.Amaranthaceae.Poaceae	0.9731	0.1617	1	1	1	2108.6432	1	1	
host_groups.indicators.Amaranthaceae.Solanaceae	0.238	0.4259	0	0	1	2747.2719	0	0	
host_groups.indicators.Brassicaceae.Fabaceae	0.3993	0.4898	0	0	1	3276.3281	0	0	
host_groups.indicators.Brassicaceae.Poaceae	0.9852	0.1206	1	1	1	1639.1619	1	1	
host_groups.indicators.Brassicaceae.Solanaceae	0.9045	0.294	1	0	1	610.1347	1	1	
host_groups.indicators.Fabaceae.Poaceae	0.9442	0.2294	1	0	1	2390.9357	1	1	
host_groups.indicators.Fabaceae.Solanaceae	0.3982	0.4895	0	0	1	1658.905	0	0	
host_groups.indicators.Poaceae.Solanaceae	0.7078	0.4548	1	0	1	1053.5662	1	1	
host_groups.indicators.Brassicaceae.Amaranthaceae	0.2601	0.4387	0	0	1	10946.0737	0	0	
host_groups.indicators.Fabaceae.Amaranthaceae	0.4097	0.4918	0	0	1	2080.5382	0	0	
host_groups.indicators.Poaceae.Amaranthaceae	0.3151	0.4646	0	0	1	7812.1384	0	0	
host_groups.indicators.Solanaceae.Amaranthaceae	0.3861	0.4869	0	0	1	5740.5363	0	0	
host_groups.indicators.Fabaceae.Brassicaceae	0.7059	0.4556	1	0	1	624.2522	1	1	
host_groups.indicators.Poaceae.Brassicaceae	0.7147	0.4516	1	0	1	1286.6512	1	1	
host_groups.indicators.Solanaceae.Brassicaceae	0.4272	0.4947	0	0	1	1876.7837	0	0	
host_groups.indicators.Poaceae.Fabaceae	0.6086	0.4881	1	0	1	994.2737	1	1	
host_groups.indicators.Solanaceae.Fabaceae	0.5038	0.5	1	0	1	1990.9462	1	1	
host_groups.indicators.Solanaceae.Poaceae	0.2863	0.452	0	0	1	4677.1096	0	0	
host_groups.nonZeroRates	11.7736	1.6721	12	9	15	2565.3228	10	12	
default.treeLikelihood	-7947.977	13.1865	-7947.7193	-7974.1811	-7922.6853	1223.3999	-7956.5351	-7938.7482	
default.branchRates	-2382.6079	0	0	0	0	NaN	0	0	
host_groups.branchRates	-2382.6079	0	0	0	0	NaN	0	0	
c_host_groups.count[1]	42.6719	4.6973	42	34	51	1422.1799	38	43	
c_allTransitions[1]	42.6731	4.6997	42	34	51	1422.4745	38	43	
coalescent	-1201.6252	37.3964	-1199.6809	-1274.9824	-1130.3037	227.5083	-1225.3641	-1174.2833	

