burnIn   <= 25000000,   maxState  = 100000000
statistic	mean	stdErr	median	hpdLower	hpdUpper	ESS	50hpdLower	50hpdUpper
joint	-15047.1284	162.1225	-15036.269	-15356.0579	-14741.5896	232.1493	-15134.5463	-14912.4661	
prior	-7030.7444	161.4067	-7021.4162	-7334.7832	-6727.2658	231.1661	-7106.5745	-6884.3706	
likelihood	-8016.384	18.6008	-8015.6482	-8054.3942	-7980.6775	496.7462	-8026.8112	-8002.4574	
treeModel.rootHeight	138.9282	45.8742	129.7751	65.1233	229.5785	266.3093	93.4945	144.6336	
age(root)	1882.0718	45.8742	1891.2249	1791.4215	1955.8767	266.3093	1876.3664	1927.5055	
treeLength	1919.9615	364.3816	1857.0197	1282.447	2682.1375	211.9813	1601.7226	2008.0492	
tmrca(ingroup)	138.9282	45.8742	129.7751	65.1233	229.5785	266.3093	93.4945	144.6336	
age(ingroup)	1882.0718	45.8742	1891.2249	1791.4215	1955.8767	266.3093	1876.3664	1927.5055	
demographic.populationSizeChanges	2.902	0.7268	3	2	4	482.782	3	3	
demographic.populationMean	113.759	128.4259	80.6592	14.2253	281.8471	235.3879	27.8621	87.736	
demographic.popSize1	62.8791	58.2347	50.4608	0.1491	159.8295	300.1075	10.3169	58.1465	
demographic.popSize2	111.7028	198.8253	53.7249	7.9102E-3	403.1948	652.4263	9.0164E-3	53.7249	
demographic.popSize3	113.7923	203.5766	54.1727	2.5908E-3	400.4811	632.7119	3.1102E-3	54.1727	
demographic.popSize4	110.6614	211.3345	51.4611	1.5991E-3	390.6168	606.7157	1.6466E-4	51.4611	
demographic.popSize5	113.8136	211.8883	54.9449	9.1317E-5	400.8382	598.9518	9.1317E-5	54.9449	
demographic.popSize6	113.5586	210.3974	53.3807	2.3675E-3	389.9606	630.3224	5.162E-3	53.3807	
demographic.popSize7	112.4587	226.5416	52.8834	5.0602E-4	391.1928	650.9399	5.0602E-4	52.8834	
demographic.popSize8	109.2432	197.6947	51.9311	0.0349	378.732	608.1834	0.045	51.9416	
demographic.popSize9	107.5041	205.347	47.6562	5.8431E-4	397.8214	587.4849	5.8431E-4	47.6562	
demographic.popSize10	115.0705	219.1423	53.6686	8.5048E-3	406.039	574.8637	0.0332	53.6896	
demographic.popSize11	112.6144	205.317	54.3609	2.2542E-3	400.6544	590.5611	0.0139	54.3613	
demographic.popSize12	115.1445	230.2278	52.4639	3.7105E-3	405.1078	552.5643	0.0229	52.4804	
demographic.popSize13	114.4475	208.7782	55.1699	0.0116	396.7482	626.066	0.0116	55.1699	
demographic.popSize14	106.918	189.0279	49.5616	8.3095E-3	396.6426	574.7408	0.0125	49.5621	
demographic.popSize15	104.4063	226.9425	46.2361	4.489E-3	372.9188	554.341	4.8784E-3	46.2361	
demographic.popSize16	111.2871	213.7674	51.7533	5.1521E-4	396.1874	577.0342	5.1521E-4	51.7533	
demographic.popSize17	108.1117	209.2209	48.9048	0.0134	385.9272	632.5524	0.0139	48.9048	
demographic.popSize18	113.7865	202.4419	54.5841	2.4609E-3	402.2235	639.615	0.0129	54.5883	
demographic.popSize19	111.6562	203.0052	52.6349	3.7634E-3	397.1199	606.5031	5.7193E-3	52.6349	
demographic.popSize20	80.7655	142.6763	32.3004	6.9516E-3	330.7643	638.9568	0.0439	32.3345	
demographic.popSize21	98.4191	213.0355	39.921	9.5007E-3	368.2557	606.8407	0.0216	39.939	
demographic.popSize22	104.6899	203.8955	44.6331	2.9404E-5	385.7828	557.4413	2.9404E-5	44.6331	
demographic.popSize23	107.3403	208.1462	47.5727	1.532E-3	391.0093	615.1276	1.532E-3	47.5727	
demographic.popSize24	116.7241	229.1697	54.0688	3.8065E-3	405.8557	591.919	3.8065E-3	54.0688	
demographic.popSize25	114.301	222.9542	54.2785	5.3279E-4	405.1177	591.384	5.3279E-4	54.2785	
demographic.popSize26	107.2767	217.7824	50.1785	3.5181E-3	372.8692	635.8794	3.5181E-3	50.1785	
demographic.popSize27	113.1658	200.8641	55.0927	0.0102	399.733	649.7215	5.1881E-4	55.0927	
demographic.popSize28	112.7912	209.7315	54.7979	2.8402E-3	391.1044	546.4189	4.3655E-3	54.7979	
demographic.popSize29	116.7395	232.5831	54.9293	0.0222	412.7017	632.9904	0.0222	54.9293	
demographic.popSize30	113.3735	207.8759	54.5313	2.3179E-3	407.5753	648.7339	0.0116	54.5313	
demographic.popSize31	112.2492	200.3312	54.0144	7.1727E-4	395.5823	700.4269	6.0855E-3	54.0144	
demographic.popSize32	111.8015	196.4879	55.4181	5.04E-3	401.7844	596.6837	5.04E-3	55.4181	
demographic.popSize33	111.5817	195.0035	53.6141	7.8951E-3	401.3385	632.8416	2.0724E-3	53.6141	
demographic.popSize34	115.7073	213.6572	55.1278	7.0942E-4	411.38	574.335	7.0942E-4	55.1278	
demographic.popSize35	115.436	211.8972	55.8497	3.1313E-3	401.9039	699.7915	3.1313E-3	55.8497	
demographic.popSize36	113.7702	213.6602	53.7697	6.6186E-3	396.6305	574.9747	0.0151	53.7697	
demographic.popSize37	115.7104	238.2034	53.9351	4.8305E-3	398.3125	648.7157	4.8305E-3	53.9351	
demographic.popSize38	113.7326	215.1755	53.2029	1.7342E-3	402.4799	614.7988	0.0134	53.2092	
demographic.popSize39	113.5693	197.6178	56.5778	6.7172E-4	399.9601	682.8749	6.7172E-4	56.5778	
demographic.popSize40	113.4056	199.6526	56.27	0.0204	388.1224	606.0503	0.0159	56.27	
demographic.popSize41	114.8208	214.4844	55.8297	4.1177E-4	393.7894	630.0686	4.1177E-4	55.8297	
demographic.popSize42	112.2734	204.363	54.4916	3.4139E-3	399.3798	640.7597	0.014	54.4916	
demographic.popSize43	112.487	200.7218	53.5691	3.3798E-3	397.0852	610.2688	1.8482E-4	53.5691	
demographic.popSize44	112.9301	205.6472	54.2336	1.3804E-3	388.2687	644.8171	9.5737E-3	54.2336	
demographic.popSize45	112.8015	203.1946	55.1892	9.9E-4	388.5539	648.5311	0.0128	55.1892	
demographic.popSize46	114.105	220.9053	54.6273	4.3502E-3	400.0065	640.255	9.7208E-3	54.6273	
demographic.popSize47	112.4459	228.4782	53.7717	3.4024E-4	378.187	603.8946	3.4024E-4	53.7717	
demographic.popSize48	112.6193	188.5502	55.9096	5.1942E-3	399.4881	645.6241	5.1942E-3	55.9096	
demographic.popSize49	113.0247	195.1635	54.7779	9.9701E-3	393.6725	655.9712	9.9701E-3	54.7819	
demographic.popSize50	113.2101	209.5348	54.5514	2.7339E-4	393.6485	627.6536	1.9425E-3	54.5514	
demographic.popSize51	116.6379	226.3474	53.6948	9.3387E-4	412.7599	543.2989	9.3387E-4	53.6948	
demographic.popSize52	114.7804	230.0895	54.1989	0.0134	396.5736	607.0833	0.0134	54.1989	
demographic.popSize53	112.8141	199.4298	57.7258	8.2852E-4	380.4556	680.1433	9.3402E-3	57.7258	
demographic.popSize54	115.1367	230.8508	55.2352	4.917E-3	403.8697	633.0496	4.917E-3	55.2352	
demographic.popSize55	113.0589	196.4389	54.9435	1.3028E-3	415.1378	660.363	1.3028E-3	54.9435	
demographic.popSize56	113.1133	205.7018	56.2559	0.0119	395.9213	684.9563	0.0209	56.2625	
demographic.popSize57	114.7074	200.6964	56.508	4.7857E-3	414.9534	709.3903	4.7857E-3	56.508	
demographic.popSize58	112.4618	195.5831	56.0293	6.3942E-3	388.1138	621.907	1.2812E-3	56.0293	
demographic.popSize59	113.9642	213.1313	55.0183	3.2585E-3	400.8813	600.8024	0.1112	55.1215	
demographic.popSize60	114.6254	218.3497	56.2216	0.0245	400.27	616.7993	0.0245	56.2216	
demographic.popSize61	115.1991	204.5525	55.7049	5.7882E-3	414.087	634.7165	5.7882E-3	55.7049	
demographic.popSize62	115.8531	224.3824	56.2482	9.3271E-3	400.994	606.6793	0.0351	56.269	
demographic.popSize63	112.7308	220.98	54.4119	1.2445E-3	387.9487	624.7166	0.0235	54.4255	
demographic.popSize64	112.6571	206.9777	56.7838	4.1683E-3	385.4566	644.2702	0.0128	56.7901	
demographic.popSize65	115.7206	200.2399	56.1495	1.3747E-3	402.5243	642.6888	6.5277E-3	56.1495	
demographic.popSize66	116.3147	218.6304	55.6889	4.7115E-3	399.5739	591.713	4.7115E-3	55.6889	
demographic.popSize67	111.157	194.5592	55.4171	6.0222E-3	381.3562	590.037	6.0222E-3	55.4171	
demographic.popSize68	114.4569	219.8459	54.8544	4.9012E-3	401.0227	615.9643	0.0468	54.8726	
demographic.popSize69	113.0438	196.5994	55.1309	0.0225	397.9825	632.5878	2.7127E-3	55.1309	
demographic.popSize70	114.2239	209.725	55.8533	1.0373E-3	397.4098	680.907	1.0373E-3	55.8533	
demographic.popSize71	117.7103	249.8762	56.1953	0.0324	398.8367	549.9042	0.0561	56.2007	
demographic.popSize72	113.201	204.6236	55.9327	3.1712E-3	391.0515	598.3516	3.1712E-3	55.9327	
demographic.popSize73	112.5069	212.9536	55.7821	2.5876E-3	385.4359	653.2179	0.0112	55.7821	
demographic.popSize74	115.3355	225.3739	54.7258	5.8545E-4	387.6122	630.3001	0.0268	54.744	
demographic.popSize75	114.8884	206.9315	54.9711	6.9255E-3	406.6334	573.5477	6.9255E-3	54.9711	
demographic.popSize76	115.4835	243.7204	55.8256	4.0909E-3	394.0226	630.8122	0.0378	55.8343	
demographic.popSize77	112.67	198.7801	55.8727	5.6751E-3	395.438	666.3956	5.6751E-3	55.8727	
demographic.popSize78	116.1734	216.1184	54.6295	9.1135E-3	409.2833	514.8233	0.0924	54.6791	
demographic.popSize79	114.5881	224.9501	55.2272	1.2028E-3	399.0395	704.0517	4.8308E-3	55.2272	
demographic.popSize80	115.0227	214.2965	55.6046	0.0103	403.9387	641.0747	0.0495	55.6346	
demographic.popSize81	112.4067	193.9133	55.7752	5.9358E-3	385.6968	671.8189	6.8159E-3	55.7752	
demographic.popSize82	114.6457	213.0202	54.6257	8.3161E-3	397.35	601.1141	0.0143	54.6279	
demographic.popSize83	114.7099	209.0811	55.2338	3.9649E-3	402.8534	617.9176	3.9649E-3	55.2338	
demographic.popSize84	117.1076	238.2271	57.4363	4.5255E-3	395.6648	598.4428	4.5255E-3	57.4363	
demographic.popSize85	115.0309	216.8238	56.176	5.9737E-3	404.1047	581.5223	6.0927E-4	56.176	
demographic.popSize86	116.1927	230.4192	55.3783	1.089E-3	399.6761	725.5679	1.089E-3	55.3783	
demographic.popSize87	114.12	212.7466	55.2298	0.0193	394.8395	638.7261	0.0193	55.2323	
demographic.popSize88	115.1366	211.7257	56.4346	3.3997E-4	412.5122	652.6793	3.7712E-3	56.4362	
demographic.popSize89	114.377	209.8625	55.1878	2.8931E-3	396.6908	628.5175	6.7413E-3	55.1878	
demographic.popSize90	115.4239	232.7598	56.1535	1.6691E-3	395.4432	578.213	1.6691E-3	56.1535	
demographic.popSize91	115.9447	212.7322	55.4835	8.627E-3	402.9587	646.5976	0.0159	55.4835	
demographic.popSize92	116.6536	230.4462	54.7025	2.1786E-4	408.0699	595.0359	2.1786E-4	54.7025	
demographic.popSize93	114.4495	206.8205	56.4078	3.6851E-3	394.0038	664.1787	8.2414E-3	56.4078	
demographic.popSize94	113.6183	209.7054	56.1984	3.4893E-3	389.9113	751.1568	3.4893E-3	56.1984	
demographic.popSize95	114.1371	206.5304	55.9906	7.1917E-4	401.3851	664.9914	7.1917E-4	55.9906	
demographic.popSize96	116.433	234.2191	55.3753	0.0164	392.9855	574.2028	4.8009E-3	55.3753	
demographic.popSize97	114.0885	199.5689	54.9875	5.9346E-3	394.4794	667.1399	3.8259E-3	54.9875	
demographic.popSize98	116.0491	224.6626	54.398	1.5212E-3	409.8726	662.692	1.5212E-3	54.398	
demographic.popSize99	112.9565	194.3263	54.5097	9.9376E-3	399.9438	591.4272	0.0819	54.5415	
demographic.popSize100	116.0405	224.0148	54.9025	9.4602E-3	396.857	578.0219	9.4602E-3	54.9025	
demographic.popSize101	114.8297	216.9743	55.7486	2.2525E-3	389.6547	628.9561	0.0211	55.7624	
demographic.popSize102	113.2896	199.6034	56.0101	3.1414E-3	393.4507	693.511	3.8254E-3	56.0101	
demographic.popSize103	119.1553	227.7857	55.9931	2.9654E-3	417.1315	624.145	0.0184	56.0057	
demographic.popSize104	113.7112	197.3373	56.4006	0.0175	397.0958	584.8167	3.2796E-3	56.4006	
demographic.popSize105	116.7116	217.2965	55.8824	7.9177E-3	393.1963	611.407	0.0342	55.8964	
demographic.popSize106	117.6719	238.7456	55.708	8.5615E-3	408.3631	575.6122	8.5615E-3	55.708	
demographic.popSize107	114.177	224.9614	56.0168	0.0218	373.2782	676.5869	0.0218	56.0168	
demographic.popSize108	116.8029	229.4935	55.7984	3.7248E-3	396.0021	592.2449	0.0235	55.8049	
demographic.popSize109	117.2102	233.7969	54.8007	1.6914E-3	396.2959	628.3793	8.2618E-3	54.8019	
demographic.popSize110	116.6737	210.369	56.1726	4.7756E-3	402.599	661.4101	0.0361	56.1788	
demographic.popSize111	113.9929	226.1006	54.2709	5.7796E-3	392.2608	636.8232	5.7796E-3	54.2709	
demographic.popSize112	114.0501	214.4648	56.8417	4.621E-4	388.1576	683.1337	3.7715E-3	56.8417	
demographic.popSize113	113.7289	222.619	54.5924	8.9627E-4	397.5501	619.0259	0.0133	54.5951	
demographic.popSize114	117.6243	225.9563	56.4894	8.9837E-3	404.8975	640.643	8.9837E-3	56.4894	
demographic.popSize115	114.4656	212.9119	53.9912	8.266E-3	399.9978	608.8643	0.0269	53.9981	
demographic.popSize116	114.2354	217.3543	55.681	5.305E-4	392.3601	576.7597	0.0153	55.6902	
demographic.popSize117	112.2603	200.8265	53.5402	5.6362E-4	385.9839	592.6005	1.7277E-3	53.5402	
demographic.popSize118	115.0164	234.0599	54.6065	5.2298E-3	396.6378	598.0296	8.2443E-3	54.6065	
demographic.popSize119	111.0977	199.0372	54.4687	1.3875E-3	382.0815	660.8888	0.094	54.4687	
demographic.popSize120	112.4333	207.469	55.3576	1.3553E-3	389.7885	651.7237	4.1439E-3	55.3576	
demographic.popSize121	113.0519	212.9222	54.2558	3.3409E-3	394.0032	627.7726	0.0224	54.261	
demographic.popSize122	115.5734	220.9432	55.8053	0.0106	405.7559	557.9076	0.1327	55.8053	
demographic.popSize123	112.6807	207.0192	54.9317	2.7741E-3	390.6852	589.9929	0.0207	54.9419	
demographic.popSize124	114.2302	218.7506	55.0089	7.247E-3	392.8047	610.6667	0.0738	55.0089	
demographic.popSize125	113.069	211.9431	54.9224	3.4365E-3	389.0168	776.8562	3.4365E-3	54.9242	
demographic.popSize126	112.9952	217.344	54.8342	8.1118E-3	390.7194	597.8375	8.1118E-3	54.8345	
demographic.popSize127	113.9643	218.8305	55.7742	1.5097E-3	397.1136	603.2314	1.5097E-3	55.7742	
demographic.popSize128	114.6829	226.4343	53.6963	3.1432E-3	402.9436	629.8902	2.6751E-3	53.6963	
demographic.popSize129	115.1525	219.8567	55.2343	1.1885E-3	408.4972	569.8482	1.1885E-3	55.2343	
demographic.popSize130	114.1255	206.4405	55.432	0.0115	401.9925	625.3327	0.0394	55.4394	
demographic.popSize131	113.5388	208.2912	54.2457	0.0149	396.2783	662.0799	0.017	54.2457	
demographic.popSize132	112.6069	199.5461	55.9515	5.006E-3	395.1138	670.2997	1.2949E-3	55.9515	
demographic.popSize133	112.2638	192.6987	56.169	2.9476E-3	388.4796	657.1061	0.0205	56.169	
demographic.popSize134	112.3031	208.2916	55.1587	1.1885E-3	389.9479	624.9907	0.0126	55.1593	
demographic.popSize135	109.9254	195.5587	53.8596	8.4679E-4	382.0312	631.8674	0.0631	53.9033	
demographic.popSize136	113.1043	198.4069	54.1919	0.0161	403.9244	642.7756	0.0141	54.1919	
demographic.popSize137	113.0111	216.3256	54.414	7.5871E-4	396.4955	598.0591	7.5871E-4	54.414	
demographic.popSize138	110.8982	225.7826	53.2083	5.586E-3	385.747	705.4555	5.586E-3	53.2083	
demographic.popSize139	112.9323	215.6581	54.5654	3.1966E-3	396.9687	740.0374	0.0157	54.5707	
demographic.popSize140	111.4064	205.2442	53.8009	9.8901E-4	394.3318	702.6027	0.0182	53.8009	
demographic.popSize141	113.557	203.4406	54.7341	0.0212	396.5948	644.6045	0.0215	54.7364	
demographic.popSize142	112.716	218.1592	53.5513	5.6185E-3	398.7543	552.3563	6.715E-3	53.5513	
demographic.popSize143	113.8111	205.9716	54.5382	6.9817E-4	399.1616	621.8207	6.9817E-4	54.5382	
demographic.popSize144	114.9532	221.1314	55.5122	1.0619E-3	392.1242	564.5389	9.0317E-3	55.5122	
demographic.popSize145	115.3867	235.6153	54.7567	2.6048E-3	399.1182	590.6362	2.6048E-3	54.7567	
demographic.popSize146	114.5589	204.7208	54.9046	1.5678E-3	398.9155	584.8549	1.5678E-3	54.9046	
demographic.popSize147	112.8682	208.8337	55.6264	1.9259E-3	391.3138	620.8884	3.3164E-3	55.6264	
demographic.popSize148	113.7888	219.9967	52.9494	0.0176	400.8288	645.3793	9.8026E-3	52.9494	
demographic.popSize149	113.1182	210.5843	53.3568	1.3161E-3	393.6827	588.0481	3.4775E-3	53.3568	
demographic.popSize150	114.3905	235.5999	54.5967	7.6451E-3	398.7359	594.6682	7.6451E-3	54.5967	
demographic.popSize151	111.0338	205.368	53.7966	5.1295E-3	398.6069	621.2037	0.0336	53.8223	
demographic.popSize152	112.4021	208.8636	54.0612	4.1582E-3	385.5368	549.1683	4.1582E-3	54.0612	
demographic.popSize153	112.3009	212.7879	55.0164	0.0118	387.0801	674.5904	0.0118	55.0164	
demographic.popSize154	112.7057	205.8538	55.2913	4.1049E-3	392.6184	647.193	3.4605E-3	55.2913	
demographic.popSize155	112.6189	189.547	55.7021	8.2139E-3	396.9993	685.8286	8.2139E-3	55.7039	
demographic.popSize156	114.5263	216.9403	55.1869	1.2372E-3	394.4474	569.3125	0.0172	55.2023	
demographic.popSize157	113.3889	225.6434	53.4429	5.7707E-3	395.289	655.1331	7.299E-3	53.4429	
demographic.popSize158	115.7875	223.9427	55.2849	3.1945E-4	410.2245	602.1014	3.1945E-4	55.2849	
demographic.popSize159	112.552	222.0727	54.4813	0.0135	394.8683	752.534	0.0135	54.4813	
demographic.popSize160	110.6927	198.6949	54.0708	1.0194E-3	378.0348	644.0713	1.0194E-3	54.0708	
demographic.popSize161	113.5419	209.1478	54.6582	0.0106	397.8189	636.7788	0.0131	54.6582	
demographic.popSize162	110.2082	196.9437	53.3905	6.7312E-3	385.1787	598.2954	6.7312E-3	53.3905	
demographic.popSize163	114.6518	220.4234	54.5656	1.6123E-3	405.8033	609.2349	9.6628E-3	54.5704	
demographic.popSize164	114.5018	231.531	55.6699	0.0182	401.7014	725.6911	0.0118	55.671	
demographic.popSize165	111.9263	201.1139	54.0004	1.1938E-3	396.535	701.8842	4.729E-4	54.0004	
demographic.popSize166	113.127	194.5547	55.3523	2.656E-3	405.5049	700.3691	2.656E-3	55.3523	
demographic.popSize167	114.9053	212.9614	54.7142	7.3029E-3	402.3706	582.8983	1.7879E-4	54.7142	
demographic.popSize168	112.5364	209.3935	54.0923	5.7277E-3	380.8593	584.671	0.0332	54.1076	
demographic.popSize169	115.8744	219.0836	55.6652	2.1014E-3	399.4192	599.416	8.5971E-3	55.6652	
demographic.popSize170	113.4907	200.4513	54.4894	0.0103	395.6486	696.4325	0.0103	54.4894	
demographic.popSize171	111.1269	193.7077	53.5786	3.24E-3	398.5727	608.281	5.5944E-3	53.5786	
demographic.popSize172	114.4035	207.7023	54.2712	4.9784E-3	409.8447	630.732	4.9784E-3	54.2712	
demographic.popSize173	113.5956	209.3954	53.9753	9.1118E-3	410.7984	557.0959	0.2053	54.148	
demographic.popSize174	115.9233	233.9377	55.9821	8.9234E-3	389.6661	631.9052	5.5371E-5	55.9821	
demographic.popSize175	116.4427	224.8843	55.2518	0.0115	412.644	551.8744	0.0143	55.2546	
demographic.popSize176	113.4944	218.9355	54.8899	2.6556E-3	391.8424	615.6478	0.0245	54.8981	
demographic.popSize177	114.8305	203.1052	55.1781	8.1301E-3	406.5148	610.5416	8.1301E-3	55.1781	
demographic.popSize178	114.2021	215.1707	54.3579	1.4976E-3	404.1619	661.3212	1.4384E-3	54.3579	
demographic.popSize179	115.5658	221.1734	55.9082	8.3258E-3	394.8065	628.5047	7.617E-3	55.9082	
demographic.popSize180	114.0233	202.6787	54.4775	8.3547E-3	407.3928	592.6581	0.0295	54.4907	
demographic.popSize181	112.0378	221.2502	54.4273	6.6212E-3	379.5994	765.609	0.0373	54.4561	
demographic.popSize182	114.3856	222.8801	53.7026	5.636E-3	395.8897	652.245	5.636E-3	53.7026	
demographic.popSize183	113.915	208.0237	54.1398	2.7721E-3	396.6551	554.1723	0.0181	54.1528	
demographic.popSize184	114.8413	234.7153	54.619	4.2892E-3	407.1112	663.843	4.2892E-3	54.619	
demographic.popSize185	113.563	218.2267	56.412	6.5204E-3	382.9223	616.7021	2.088E-3	56.412	
demographic.popSize186	112.3717	225.709	53.7627	6.0704E-4	387.4344	685.2046	6.0704E-4	53.7627	
demographic.popSize187	116.132	273.7738	54.5826	4.4295E-3	408.3827	701.4617	0.0189	54.5892	
demographic.popSize188	114.579	219.4873	54.255	8.0327E-3	405.033	615.1348	3.6448E-3	54.255	
demographic.popSize189	110.9203	202.3179	53.2561	8.19E-3	387.8419	634.8468	8.19E-3	53.2561	
demographic.popSize190	112.6053	202.6754	54.6035	2.5217E-3	396.4368	629.5811	4.4475E-3	54.6035	
demographic.popSize191	113.9999	191.8272	54.914	9.8687E-3	415.2962	615.5594	1.9304E-3	54.914	
demographic.popSize192	113.1164	210.0682	55.0409	0.0102	399.6074	659.6931	0.0166	55.0409	
demographic.popSize193	112.663	196.1187	53.9518	0.0164	401.2439	665.8664	0.0164	53.9518	
demographic.popSize194	114.143	212.9718	55.0714	0.0129	403.7797	601.8848	9.2899E-3	55.0714	
demographic.popSize195	115.2281	251.459	54.3868	2.5839E-3	402.6201	698.2976	2.5839E-3	54.3868	
demographic.popSize196	114.3343	225.9034	53.3421	2.6561E-3	399.9308	560.0182	1.9452E-3	53.3421	
demographic.popSize197	112.6562	219.7905	52.6613	2.1989E-3	398.49	657.9427	2.1989E-3	52.6613	
demographic.popSize198	114.0107	219.7708	53.5099	3.8495E-3	406.3689	585.7091	3.8495E-3	53.5099	
demographic.popSize199	114.228	228.0664	51.7652	0.0104	402.6533	577.4417	8.5638E-4	51.7652	
demographic.popSize200	114.7699	250.7043	51.9977	2.3743E-3	397.2907	601.954	2.3743E-3	51.9991	
demographic.indicators1	3.364E-3	0.0579	0	0	0	3482.9849	0	0	
demographic.indicators2	9.3733E-4	0.0306	0	0	0	8774.6474	0	0	
demographic.indicators3	0.0143	0.1188	0	0	0	255.2346	0	0	
demographic.indicators4	2.972E-3	0.0544	0	0	0	662.276	0	0	
demographic.indicators5	2.2507E-3	0.0474	0	0	0	1426.964	0	0	
demographic.indicators6	8.816E-3	0.0935	0	0	0	377.6201	0	0	
demographic.indicators7	0.0168	0.1285	0	0	0	216.0582	0	0	
demographic.indicators8	0.0758	0.2647	0	0	1	206.1288	0	0	
demographic.indicators9	6.1853E-3	0.0784	0	0	0	439.9836	0	0	
demographic.indicators10	7.0067E-3	0.0834	0	0	0	299.9427	0	0	
demographic.indicators11	0.0231	0.1502	0	0	0	225.63	0	0	
demographic.indicators12	8.16E-4	0.0286	0	0	0	3022.9408	0	0	
demographic.indicators13	0.0534	0.2249	0	0	1	229.9218	0	0	
demographic.indicators14	0.0908	0.2873	0	0	1	208.816	0	0	
demographic.indicators15	0.0304	0.1716	0	0	0	222.8068	0	0	
demographic.indicators16	0.0581	0.2339	0	0	1	206.9382	0	0	
demographic.indicators17	3.34E-3	0.0577	0	0	0	1098.3607	0	0	
demographic.indicators18	0.0147	0.1203	0	0	0	272.6086	0	0	
demographic.indicators19	0.2223	0.4158	0	0	1	197.2076	0	0	
demographic.indicators20	0.147	0.3541	0	0	1	194.9216	0	0	
demographic.indicators21	0.1051	0.3067	0	0	1	204.7345	0	0	
demographic.indicators22	0.0713	0.2573	0	0	1	192.5633	0	0	
demographic.indicators23	4.256E-3	0.0651	0	0	0	886.2836	0	0	
demographic.indicators24	6.7427E-3	0.0818	0	0	0	274.6232	0	0	
demographic.indicators25	0.0467	0.2109	0	0	0	206.6416	0	0	
demographic.indicators26	2.3027E-3	0.0479	0	0	0	3906.3352	0	0	
demographic.indicators27	5.2693E-3	0.0724	0	0	0	804.1747	0	0	
demographic.indicators28	6.7733E-3	0.082	0	0	0	668.2869	0	0	
demographic.indicators29	4.0627E-3	0.0636	0	0	0	2670.2133	0	0	
demographic.indicators30	7.6147E-3	0.0869	0	0	0	430.1712	0	0	
demographic.indicators31	7.0107E-3	0.0834	0	0	0	626.8232	0	0	
demographic.indicators32	2.2667E-3	0.0476	0	0	0	4806.6843	0	0	
demographic.indicators33	4.9453E-3	0.0701	0	0	0	620.2602	0	0	
demographic.indicators34	2.16E-3	0.0464	0	0	0	8200.7301	0	0	
demographic.indicators35	2.3933E-3	0.0489	0	0	0	3044.9267	0	0	
demographic.indicators36	6.0733E-3	0.0777	0	0	0	1400.8816	0	0	
demographic.indicators37	2.2147E-3	0.047	0	0	0	6834.4207	0	0	
demographic.indicators38	3.8987E-3	0.0623	0	0	0	1317.2787	0	0	
demographic.indicators39	0.0109	0.1041	0	0	0	478.6595	0	0	
demographic.indicators40	8.308E-3	0.0908	0	0	0	379.0817	0	0	
demographic.indicators41	9.1787E-3	0.0954	0	0	0	840.629	0	0	
demographic.indicators42	9.6067E-3	0.0975	0	0	0	785.5738	0	0	
demographic.indicators43	0.0102	0.1003	0	0	0	592.6461	0	0	
demographic.indicators44	5.7533E-3	0.0756	0	0	0	1478.3971	0	0	
demographic.indicators45	8.3733E-3	0.0911	0	0	0	738.5737	0	0	
demographic.indicators46	6.6933E-3	0.0815	0	0	0	1463.1056	0	0	
demographic.indicators47	0.0142	0.1184	0	0	0	897.4769	0	0	
demographic.indicators48	5.8573E-3	0.0763	0	0	0	1134.3519	0	0	
demographic.indicators49	0.0101	0.1	0	0	0	819.2601	0	0	
demographic.indicators50	6.0787E-3	0.0777	0	0	0	487.3374	0	0	
demographic.indicators51	0.0101	0.0998	0	0	0	509.1439	0	0	
demographic.indicators52	0.0192	0.1371	0	0	0	698.0196	0	0	
demographic.indicators53	4.6027E-3	0.0677	0	0	0	1855.3986	0	0	
demographic.indicators54	8.144E-3	0.0899	0	0	0	1117.3471	0	0	
demographic.indicators55	0.0151	0.1218	0	0	0	705.694	0	0	
demographic.indicators56	0.0168	0.1284	0	0	0	491.4407	0	0	
demographic.indicators57	0.0153	0.1228	0	0	0	485.3317	0	0	
demographic.indicators58	0.0144	0.119	0	0	0	436.4403	0	0	
demographic.indicators59	0.0152	0.1223	0	0	0	573.9522	0	0	
demographic.indicators60	9.5413E-3	0.0972	0	0	0	440.1867	0	0	
demographic.indicators61	6.1893E-3	0.0784	0	0	0	1719.1279	0	0	
demographic.indicators62	0.0106	0.1024	0	0	0	1764.9576	0	0	
demographic.indicators63	0.0247	0.1551	0	0	0	424.5024	0	0	
demographic.indicators64	9.9853E-3	0.0994	0	0	0	890.0766	0	0	
demographic.indicators65	0.0146	0.12	0	0	0	818.6073	0	0	
demographic.indicators66	9.7533E-3	0.0983	0	0	0	1078.0403	0	0	
demographic.indicators67	0.0133	0.1148	0	0	0	862.5995	0	0	
demographic.indicators68	0.0116	0.1069	0	0	0	875.7194	0	0	
demographic.indicators69	9.8787E-3	0.0989	0	0	0	1400.2441	0	0	
demographic.indicators70	0.0141	0.118	0	0	0	811.3478	0	0	
demographic.indicators71	0.012	0.1089	0	0	0	951.561	0	0	
demographic.indicators72	0.0236	0.1519	0	0	0	779.5001	0	0	
demographic.indicators73	8.188E-3	0.0901	0	0	0	874.7799	0	0	
demographic.indicators74	0.0183	0.1342	0	0	0	495.9987	0	0	
demographic.indicators75	0.0115	0.1067	0	0	0	856.1364	0	0	
demographic.indicators76	0.013	0.1134	0	0	0	682.6532	0	0	
demographic.indicators77	9.124E-3	0.0951	0	0	0	792.7237	0	0	
demographic.indicators78	9.3493E-3	0.0962	0	0	0	1332.9536	0	0	
demographic.indicators79	0.0113	0.1057	0	0	0	722.5101	0	0	
demographic.indicators80	0.0176	0.1316	0	0	0	755.9398	0	0	
demographic.indicators81	0.0141	0.1178	0	0	0	740.6145	0	0	
demographic.indicators82	0.0156	0.1239	0	0	0	739.4836	0	0	
demographic.indicators83	0.0191	0.1368	0	0	0	710.7789	0	0	
demographic.indicators84	0.0166	0.1276	0	0	0	869.8964	0	0	
demographic.indicators85	9.7213E-3	0.0981	0	0	0	1627.6074	0	0	
demographic.indicators86	0.0136	0.1158	0	0	0	792.397	0	0	
demographic.indicators87	0.0164	0.1272	0	0	0	853.0405	0	0	
demographic.indicators88	0.0201	0.1404	0	0	0	483.1408	0	0	
demographic.indicators89	5.4027E-3	0.0733	0	0	0	2611.7403	0	0	
demographic.indicators90	0.0172	0.13	0	0	0	592.9176	0	0	
demographic.indicators91	0.0139	0.1172	0	0	0	611.8749	0	0	
demographic.indicators92	0.0171	0.1296	0	0	0	595.7441	0	0	
demographic.indicators93	0.013	0.1133	0	0	0	958.9482	0	0	
demographic.indicators94	0.0154	0.1231	0	0	0	620.839	0	0	
demographic.indicators95	0.0166	0.1276	0	0	0	1101.0074	0	0	
demographic.indicators96	0.0174	0.1306	0	0	0	843.4122	0	0	
demographic.indicators97	0.0145	0.1195	0	0	0	654.1221	0	0	
demographic.indicators98	8.4747E-3	0.0917	0	0	0	1228.337	0	0	
demographic.indicators99	0.0105	0.1018	0	0	0	745.4034	0	0	
demographic.indicators100	0.0199	0.1398	0	0	0	570.2014	0	0	
demographic.indicators101	0.0178	0.1321	0	0	0	519.4064	0	0	
demographic.indicators102	6.6907E-3	0.0815	0	0	0	1040.1261	0	0	
demographic.indicators103	0.0234	0.1512	0	0	0	558.8761	0	0	
demographic.indicators104	0.0189	0.1361	0	0	0	462.7479	0	0	
demographic.indicators105	0.0112	0.1053	0	0	0	1000.6273	0	0	
demographic.indicators106	0.0221	0.1471	0	0	0	554.7832	0	0	
demographic.indicators107	0.0182	0.1335	0	0	0	483.6151	0	0	
demographic.indicators108	0.027	0.1621	0	0	0	467.5918	0	0	
demographic.indicators109	0.0222	0.1473	0	0	0	553.1576	0	0	
demographic.indicators110	0.0126	0.1115	0	0	0	1357.5387	0	0	
demographic.indicators111	0.0155	0.1233	0	0	0	715.6436	0	0	
demographic.indicators112	0.0121	0.1094	0	0	0	695.464	0	0	
demographic.indicators113	0.0222	0.1472	0	0	0	455.7681	0	0	
demographic.indicators114	0.0105	0.1021	0	0	0	1594.661	0	0	
demographic.indicators115	0.0141	0.1178	0	0	0	712.1266	0	0	
demographic.indicators116	0.0214	0.1448	0	0	0	591.7834	0	0	
demographic.indicators117	0.0141	0.118	0	0	0	676.6205	0	0	
demographic.indicators118	0.0133	0.1144	0	0	0	528.166	0	0	
demographic.indicators119	0.0238	0.1525	0	0	0	534.5181	0	0	
demographic.indicators120	7.1373E-3	0.0842	0	0	0	1551.3991	0	0	
demographic.indicators121	0.0245	0.1547	0	0	0	391.3338	0	0	
demographic.indicators122	0.0124	0.1105	0	0	0	905.5276	0	0	
demographic.indicators123	0.0127	0.112	0	0	0	800.2766	0	0	
demographic.indicators124	0.0143	0.1186	0	0	0	508.7264	0	0	
demographic.indicators125	7.388E-3	0.0856	0	0	0	1422.2796	0	0	
demographic.indicators126	9.5813E-3	0.0974	0	0	0	1297.3748	0	0	
demographic.indicators127	0.015	0.1215	0	0	0	671.1884	0	0	
demographic.indicators128	0.0167	0.128	0	0	0	512.0042	0	0	
demographic.indicators129	7.7507E-3	0.0877	0	0	0	1037.9382	0	0	
demographic.indicators130	0.0113	0.1058	0	0	0	723.2546	0	0	
demographic.indicators131	0.013	0.1133	0	0	0	1048.129	0	0	
demographic.indicators132	8.64E-3	0.0925	0	0	0	1557.4481	0	0	
demographic.indicators133	6.1587E-3	0.0782	0	0	0	2465.0887	0	0	
demographic.indicators134	0.0104	0.1013	0	0	0	1564.2606	0	0	
demographic.indicators135	0.0133	0.1144	0	0	0	613.4022	0	0	
demographic.indicators136	7.2667E-3	0.0849	0	0	0	1187.0601	0	0	
demographic.indicators137	0.0151	0.122	0	0	0	547.8396	0	0	
demographic.indicators138	0.0102	0.1007	0	0	0	1330.7289	0	0	
demographic.indicators139	8.48E-3	0.0917	0	0	0	1279.5748	0	0	
demographic.indicators140	0.0135	0.1152	0	0	0	669.0241	0	0	
demographic.indicators141	0.0111	0.105	0	0	0	665.653	0	0	
demographic.indicators142	5.436E-3	0.0735	0	0	0	2346.1357	0	0	
demographic.indicators143	7.5507E-3	0.0866	0	0	0	2206.1646	0	0	
demographic.indicators144	7.008E-3	0.0834	0	0	0	1948.6218	0	0	
demographic.indicators145	0.0123	0.1101	0	0	0	831.4373	0	0	
demographic.indicators146	6.376E-3	0.0796	0	0	0	1927.7956	0	0	
demographic.indicators147	9.9627E-3	0.0993	0	0	0	1247.7399	0	0	
demographic.indicators148	4.2213E-3	0.0648	0	0	0	3768.4526	0	0	
demographic.indicators149	0.0157	0.1242	0	0	0	609.9078	0	0	
demographic.indicators150	8.1667E-3	0.09	0	0	0	1237.5025	0	0	
demographic.indicators151	5.452E-3	0.0736	0	0	0	3089.9442	0	0	
demographic.indicators152	5.708E-3	0.0753	0	0	0	1428.5462	0	0	
demographic.indicators153	0.0103	0.1011	0	0	0	1259.3805	0	0	
demographic.indicators154	7.552E-3	0.0866	0	0	0	1585.8633	0	0	
demographic.indicators155	8.4027E-3	0.0913	0	0	0	1620.2827	0	0	
demographic.indicators156	8.1067E-3	0.0897	0	0	0	2231.7046	0	0	
demographic.indicators157	4.5853E-3	0.0676	0	0	0	2161.1541	0	0	
demographic.indicators158	5.2147E-3	0.072	0	0	0	3780.5769	0	0	
demographic.indicators159	6.412E-3	0.0798	0	0	0	1279.1392	0	0	
demographic.indicators160	8.624E-3	0.0925	0	0	0	1253.6752	0	0	
demographic.indicators161	2.928E-3	0.054	0	0	0	7449.0373	0	0	
demographic.indicators162	4.396E-3	0.0662	0	0	0	2633.4884	0	0	
demographic.indicators163	5.8587E-3	0.0763	0	0	0	3334.5814	0	0	
demographic.indicators164	8.136E-3	0.0898	0	0	0	915.2705	0	0	
demographic.indicators165	6.6267E-3	0.0811	0	0	0	550.882	0	0	
demographic.indicators166	7.3453E-3	0.0854	0	0	0	1809.6942	0	0	
demographic.indicators167	4.568E-3	0.0674	0	0	0	2168.754	0	0	
demographic.indicators168	5.1213E-3	0.0714	0	0	0	1755.6651	0	0	
demographic.indicators169	4.0787E-3	0.0637	0	0	0	2587.1011	0	0	
demographic.indicators170	6.2493E-3	0.0788	0	0	0	2311.544	0	0	
demographic.indicators171	6.5973E-3	0.081	0	0	0	731.4342	0	0	
demographic.indicators172	5.12E-3	0.0714	0	0	0	3878.6285	0	0	
demographic.indicators173	5.056E-3	0.0709	0	0	0	1817.4538	0	0	
demographic.indicators174	4.6827E-3	0.0683	0	0	0	1021.9279	0	0	
demographic.indicators175	4.8067E-3	0.0692	0	0	0	3523.3357	0	0	
demographic.indicators176	4.4707E-3	0.0667	0	0	0	2500.8147	0	0	
demographic.indicators177	4.6533E-3	0.0681	0	0	0	1585.5935	0	0	
demographic.indicators178	3.7653E-3	0.0612	0	0	0	3207.5499	0	0	
demographic.indicators179	3.14E-3	0.0559	0	0	0	7799.9281	0	0	
demographic.indicators180	3.7347E-3	0.061	0	0	0	6003.4117	0	0	
demographic.indicators181	2.6613E-3	0.0515	0	0	0	8706.2461	0	0	
demographic.indicators182	4.1787E-3	0.0645	0	0	0	2443.6376	0	0	
demographic.indicators183	5.4587E-3	0.0737	0	0	0	1471.8187	0	0	
demographic.indicators184	3.112E-3	0.0557	0	0	0	9073.4738	0	0	
demographic.indicators185	3.596E-3	0.0599	0	0	0	12976.0274	0	0	
demographic.indicators186	6.1973E-3	0.0785	0	0	0	3190.6249	0	0	
demographic.indicators187	4.624E-3	0.0678	0	0	0	6516.1265	0	0	
demographic.indicators188	5.7947E-3	0.0759	0	0	0	1506.7986	0	0	
demographic.indicators189	5.544E-3	0.0743	0	0	0	3245.0806	0	0	
demographic.indicators190	3.488E-3	0.059	0	0	0	19390.4468	0	0	
demographic.indicators191	3.7413E-3	0.0611	0	0	0	13343.8533	0	0	
demographic.indicators192	4.9933E-3	0.0705	0	0	0	7871.5122	0	0	
demographic.indicators193	8.428E-3	0.0914	0	0	0	3244.5345	0	0	
demographic.indicators194	7.94E-3	0.0888	0	0	0	12140.3119	0	0	
demographic.indicators195	0.0107	0.1028	0	0	0	4592.2032	0	0	
demographic.indicators196	0.0172	0.1302	0	0	0	2709.0289	0	0	
demographic.indicators197	0.0187	0.1353	0	0	0	4671.3094	0	0	
demographic.indicators198	0.0443	0.2057	0	0	0	1129.1882	0	0	
demographic.indicators199	0.05	0.2179	0	0	0	990.7197	0	0	
kappa	2.3407	0.1464	2.3361	2.0579	2.6303	30279.2248	2.2253	2.4222	
frequencies1	0.2773	0.0101	0.2772	0.258	0.2975	13572.4714	0.2705	0.2839	
frequencies2	0.2205	9.0854E-3	0.2204	0.2028	0.2383	13445.8652	0.2134	0.2257	
frequencies3	0.1818	8.3748E-3	0.1818	0.1653	0.198	13174.7152	0.1766	0.1879	
frequencies4	0.3204	0.0108	0.3202	0.299	0.3413	12305.9597	0.3119	0.3263	
alpha	0.6392	0.0535	0.6366	0.5381	0.7458	33940.0208	0.5961	0.6672	
default.ucld.mean	1.6974E-3	4.6716E-4	1.6383E-3	8.9956E-4	2.5766E-3	231.4288	1.291E-3	1.9045E-3	
default.ucld.stdev	9.6677E-3	5.5623E-3	8.3947E-3	2.4739E-3	0.0201	288.0401	3.8399E-3	9.1181E-3	
host_groups.ucld.mean	0.0124	2.966E-3	0.0122	6.8415E-3	0.0183	435.5249	9.9489E-3	0.0139	
host_groups.ucld.stdev	9.9452E-3	9.1376E-3	7.5954E-3	9.4832E-8	0.0273	815.4117	9.4832E-8	7.5954E-3	
default.meanRate	1.0944E-3	1.9674E-4	1.093E-3	6.8336E-4	1.4703E-3	230.9867	9.7231E-4	1.2339E-3	
default.coefficientOfVariation	2.6851	0.677	2.4495	1.8307	4.1508	238.6397	2.027	2.5389	
default.covariance	0.1162	0.0792	0.1067	-0.0146	0.2675	348.8621	0.0367	0.1416	
host_groups.meanRate	0.0129	3.4361E-3	0.0126	6.6896E-3	0.0196	462.5992	0.0101	0.0144	
host_groups.coefficientOfVariation	0.7526	0.5757	0.6351	6.4942E-6	1.8749	780.0271	6.4942E-6	0.6351	
host_groups.covariance	-0.0007	0.0497	-0.003	-0.0946	0.0994	13545.29	-0.0391	0.0261	
host_groups.rates.Amaranthaceae.Brassicaceae	0.8488	0.7792	0.6407	5.9885E-5	2.3371	10618.5764	0.0728	0.7061	
host_groups.rates.Amaranthaceae.Fabaceae	1.3516	0.7793	1.2181	0.0651	2.8606	4049.8298	0.556	1.4652	
host_groups.rates.Amaranthaceae.Poaceae	1.4104	0.7687	1.2704	0.1799	2.9424	3564.9294	0.6295	1.5092	
host_groups.rates.Amaranthaceae.Solanaceae	0.9733	0.6568	0.8419	9.2389E-4	2.1857	6785.0004	0.3263	1.0186	
host_groups.rates.Brassicaceae.Fabaceae	0.8668	0.8908	0.5939	6.0298E-5	2.6248	9273.7272	3.1907E-4	0.5941	
host_groups.rates.Brassicaceae.Poaceae	1.32	0.8039	1.1699	7.4277E-5	2.8398	4745.7702	0.4903	1.3973	
host_groups.rates.Brassicaceae.Solanaceae	0.89	0.8775	0.6343	1.755E-6	2.6272	10252.2993	1.7416E-6	0.6343	
host_groups.rates.Fabaceae.Poaceae	0.9434	0.6563	0.8092	3.6067E-5	2.1654	4242.7178	0.2945	0.9844	
host_groups.rates.Fabaceae.Solanaceae	0.8761	0.9102	0.5871	2.6615E-5	2.7074	9318.0069	3.8363E-5	0.5871	
host_groups.rates.Poaceae.Solanaceae	1.355	0.7642	1.2152	0.1453	2.8898	7140.4103	0.5834	1.4565	
host_groups.rates.Brassicaceae.Amaranthaceae	0.8921	0.9528	0.5808	8.892E-6	2.8184	8806.0638	1.0395E-5	0.5808	
host_groups.rates.Fabaceae.Amaranthaceae	0.8633	0.9238	0.5631	2.7542E-5	2.7216	8215.5237	8.9669E-5	0.5631	
host_groups.rates.Poaceae.Amaranthaceae	0.9136	0.9598	0.6033	4.3965E-5	2.8424	9038.6888	4.3965E-5	0.6033	
host_groups.rates.Solanaceae.Amaranthaceae	0.6555	0.5405	0.5119	3.8754E-3	1.7007	4356.8832	0.097	0.5698	
host_groups.rates.Fabaceae.Brassicaceae	0.9172	0.8618	0.6833	6.9172E-6	2.5847	7336.1008	6.9172E-6	0.6833	
host_groups.rates.Poaceae.Brassicaceae	1.0164	0.7708	0.84	6.8253E-5	2.4854	3883.0437	0.2044	0.9793	
host_groups.rates.Solanaceae.Brassicaceae	0.8211	0.7906	0.5952	2.668E-4	2.3463	8456.2108	0.0362	0.6258	
host_groups.rates.Poaceae.Fabaceae	1.0581	0.8117	0.8752	8.7753E-4	2.5976	6144.1802	0.1769	1.0157	
host_groups.rates.Solanaceae.Fabaceae	0.9612	0.775	0.7853	3.0408E-5	2.409	5369.6265	0.1494	0.9188	
host_groups.rates.Solanaceae.Poaceae	0.8776	0.9492	0.5642	4.3957E-5	2.7836	8340.1989	5.3E-5	0.5642	
host_groups.indicators.Amaranthaceae.Brassicaceae	0.5739	0.4945	1	0	1	1682.4609	1	1	
host_groups.indicators.Amaranthaceae.Fabaceae	0.954	0.2095	1	1	1	1290.335	1	1	
host_groups.indicators.Amaranthaceae.Poaceae	0.9929	0.0838	1	1	1	3873.1272	1	1	
host_groups.indicators.Amaranthaceae.Solanaceae	0.8898	0.3131	1	0	1	1653.8168	1	1	
host_groups.indicators.Brassicaceae.Fabaceae	0.3434	0.4748	0	0	1	724.8853	0	0	
host_groups.indicators.Brassicaceae.Poaceae	0.9395	0.2385	1	0	1	710.5993	1	1	
host_groups.indicators.Brassicaceae.Solanaceae	0.3632	0.4809	0	0	1	2629.5451	0	0	
host_groups.indicators.Fabaceae.Poaceae	0.8845	0.3196	1	0	1	1665.0678	1	1	
host_groups.indicators.Fabaceae.Solanaceae	0.2379	0.4258	0	0	1	3305.2255	0	0	
host_groups.indicators.Poaceae.Solanaceae	0.9827	0.1303	1	1	1	3234.1332	1	1	
host_groups.indicators.Brassicaceae.Amaranthaceae	0.1617	0.3681	0	0	1	22878.217	0	0	
host_groups.indicators.Fabaceae.Amaranthaceae	0.2224	0.4158	0	0	1	9848.3579	0	0	
host_groups.indicators.Poaceae.Amaranthaceae	0.1645	0.3707	0	0	1	13843.263	0	0	
host_groups.indicators.Solanaceae.Amaranthaceae	0.9639	0.1867	1	1	1	11808.3402	1	1	
host_groups.indicators.Fabaceae.Brassicaceae	0.4174	0.4931	0	0	1	1021.4317	0	0	
host_groups.indicators.Poaceae.Brassicaceae	0.7928	0.4053	1	0	1	825.7969	1	1	
host_groups.indicators.Solanaceae.Brassicaceae	0.5388	0.4985	1	0	1	1300.3664	1	1	
host_groups.indicators.Poaceae.Fabaceae	0.7883	0.4085	1	0	1	1837.1236	1	1	
host_groups.indicators.Solanaceae.Fabaceae	0.7017	0.4575	1	0	1	1366.9363	1	1	
host_groups.indicators.Solanaceae.Poaceae	0.1323	0.3388	0	0	1	24329.7044	0	0	
host_groups.nonZeroRates	12.0455	1.7968	12	8	15	1869.1499	10	12	
default.treeLikelihood	-7861.2261	16.2773	-7859.5673	-7895.0722	-7830.9866	418.5054	-7867.5531	-7847.0896	
default.branchRates	-2382.6079	0	0	0	0	NaN	0	0	
host_groups.branchRates	-2382.6079	0	0	0	0	NaN	0	0	
c_host_groups.count[1]	47.1083	4.4804	47	39	55	1446.6264	42	47	
c_allTransitions[1]	47.1167	4.4943	47	39	55	1453.193	42	47	
coalescent	-1130.8292	38.0699	-1132.5194	-1205.0108	-1048.5975	224.7772	-1157.4578	-1109.4708	

