burnIn   <= 25000000,   maxState  = 100000000
statistic	mean	stdErr	median	hpdLower	hpdUpper	ESS	50hpdLower	50hpdUpper
joint	-16259.5039	146.3851	-16246.343	-16571.1928	-15987.1983	240.6516	-16318.1228	-16136.9597	
prior	-7162.9897	145.8552	-7149.0715	-7473.8114	-6892.278	237.9831	-7224.4691	-7045.1141	
likelihood	-9096.5143	16.6227	-9096.643	-9129.1958	-9063.5168	931.0229	-9107.7541	-9085.645	
treeModel.rootHeight	172.7376	49.4872	163.7897	95.0915	272.962	311.6597	120.3931	178.5192	
age(root)	1850.2624	49.4872	1859.2103	1750.038	1927.9085	311.6597	1844.4808	1902.6069	
treeLength	2388.316	435.0342	2306.6701	1725.046	3316.5065	211.4108	1965.969	2446.1724	
tmrca(ingroup)	172.7376	49.4872	163.7897	95.0915	272.962	311.6597	120.3931	178.5192	
age(ingroup)	1850.2624	49.4872	1859.2103	1750.038	1927.9085	311.6597	1844.4808	1902.6069	
demographic.populationSizeChanges	3.1746	0.6053	3	2	4	731.4642	3	3	
demographic.populationMean	154.4458	132.7774	116.4656	16.6399	394.6994	259.729	52.8774	130.3116	
demographic.popSize1	78.4866	71.8623	61.0447	1.2193	210.4238	271.4427	8.3565	64.8688	
demographic.popSize2	154.0061	252.1899	81.1289	0.0146	536.041	774.8122	0.038	81.1458	
demographic.popSize3	153.5253	247.7761	79.6046	0.0239	541.9326	775.6931	0.0492	79.6117	
demographic.popSize4	153.6581	243.094	79.1664	2.6912E-3	537.1883	781.5297	2.6912E-3	79.1664	
demographic.popSize5	152.9796	234.6067	80.0923	8.5143E-3	536.1429	823.4337	0.0169	80.0973	
demographic.popSize6	152.2204	237.292	80.5583	7.7325E-3	525.7964	865.4834	0.0299	80.5594	
demographic.popSize7	155.8868	247.4142	81.8807	5.4364E-3	534.902	839.4253	0.0339	81.9086	
demographic.popSize8	154.8938	235.7289	79.6219	0.0174	534.2767	786.1849	0.0174	79.6219	
demographic.popSize9	156.2067	243.6842	79.8512	1.449E-3	542.0364	828.7623	1.0925E-3	79.8512	
demographic.popSize10	150.3073	236.3959	77.0062	4.9857E-3	531.3362	775.3198	0.0302	77.0062	
demographic.popSize11	152.2366	230.9414	80.4894	2.1764E-3	530.3743	809.2202	2.1764E-3	80.4894	
demographic.popSize12	154.2327	242.4596	78.7028	0.0266	544.2937	817.2607	0.0301	78.7028	
demographic.popSize13	152.8783	237.7225	78.6473	0.0103	534.9039	738.4648	0.0103	78.6473	
demographic.popSize14	144.1405	229.6938	73.848	4.7875E-5	513.6192	746.197	4.7875E-5	73.848	
demographic.popSize15	141.7832	236.3428	69.4108	1.8352E-3	518.0985	716.3719	3.8678E-3	69.4108	
demographic.popSize16	154.5156	253.3432	78.7076	1.3966E-3	543.204	799.7788	1.3966E-3	78.7076	
demographic.popSize17	122.1831	229.9059	50.7467	4.9712E-3	475.208	668.5957	0.0138	50.7501	
demographic.popSize18	153.7943	246.2031	81.128	2.9564E-4	532.9043	852.135	2.3152E-3	81.128	
demographic.popSize19	145.1682	251.486	67.821	0.0119	529.2017	736.2662	0.0248	67.821	
demographic.popSize20	127.7033	222.2652	56.7785	3.0454E-3	483.6941	694.634	3.0454E-3	56.7785	
demographic.popSize21	104.7536	228.2896	26.0176	4.9816E-3	443.9613	593.8495	4.9816E-3	26.0176	
demographic.popSize22	155.9788	246.9594	80.7615	8.6483E-3	532.9771	802.2693	8.6483E-3	80.7615	
demographic.popSize23	151.8357	235.4366	78.7204	6.7994E-5	530.668	864.3401	7.0129E-3	78.7219	
demographic.popSize24	153.1819	246.992	79.8435	0.0271	516.7763	813.4709	0.0567	79.8549	
demographic.popSize25	152.4063	235.9375	79.3276	0.0182	536.0407	862.4683	0.0179	79.3276	
demographic.popSize26	155.362	242.9937	81.4927	0.0195	532.3612	820.4862	0.0195	81.5043	
demographic.popSize27	155.5904	240.2353	82.0476	6.5319E-3	541.8171	836.0213	0.0211	82.0488	
demographic.popSize28	158.4613	259.725	82.127	7.784E-3	542.0469	810.9241	0.0247	82.143	
demographic.popSize29	153.7124	247.8812	78.7218	1.0132E-3	543.9901	807.0162	0.0102	78.7218	
demographic.popSize30	151.4842	241.5458	79.0513	6.269E-3	510.6165	888.1885	0.0183	79.0513	
demographic.popSize31	160.455	263.6517	83.0647	4.9156E-3	553.154	719.014	7.7268E-3	83.0647	
demographic.popSize32	155.5072	241.7782	81.2591	6.6716E-3	540.4347	767.3181	6.6716E-3	81.2591	
demographic.popSize33	151.1496	223.4767	79.2222	0.0145	528.0524	768.1342	9.6117E-3	79.2222	
demographic.popSize34	156.4371	259.4931	79.3728	0.0153	546.0435	751.7232	0.0153	79.3728	
demographic.popSize35	151.7674	239.7578	79.4311	7.2527E-3	533.1201	839.5009	0.0802	79.4653	
demographic.popSize36	152.7367	234.5927	79.5553	0.0196	539.5684	815.3818	0.0196	79.5553	
demographic.popSize37	155.7319	255.0412	80.93	0.0198	528.714	834.4535	0.0173	80.9363	
demographic.popSize38	155.5415	243.0199	82.6247	7.8517E-3	548.4672	791.9173	1.0435E-3	82.6247	
demographic.popSize39	154.1941	243.1915	79.6007	6.7409E-3	533.7486	844.0729	6.7409E-3	79.6007	
demographic.popSize40	156.2044	263.0034	80.5557	4.7226E-3	515.9212	785.1008	1.9162E-3	80.5557	
demographic.popSize41	152.7197	247.479	78.9242	0.0113	532.1935	843.2637	0.0228	78.9264	
demographic.popSize42	153.9744	243.6551	81.2669	0.0201	539.7365	806.2619	0.0386	81.2823	
demographic.popSize43	153.5828	239.4838	81.2864	0.0214	525.5299	774.0347	0.0645	81.3306	
demographic.popSize44	155.4794	235.1071	81.316	6.0392E-3	559.0424	791.5316	0.0167	81.316	
demographic.popSize45	154.1413	237.2549	82.8552	2.52E-3	530.8088	851.3988	2.52E-3	82.8552	
demographic.popSize46	154.1077	236.4036	81.2444	9.5068E-3	534.6163	765.538	9.5068E-3	81.2444	
demographic.popSize47	156.6353	233.829	83.5034	9.2778E-3	546.6693	790.6893	4.7069E-3	83.5034	
demographic.popSize48	155.1605	232.4825	80.1135	5.318E-3	544.0183	784.3465	5.318E-3	80.1135	
demographic.popSize49	154.0633	238.6474	81.1508	0.0329	527.3154	837.3237	0.0265	81.1508	
demographic.popSize50	153.5331	235.7153	81.2903	6.7817E-4	535.3489	840.8504	6.7817E-4	81.2903	
demographic.popSize51	154.7412	239.6926	80.9915	1.2762E-3	526.8943	793.6446	0.0137	80.9991	
demographic.popSize52	155.1358	243.5396	81.4995	0.0227	537.8861	805.3821	0.0227	81.4995	
demographic.popSize53	152.8673	232.2602	81.2904	2.0707E-3	525.5135	809.7832	0.0207	81.2929	
demographic.popSize54	156.9729	248.3689	80.863	0.0245	539.7989	778.1153	2.4751E-3	80.863	
demographic.popSize55	152.0913	241.0899	81.1962	1.244E-3	516.7304	903.3569	0.1481	81.2898	
demographic.popSize56	155.2591	242.7441	82.8298	8.459E-3	550.0519	881.4182	0.0296	82.8298	
demographic.popSize57	154.9766	231.295	83.0169	6.0694E-3	532.2819	820.894	0.0978	83.0435	
demographic.popSize58	153.714	238.4085	79.4643	8.6867E-3	531.6145	833.6001	0.01	79.4644	
demographic.popSize59	160.7498	248.0047	83.2916	6.5518E-3	549.6169	796.1747	0.0113	83.2984	
demographic.popSize60	155.9286	242.2467	82.3632	0.0289	542.8752	751.841	8.6115E-3	82.3632	
demographic.popSize61	158.282	254.9606	80.6361	3.8335E-3	551.3143	813.1058	0.0136	80.6431	
demographic.popSize62	154.5753	243.8207	82.6564	0.0124	511.7005	824.2421	0.0124	82.6602	
demographic.popSize63	156.1084	246.6296	80.8864	0.0172	546.6788	765.1103	6.9549E-3	80.8864	
demographic.popSize64	155.9391	245.7115	79.7018	7.3159E-3	534.9774	850.5915	7.3159E-3	79.7018	
demographic.popSize65	159.4818	275.8892	79.664	0.0219	557.2491	794.5728	0.0443	79.6787	
demographic.popSize66	157.4378	242.7697	82.5069	0.0184	547.3406	824.217	0.0184	82.5069	
demographic.popSize67	155.0866	237.8598	81.9556	4.3045E-3	515.8994	800.4065	4.4946E-3	81.9556	
demographic.popSize68	154.837	228.1115	84.9107	8.5967E-3	516.2723	875.8229	0.0614	84.9639	
demographic.popSize69	157.6925	245.1122	82.9622	2.2799E-3	544.691	784.6552	0.0123	82.9622	
demographic.popSize70	154.5676	231.9253	78.7085	6.1095E-3	537.7678	833.6423	6.1095E-3	78.7085	
demographic.popSize71	159.124	260.9661	80.966	0.0142	536.5552	795.4435	0.0142	80.966	
demographic.popSize72	156.3999	245.1262	83.4913	0.0127	526.4669	868.063	0.0127	83.4913	
demographic.popSize73	159.7824	248.8368	84.5291	7.4346E-3	543.1652	785.6545	2.8434E-3	84.5291	
demographic.popSize74	154.7823	240.6152	81.5579	0.0168	522.4218	835.1495	0.0268	81.561	
demographic.popSize75	156.7245	246.4124	82.9712	8.8786E-3	533.6588	741.6019	0.0193	82.9712	
demographic.popSize76	157.4234	243.2748	84.4082	2.1221E-3	539.549	797.544	5.7875E-3	84.4082	
demographic.popSize77	152.5905	230.8278	79.929	1.1434E-3	528.1153	865.4301	1.1434E-3	79.929	
demographic.popSize78	155.5637	230.4468	83.2558	1.8663E-3	530.3569	816.1159	1.8663E-3	83.2558	
demographic.popSize79	152.5442	232.7722	80.6338	6.2305E-3	539.6691	807.44	6.2305E-3	80.6338	
demographic.popSize80	158.5311	245.6259	82.7177	2.8468E-3	540.9885	839.8156	2.8468E-3	82.7177	
demographic.popSize81	157.8252	245.8435	83.6327	6.0774E-3	535.8782	795.954	0.1853	83.7382	
demographic.popSize82	159.4549	247.802	81.8322	3.1907E-3	546.2622	770.1896	3.1907E-3	81.8322	
demographic.popSize83	155.8083	238.6928	81.6802	7.9182E-3	533.4285	816.2186	7.9182E-3	81.6802	
demographic.popSize84	164.1641	262.7829	85.5782	0.0116	547.4693	760.3182	7.0543E-3	85.5782	
demographic.popSize85	152.1944	234.8914	79.5915	6.8341E-3	504.2064	820.3625	0.0101	79.5915	
demographic.popSize86	157.6867	240.308	83.8433	6.4686E-4	521.3758	785.6967	0.0361	83.853	
demographic.popSize87	158.542	243.7433	83.9868	0.017	532.0658	824.6013	0.017	83.9868	
demographic.popSize88	155.171	228.1121	81.2971	9.7732E-3	522.808	811.4509	3.8003E-3	81.2971	
demographic.popSize89	157.9179	247.5887	81.9584	0.0148	548.575	809.2248	0.0487	81.9786	
demographic.popSize90	156.9718	238.846	81.4845	3.6054E-4	531.5027	809.6526	3.6054E-4	81.4845	
demographic.popSize91	160.5249	246.5489	85.7456	0.011	543.1617	813.2766	0.011	85.7456	
demographic.popSize92	157.2281	248.7546	81.7787	0.0149	553.0664	770.8485	0.0149	81.7787	
demographic.popSize93	157.4772	247.3203	83.4961	6.7958E-3	528.8353	822.3583	0.0632	83.5508	
demographic.popSize94	156.647	246.2197	80.154	0.0179	530.3968	774.4894	0.021	80.1558	
demographic.popSize95	153.7007	238.7456	79.5616	1.8702E-3	526.1516	838.414	1.8702E-3	79.5616	
demographic.popSize96	159.7282	240.6045	83.2116	0.0641	540.7079	741.4928	0.0213	83.2266	
demographic.popSize97	159.6907	262.4918	82.3683	0.0119	544.3036	826.7746	0.013	82.3683	
demographic.popSize98	153.2816	224.6947	82.9547	0.0107	513.8984	808.8772	7.1015E-3	82.9547	
demographic.popSize99	156.6223	238.3956	82.4322	0.0136	527.0024	770.2647	0.0187	82.4388	
demographic.popSize100	159.5839	252.7811	82.6503	0.0173	539.0223	814.4001	0.0173	82.6503	
demographic.popSize101	156.5678	235.7867	83.0043	4.3878E-3	538.0726	736.7269	4.3878E-3	83.0043	
demographic.popSize102	157.3437	241.5939	82.919	3.4802E-3	524.9242	836.3684	3.4802E-3	82.919	
demographic.popSize103	155.8599	237.8212	83.2982	5.5702E-3	540.0112	800.6886	6.9852E-3	83.2982	
demographic.popSize104	155.4501	254.1903	81.0199	2.5107E-3	526.4389	830.0556	0.011	81.0199	
demographic.popSize105	155.8522	241.4051	82.9528	3.7156E-3	533.8942	823.1521	3.7156E-3	82.9528	
demographic.popSize106	154.9439	234.7969	82.7113	0.0239	530.2379	830.0005	0.0239	82.7113	
demographic.popSize107	154.3572	241.1802	80.1917	1.842E-3	534.9094	845.1411	1.842E-3	80.1917	
demographic.popSize108	158.4777	248.4822	83.8895	2.3859E-3	539.3157	811.0148	2.3859E-3	83.8895	
demographic.popSize109	155.9642	240.9135	83.6165	0.0287	530.2951	827.2004	0.028	83.6165	
demographic.popSize110	153.936	233.4341	81.5841	0.0327	526.6693	845.6646	0.0485	81.5894	
demographic.popSize111	153.0666	234.7898	83.1853	0.0118	506.1359	842.6369	0.0118	83.1853	
demographic.popSize112	154.3864	229.1623	82.1269	0.0304	540.6569	863.394	0.0593	82.1402	
demographic.popSize113	154.4843	232.898	82.3573	4.3607E-3	532.8075	805.0122	0.0285	82.3573	
demographic.popSize114	154.7518	249.6956	80.982	0.01	531.5656	783.4772	0.01	80.9849	
demographic.popSize115	155.8138	239.0464	83.2517	3.1567E-3	523.6298	863.7725	0.1712	83.3628	
demographic.popSize116	155.9343	243.9906	81.0761	9.2798E-3	532.4447	819.2669	0.0898	81.0945	
demographic.popSize117	154.8992	237.8795	81.5342	0.0182	538.3028	790.6899	0.0725	81.6038	
demographic.popSize118	156.2248	244.6333	80.506	0.029	547.3378	722.4183	0.2031	80.5156	
demographic.popSize119	153.9246	234.5518	81.1313	7.3358E-3	526.3752	801.7206	7.3358E-3	81.1313	
demographic.popSize120	154.7782	239.1755	81.3765	0.0117	537.176	795.1512	0.0612	81.3978	
demographic.popSize121	158.0826	247.4647	80.5777	1.2588E-3	543.4075	763.9505	5.3635E-4	80.5777	
demographic.popSize122	152.9971	236.123	80.331	3.6904E-3	524.0459	802.0105	3.6904E-3	80.331	
demographic.popSize123	151.7451	236.9323	80.3449	7.9745E-3	514.1681	784.156	7.8059E-3	80.3449	
demographic.popSize124	153.4117	223.3249	82.5832	0.0129	550.2371	820.2076	0.0179	82.5832	
demographic.popSize125	152.1839	235.5314	79.59	0.0122	525.8502	772.9701	0.0504	79.6194	
demographic.popSize126	154.8039	230.6273	81.7897	4.7418E-4	530.7212	812.6913	0.0231	81.8104	
demographic.popSize127	149.4035	232.261	79.9135	8.1414E-3	504.2807	821.9473	0.0382	79.9383	
demographic.popSize128	152.6808	235.9615	83.6677	4.3184E-3	514.6645	828.9302	4.3184E-3	83.6677	
demographic.popSize129	155.1971	245.3257	82.776	3.8294E-3	533.6933	760.6929	7.0691E-3	82.776	
demographic.popSize130	156.0203	239.1005	81.2478	5.6638E-3	533.9698	779.5942	0.13	81.3122	
demographic.popSize131	152.3421	238.813	80.1604	7.8856E-3	532.466	825.7448	7.8856E-3	80.1604	
demographic.popSize132	156.3211	254.964	81.2115	1.3065E-3	530.2253	814.1499	1.3065E-3	81.2115	
demographic.popSize133	150.9854	225.0139	81.6816	7.2883E-3	527.3709	817.9125	7.2883E-3	81.6816	
demographic.popSize134	156.2957	257.5527	79.9877	1.0033E-3	541.7818	738.6722	0.0146	79.9983	
demographic.popSize135	154.1278	238.844	81.4773	2.3444E-3	531.1745	802.5374	0.0292	81.4909	
demographic.popSize136	151.4969	227.9875	81.1904	9.0805E-4	539.5482	815.8957	9.0805E-4	81.1904	
demographic.popSize137	155.0345	244.5836	80.3894	0.021	532.6675	787.1385	0.032	80.3894	
demographic.popSize138	154.9934	246.4555	81.2268	0.0357	540.4888	804.2295	0.0186	81.2268	
demographic.popSize139	151.832	237.7479	81.542	6.2651E-3	518.2984	834.5081	0.0965	81.542	
demographic.popSize140	155.6974	244.6147	80.4091	5.9101E-3	554.4778	808.2542	0.0192	80.4091	
demographic.popSize141	151.681	236.1101	80.6173	0.0242	519.033	790.3507	4.6438E-3	80.6173	
demographic.popSize142	152.7821	234.6122	79.1534	0.0123	520.3917	823.195	0.0163	79.1537	
demographic.popSize143	154.554	236.1531	80.5323	0.0125	540.4193	801.0658	0.0501	80.5373	
demographic.popSize144	153.2702	230.0757	80.3486	1.3029E-3	545.1108	839.1943	1.9724E-3	80.3486	
demographic.popSize145	152.3823	234.8456	78.7814	0.0213	535.1142	834.2355	0.0282	78.7955	
demographic.popSize146	151.7284	230.7166	78.8107	2.6694E-3	522.7613	807.3628	2.6694E-3	78.8107	
demographic.popSize147	156.3131	244.2425	81.5108	2.4546E-3	544.4275	748.2178	2.4546E-3	81.5108	
demographic.popSize148	150.6827	235.198	79.2564	1.2474E-3	525.8644	743.1475	1.6306E-3	79.2564	
demographic.popSize149	155.4331	247.8945	80.8936	6.2517E-3	541.3624	811.6483	6.2517E-3	80.8936	
demographic.popSize150	156.1373	246.3573	82.98	0.0152	544.2933	815.044	0.0152	82.98	
demographic.popSize151	151.6115	231.0123	80.3045	5.3933E-4	518.9746	795.3967	2.8902E-3	80.3045	
demographic.popSize152	148.9948	226.4563	79.2605	0.011	504.9571	900.7325	2.3766E-3	79.2605	
demographic.popSize153	150.1548	236.7453	77.9221	0.0265	532.4479	876.6548	0.0265	77.9221	
demographic.popSize154	154.6741	235.6154	80.8079	5.5107E-3	542.3792	786.4962	1.7758E-3	80.8079	
demographic.popSize155	156.6028	244.9221	80.3427	0.0105	544.2825	767.4185	0.0105	80.3464	
demographic.popSize156	152.4601	235.7069	79.8454	0.014	530.8927	837.6891	0.014	79.8454	
demographic.popSize157	150.9054	234.532	77.9102	0.0134	526.5289	789.4983	0.0148	77.9102	
demographic.popSize158	155.1213	261.3388	78.0192	0.014	531.7967	794.3213	0.014	78.0235	
demographic.popSize159	148.3135	223.7574	78.7619	3.0152E-4	517.3874	810.8033	3.0152E-4	78.7619	
demographic.popSize160	153.2774	238.0289	80.2172	6.8503E-3	535.9555	894.9582	0.1022	80.268	
demographic.popSize161	153.6917	248.3773	80.9099	4.0361E-3	528.1888	893.3444	0.0524	80.9135	
demographic.popSize162	156.8699	264.0217	81.9024	1.815E-3	521.5723	848.5888	9.8521E-4	81.9024	
demographic.popSize163	152.6006	240.1751	79.2392	5.6138E-3	539.3274	857.6965	5.6138E-3	79.2392	
demographic.popSize164	154.0666	249.0899	79.4596	0.0414	528.5525	798.4842	0.0795	79.4596	
demographic.popSize165	154.5641	242.8221	80.6888	2.859E-3	543.7576	855.2215	3.9686E-3	80.6888	
demographic.popSize166	153.0448	248.776	80.1961	3.666E-3	530.5084	841.1119	2.22E-3	80.1961	
demographic.popSize167	151.5407	235.8609	79.6236	7.188E-3	519.0541	809.4948	7.188E-3	79.6236	
demographic.popSize168	152.2256	236.8867	77.6187	0.0181	547.4156	781.2465	0.0204	77.619	
demographic.popSize169	156.0571	242.1817	80.2381	2.0205E-3	545.4917	802.9859	6.8471E-3	80.239	
demographic.popSize170	152.7939	241.1406	79.1297	6.4075E-3	538.4094	826.065	0.0108	79.1297	
demographic.popSize171	152.0404	235.0521	79.2241	6.9516E-3	537.2067	799.9154	9.9697E-3	79.2241	
demographic.popSize172	155.5133	246.9739	79.8638	9.1314E-3	542.0273	759.8821	2.3626E-3	79.8638	
demographic.popSize173	157.5407	252.9046	81.3685	0.0151	548.017	758.0585	0.0614	81.3884	
demographic.popSize174	150.9312	235.1122	78.8781	3.0214E-3	527.0174	901.4341	3.0214E-3	78.8781	
demographic.popSize175	154.9187	239.3773	81.781	1.2724E-3	544.1828	782.3027	3.9592E-3	81.781	
demographic.popSize176	158.015	247.777	80.6037	0.0261	553.3281	760.1431	0.0272	80.6037	
demographic.popSize177	154.9643	257.8018	81.1239	0.0199	539.6411	833.3267	0.0472	81.1304	
demographic.popSize178	153.266	235.4371	80.9362	0.0155	548.2588	829.3178	0.032	80.9484	
demographic.popSize179	154.3804	242.7185	79.344	1.7973E-3	532.7417	832.3415	1.7973E-3	79.344	
demographic.popSize180	156.1209	249.03	80.4754	4.9984E-4	543.2157	866.8643	4.9984E-4	80.4754	
demographic.popSize181	154.99	243.3902	79.3671	7.7022E-3	551.6069	766.8647	7.7022E-3	79.3671	
demographic.popSize182	155.0497	238.6044	79.9439	3.6626E-4	537.3946	812.8419	3.6626E-4	79.9439	
demographic.popSize183	155.1178	240.285	80.6774	3.175E-4	552.295	845.1265	7.3646E-3	80.6774	
demographic.popSize184	158.289	268.2195	81.0778	0.0258	552.7029	798.7518	0.0258	81.0778	
demographic.popSize185	151.9584	261.827	78.2046	2.7896E-3	531.2902	883.3505	2.7896E-3	78.2046	
demographic.popSize186	153.9412	246.3959	80.7268	0.0132	528.3546	905.6757	0.0132	80.7268	
demographic.popSize187	152.8603	234.819	79.4699	2.7477E-3	539.5457	784.7071	6.5009E-3	79.4699	
demographic.popSize188	154.8454	248.4189	80.1768	0.0383	536.629	827.1963	0.0383	80.1768	
demographic.popSize189	156.4904	245.5371	81.1316	0.043	547.0979	798.9994	0.0411	81.151	
demographic.popSize190	155.449	242.6748	79.5748	0.0105	548.3074	827.6439	0.0105	79.5748	
demographic.popSize191	151.8703	239.5137	77.3554	0.0116	538.5011	797.3329	0.0116	77.3554	
demographic.popSize192	153.0727	244.7084	80.0695	3.3087E-3	528.8043	790.7655	0.0294	80.088	
demographic.popSize193	154.3702	244.3121	79.2715	0.0239	542.2829	774.5086	5.0648E-3	79.2715	
demographic.popSize194	151.3889	235.113	79.1246	0.0215	523.691	855.0463	0.0215	79.1246	
demographic.popSize195	152.3821	229.5037	79.3724	3.5764E-3	525.9018	818.6053	0.0129	79.3798	
demographic.popSize196	155.0199	246.5577	79.4411	4.0758E-3	543.6737	839.5271	4.0758E-3	79.4411	
demographic.popSize197	157.3005	252.481	79.3295	0.0197	564.1604	793.7477	0.0268	79.3408	
demographic.popSize198	148.3871	228.5199	78.3013	7.7573E-3	512.9713	944.1348	0.017	78.3013	
demographic.popSize199	156.7395	265.1197	78.4502	9.5183E-3	533.5633	869.8354	0.0727	78.4815	
demographic.popSize200	154.0871	239.8391	79.47	0.015	551.4396	772.8553	0.015	79.47	
demographic.indicators1	7.02E-3	0.0835	0	0	0	552.5036	0	0	
demographic.indicators2	2.8173E-3	0.053	0	0	0	1444.9949	0	0	
demographic.indicators3	2.5867E-4	0.0161	0	0	0	40169.9054	0	0	
demographic.indicators4	1.3067E-4	0.0114	0	0	0	63933.5492	0	0	
demographic.indicators5	3.56E-4	0.0189	0	0	0	31415.4896	0	0	
demographic.indicators6	1.3733E-4	0.0117	0	0	0	37752.5816	0	0	
demographic.indicators7	1.4333E-3	0.0378	0	0	0	767.8892	0	0	
demographic.indicators8	9.3333E-5	9.6605E-3	0	0	0	59404.7017	0	0	
demographic.indicators9	0.0158	0.1248	0	0	0	206.092	0	0	
demographic.indicators10	1.4973E-3	0.0387	0	0	0	777.1435	0	0	
demographic.indicators11	2.8533E-4	0.0169	0	0	0	5929.7124	0	0	
demographic.indicators12	0.0148	0.1208	0	0	0	206.8356	0	0	
demographic.indicators13	0.0414	0.1993	0	0	0	193.9624	0	0	
demographic.indicators14	0.0683	0.2523	0	0	1	191.552	0	0	
demographic.indicators15	0.0142	0.1183	0	0	0	207.926	0	0	
demographic.indicators16	0.2059	0.4043	0	0	1	191.3325	0	0	
demographic.indicators17	1.128E-3	0.0336	0	0	0	964.9955	0	0	
demographic.indicators18	0.099	0.2987	0	0	1	198.3554	0	0	
demographic.indicators19	0.1652	0.3714	0	0	1	192.6971	0	0	
demographic.indicators20	0.3612	0.4803	0	0	1	189.4306	0	0	
demographic.indicators21	5.48E-3	0.0738	0	0	0	272.1036	0	0	
demographic.indicators22	2.9787E-3	0.0545	0	0	0	554.9542	0	0	
demographic.indicators23	5.2187E-3	0.0721	0	0	0	302.3334	0	0	
demographic.indicators24	2.0867E-3	0.0456	0	0	0	2235.4698	0	0	
demographic.indicators25	1.7333E-3	0.0416	0	0	0	22266.4556	0	0	
demographic.indicators26	1.6907E-3	0.0411	0	0	0	31008.7652	0	0	
demographic.indicators27	3.8053E-3	0.0616	0	0	0	770.7162	0	0	
demographic.indicators28	2.3427E-3	0.0483	0	0	0	5779.8562	0	0	
demographic.indicators29	2.2507E-3	0.0474	0	0	0	15065.2707	0	0	
demographic.indicators30	3.4267E-3	0.0584	0	0	0	729.0927	0	0	
demographic.indicators31	1.7613E-3	0.0419	0	0	0	19376.162	0	0	
demographic.indicators32	2.6053E-3	0.051	0	0	0	4252.8792	0	0	
demographic.indicators33	1.628E-3	0.0403	0	0	0	19556.063	0	0	
demographic.indicators34	4.3853E-3	0.0661	0	0	0	1108.9415	0	0	
demographic.indicators35	3.5827E-3	0.0597	0	0	0	1858.4808	0	0	
demographic.indicators36	3.4933E-3	0.059	0	0	0	1488.4869	0	0	
demographic.indicators37	5.6E-3	0.0746	0	0	0	827.9585	0	0	
demographic.indicators38	3.7813E-3	0.0614	0	0	0	1350.1403	0	0	
demographic.indicators39	6.9027E-3	0.0828	0	0	0	880.6952	0	0	
demographic.indicators40	3.308E-3	0.0574	0	0	0	1639.5376	0	0	
demographic.indicators41	3.5387E-3	0.0594	0	0	0	2214.6401	0	0	
demographic.indicators42	3.7773E-3	0.0613	0	0	0	3384.7489	0	0	
demographic.indicators43	5.5453E-3	0.0743	0	0	0	1330.6392	0	0	
demographic.indicators44	0.0116	0.107	0	0	0	496.4646	0	0	
demographic.indicators45	6.496E-3	0.0803	0	0	0	1224.7643	0	0	
demographic.indicators46	8.7107E-3	0.0929	0	0	0	701.6229	0	0	
demographic.indicators47	0.0111	0.1047	0	0	0	545.0086	0	0	
demographic.indicators48	5.664E-3	0.075	0	0	0	1248.735	0	0	
demographic.indicators49	0.0143	0.1186	0	0	0	475.7253	0	0	
demographic.indicators50	0.0119	0.1086	0	0	0	471.3013	0	0	
demographic.indicators51	0.0133	0.1144	0	0	0	609.2632	0	0	
demographic.indicators52	0.0124	0.1109	0	0	0	643.0461	0	0	
demographic.indicators53	4.2293E-3	0.0649	0	0	0	1129.1675	0	0	
demographic.indicators54	6.7813E-3	0.0821	0	0	0	1177.1595	0	0	
demographic.indicators55	0.0156	0.1238	0	0	0	302.6033	0	0	
demographic.indicators56	0.0107	0.103	0	0	0	1046.6143	0	0	
demographic.indicators57	0.0103	0.1008	0	0	0	544.631	0	0	
demographic.indicators58	0.0204	0.1412	0	0	0	476.1863	0	0	
demographic.indicators59	0.0106	0.1025	0	0	0	763.7975	0	0	
demographic.indicators60	0.0112	0.1051	0	0	0	1034.2913	0	0	
demographic.indicators61	0.0105	0.1021	0	0	0	662.3929	0	0	
demographic.indicators62	0.0132	0.1141	0	0	0	721.4392	0	0	
demographic.indicators63	4.812E-3	0.0692	0	0	0	1940.1049	0	0	
demographic.indicators64	0.0137	0.1163	0	0	0	567.3217	0	0	
demographic.indicators65	7.8067E-3	0.088	0	0	0	1528.7991	0	0	
demographic.indicators66	0.0236	0.1516	0	0	0	396.0181	0	0	
demographic.indicators67	0.0139	0.117	0	0	0	531.9231	0	0	
demographic.indicators68	0.0192	0.1371	0	0	0	560.0698	0	0	
demographic.indicators69	5.8627E-3	0.0763	0	0	0	925.1768	0	0	
demographic.indicators70	0.0115	0.1065	0	0	0	896.953	0	0	
demographic.indicators71	0.016	0.1253	0	0	0	651.8279	0	0	
demographic.indicators72	0.02	0.1402	0	0	0	548.473	0	0	
demographic.indicators73	0.0167	0.1281	0	0	0	619.8272	0	0	
demographic.indicators74	0.0171	0.1297	0	0	0	612.9538	0	0	
demographic.indicators75	0.0219	0.1463	0	0	0	607.8572	0	0	
demographic.indicators76	0.0112	0.1051	0	0	0	1185.6699	0	0	
demographic.indicators77	0.0141	0.1181	0	0	0	1024.2316	0	0	
demographic.indicators78	0.0173	0.1304	0	0	0	724.1386	0	0	
demographic.indicators79	0.0157	0.1243	0	0	0	544.1559	0	0	
demographic.indicators80	0.0245	0.1546	0	0	0	679.7552	0	0	
demographic.indicators81	0.0162	0.1261	0	0	0	443.7843	0	0	
demographic.indicators82	0.0161	0.1258	0	0	0	721.9783	0	0	
demographic.indicators83	0.0266	0.1608	0	0	0	476.2226	0	0	
demographic.indicators84	0.0168	0.1285	0	0	0	727.5326	0	0	
demographic.indicators85	0.0231	0.1502	0	0	0	486.0062	0	0	
demographic.indicators86	0.0291	0.168	0	0	0	692.8724	0	0	
demographic.indicators87	0.0142	0.1181	0	0	0	1096.1061	0	0	
demographic.indicators88	0.0252	0.1566	0	0	0	533.6022	0	0	
demographic.indicators89	0.0211	0.1439	0	0	0	688.3776	0	0	
demographic.indicators90	0.0225	0.1482	0	0	0	496.9881	0	0	
demographic.indicators91	0.013	0.1132	0	0	0	668.7835	0	0	
demographic.indicators92	0.0197	0.139	0	0	0	363.3275	0	0	
demographic.indicators93	0.0278	0.1643	0	0	0	406.2036	0	0	
demographic.indicators94	0.0179	0.1324	0	0	0	438.4797	0	0	
demographic.indicators95	0.0202	0.1407	0	0	0	446.7229	0	0	
demographic.indicators96	0.0142	0.1184	0	0	0	414.9821	0	0	
demographic.indicators97	0.0142	0.1182	0	0	0	734.7932	0	0	
demographic.indicators98	0.0195	0.1381	0	0	0	399.5687	0	0	
demographic.indicators99	0.0165	0.1275	0	0	0	617.6484	0	0	
demographic.indicators100	0.0201	0.1403	0	0	0	492.4638	0	0	
demographic.indicators101	0.0138	0.1165	0	0	0	765.5987	0	0	
demographic.indicators102	0.019	0.1364	0	0	0	684.1649	0	0	
demographic.indicators103	0.0128	0.1125	0	0	0	1159.5146	0	0	
demographic.indicators104	0.0158	0.1247	0	0	0	1015.4876	0	0	
demographic.indicators105	0.0265	0.1607	0	0	0	413.2884	0	0	
demographic.indicators106	0.0105	0.102	0	0	0	331.4967	0	0	
demographic.indicators107	0.016	0.1255	0	0	0	758.8866	0	0	
demographic.indicators108	0.0254	0.1574	0	0	0	463.1741	0	0	
demographic.indicators109	0.0127	0.1121	0	0	0	669.0657	0	0	
demographic.indicators110	0.0325	0.1772	0	0	0	477.1124	0	0	
demographic.indicators111	8.516E-3	0.0919	0	0	0	1299.1083	0	0	
demographic.indicators112	0.0156	0.124	0	0	0	608.1187	0	0	
demographic.indicators113	0.0158	0.1248	0	0	0	451.1371	0	0	
demographic.indicators114	0.0159	0.1252	0	0	0	731.2962	0	0	
demographic.indicators115	0.0137	0.1164	0	0	0	823.0464	0	0	
demographic.indicators116	0.0142	0.1182	0	0	0	637.9137	0	0	
demographic.indicators117	0.0139	0.1169	0	0	0	745.6146	0	0	
demographic.indicators118	0.0165	0.1272	0	0	0	776.6413	0	0	
demographic.indicators119	0.0191	0.1369	0	0	0	404.4215	0	0	
demographic.indicators120	0.0191	0.1368	0	0	0	686.3646	0	0	
demographic.indicators121	8.28E-3	0.0906	0	0	0	1532.4203	0	0	
demographic.indicators122	0.0133	0.1146	0	0	0	1184.8909	0	0	
demographic.indicators123	0.0177	0.1318	0	0	0	729.3709	0	0	
demographic.indicators124	0.0117	0.1074	0	0	0	1162.0301	0	0	
demographic.indicators125	0.0235	0.1514	0	0	0	656.3241	0	0	
demographic.indicators126	8.604E-3	0.0924	0	0	0	1029.3197	0	0	
demographic.indicators127	0.0118	0.1078	0	0	0	929.7848	0	0	
demographic.indicators128	0.0134	0.1151	0	0	0	1255.5241	0	0	
demographic.indicators129	0.0142	0.1182	0	0	0	1270.3614	0	0	
demographic.indicators130	0.0183	0.134	0	0	0	574.8315	0	0	
demographic.indicators131	6.2693E-3	0.0789	0	0	0	3362.1561	0	0	
demographic.indicators132	0.0192	0.1372	0	0	0	669.5984	0	0	
demographic.indicators133	0.0253	0.1572	0	0	0	761.583	0	0	
demographic.indicators134	0.0129	0.1129	0	0	0	1251.1797	0	0	
demographic.indicators135	0.012	0.1088	0	0	0	1136.5763	0	0	
demographic.indicators136	0.0125	0.111	0	0	0	1690.154	0	0	
demographic.indicators137	0.0134	0.1151	0	0	0	1414.9067	0	0	
demographic.indicators138	0.0166	0.1278	0	0	0	928.134	0	0	
demographic.indicators139	0.0156	0.124	0	0	0	926.8681	0	0	
demographic.indicators140	0.0213	0.1442	0	0	0	668.1105	0	0	
demographic.indicators141	0.0178	0.1321	0	0	0	1184.5294	0	0	
demographic.indicators142	0.0152	0.1224	0	0	0	1637.3508	0	0	
demographic.indicators143	0.0139	0.1172	0	0	0	1041.8186	0	0	
demographic.indicators144	7.784E-3	0.0879	0	0	0	1633.8361	0	0	
demographic.indicators145	0.0176	0.1314	0	0	0	932.8474	0	0	
demographic.indicators146	6.2173E-3	0.0786	0	0	0	1399.4117	0	0	
demographic.indicators147	0.0158	0.1246	0	0	0	654.2722	0	0	
demographic.indicators148	0.0129	0.1126	0	0	0	1213.8627	0	0	
demographic.indicators149	8.8707E-3	0.0938	0	0	0	763.8958	0	0	
demographic.indicators150	0.0129	0.1127	0	0	0	1565.4911	0	0	
demographic.indicators151	9.1333E-3	0.0951	0	0	0	2524.8618	0	0	
demographic.indicators152	0.0191	0.1369	0	0	0	859.6243	0	0	
demographic.indicators153	0.0155	0.1236	0	0	0	889.3313	0	0	
demographic.indicators154	7.844E-3	0.0882	0	0	0	1984.0701	0	0	
demographic.indicators155	0.0111	0.1048	0	0	0	1681.0623	0	0	
demographic.indicators156	0.0157	0.1243	0	0	0	626.687	0	0	
demographic.indicators157	9.6933E-3	0.098	0	0	0	1536.897	0	0	
demographic.indicators158	8.668E-3	0.0927	0	0	0	1973.0612	0	0	
demographic.indicators159	0.0109	0.1038	0	0	0	1597.6354	0	0	
demographic.indicators160	0.0138	0.1167	0	0	0	954.0656	0	0	
demographic.indicators161	6.752E-3	0.0819	0	0	0	2250.9837	0	0	
demographic.indicators162	0.017	0.1294	0	0	0	698.7014	0	0	
demographic.indicators163	0.0131	0.1136	0	0	0	710.8093	0	0	
demographic.indicators164	0.014	0.1174	0	0	0	1419.7968	0	0	
demographic.indicators165	0.0108	0.1036	0	0	0	1288.3933	0	0	
demographic.indicators166	5.768E-3	0.0757	0	0	0	2744.663	0	0	
demographic.indicators167	0.0122	0.1097	0	0	0	1030.8455	0	0	
demographic.indicators168	0.0115	0.1066	0	0	0	1470.043	0	0	
demographic.indicators169	7.5293E-3	0.0864	0	0	0	2504.3106	0	0	
demographic.indicators170	0.0119	0.1087	0	0	0	957.0415	0	0	
demographic.indicators171	6.656E-3	0.0813	0	0	0	1282.8108	0	0	
demographic.indicators172	0.013	0.1135	0	0	0	1017.7742	0	0	
demographic.indicators173	4.232E-3	0.0649	0	0	0	3375.8448	0	0	
demographic.indicators174	4.7227E-3	0.0686	0	0	0	3072.7004	0	0	
demographic.indicators175	6.3893E-3	0.0797	0	0	0	3001.059	0	0	
demographic.indicators176	8.1707E-3	0.09	0	0	0	2295.2751	0	0	
demographic.indicators177	0.0106	0.1026	0	0	0	1297.1223	0	0	
demographic.indicators178	5.8973E-3	0.0766	0	0	0	2017.921	0	0	
demographic.indicators179	8.8107E-3	0.0935	0	0	0	2077.1494	0	0	
demographic.indicators180	7.432E-3	0.0859	0	0	0	2112.0318	0	0	
demographic.indicators181	8.2933E-3	0.0907	0	0	0	1501.4536	0	0	
demographic.indicators182	4.1267E-3	0.0641	0	0	0	4479.0473	0	0	
demographic.indicators183	5.4787E-3	0.0738	0	0	0	2818.3183	0	0	
demographic.indicators184	5.9853E-3	0.0771	0	0	0	1097.2139	0	0	
demographic.indicators185	8.788E-3	0.0933	0	0	0	719.3418	0	0	
demographic.indicators186	4.552E-3	0.0673	0	0	0	4190.3099	0	0	
demographic.indicators187	5.9747E-3	0.0771	0	0	0	1700.6959	0	0	
demographic.indicators188	4.7347E-3	0.0686	0	0	0	6269.7101	0	0	
demographic.indicators189	4.7107E-3	0.0685	0	0	0	6532.7838	0	0	
demographic.indicators190	4.268E-3	0.0652	0	0	0	9036.9724	0	0	
demographic.indicators191	7.7333E-3	0.0876	0	0	0	696.0567	0	0	
demographic.indicators192	3.9467E-3	0.0627	0	0	0	14223.6206	0	0	
demographic.indicators193	4.7347E-3	0.0686	0	0	0	4779.4674	0	0	
demographic.indicators194	6.9053E-3	0.0828	0	0	0	6168.1785	0	0	
demographic.indicators195	6.8187E-3	0.0823	0	0	0	6238.9983	0	0	
demographic.indicators196	9.5693E-3	0.0974	0	0	0	3608.3289	0	0	
demographic.indicators197	0.0123	0.1102	0	0	0	3672.1305	0	0	
demographic.indicators198	0.0167	0.1281	0	0	0	1901.8274	0	0	
demographic.indicators199	0.0197	0.1389	0	0	0	2517.8911	0	0	
kappa	1.9617	0.1136	1.9584	1.7408	2.1849	31668.6962	1.8779	2.0303	
frequencies1	0.2776	9.469E-3	0.2776	0.2589	0.296	12500.5906	0.2716	0.2842	
frequencies2	0.2052	8.1944E-3	0.2051	0.1895	0.2217	12417.673	0.1995	0.2105	
frequencies3	0.2098	8.3078E-3	0.2096	0.1941	0.2268	13328.4664	0.204	0.2152	
frequencies4	0.3074	0.01	0.3075	0.2883	0.3275	10105.2702	0.301	0.3144	
alpha	0.7003	0.0541	0.6975	0.5964	0.8077	37004.0914	0.6581	0.73	
default.ucld.mean	1.5748E-3	3.5872E-4	1.5213E-3	9.6501E-4	2.3046E-3	247.7362	1.228E-3	1.6619E-3	
default.ucld.stdev	8.6761E-3	4.2183E-3	7.543E-3	3.166E-3	0.0173	304.8537	4.6065E-3	8.2868E-3	
host_groups.ucld.mean	8.4236E-3	2.0943E-3	8.2476E-3	4.5989E-3	0.0126	459.8776	6.6137E-3	9.351E-3	
host_groups.ucld.stdev	8.3626E-3	7.8207E-3	6.3329E-3	1.1428E-7	0.023	709.8024	7.1022E-6	6.339E-3	
default.meanRate	1.0873E-3	1.8385E-4	1.0919E-3	7.2501E-4	1.4447E-3	233.8837	9.6939E-4	1.2198E-3	
default.coefficientOfVariation	2.9515	0.5288	2.8635	2.0505	4.022	254.5184	2.429	3.0786	
default.covariance	0.0783	0.0755	0.0573	-0.0242	0.2419	277.7754	1.8613E-3	0.0707	
host_groups.meanRate	8.9373E-3	2.4772E-3	8.6534E-3	4.5826E-3	0.0139	515.2336	6.7142E-3	9.7935E-3	
host_groups.coefficientOfVariation	0.9074	0.6872	0.7729	1.4432E-5	2.2269	583.734	5.3631E-4	0.7734	
host_groups.covariance	-0.0041	0.0489	-0.0074	-0.0954	0.0959	17790.342	-0.044	0.0192	
host_groups.rates.Amaranthaceae.Brassicaceae	0.7381	0.7808	0.5029	1.2452E-4	2.2436	8651.2872	0.0229	0.5243	
host_groups.rates.Amaranthaceae.Fabaceae	1.6896	0.9003	1.531	0.2471	3.4821	2518.0196	0.779	1.8288	
host_groups.rates.Amaranthaceae.Poaceae	1.3704	0.8511	1.2253	1.3918E-3	2.9631	1863.3569	0.5088	1.5131	
host_groups.rates.Amaranthaceae.Solanaceae	1.0326	0.6191	0.91	0.0728	2.253	8821.9311	0.4082	1.0849	
host_groups.rates.Brassicaceae.Fabaceae	0.7922	0.8037	0.5551	9.9354E-5	2.3391	9594.9319	1.0425E-3	0.5558	
host_groups.rates.Brassicaceae.Poaceae	1.1506	0.7066	1.0042	0.0973	2.542	9741.0565	0.4016	1.1744	
host_groups.rates.Brassicaceae.Solanaceae	0.8489	0.7909	0.6304	7.9342E-6	2.3704	9815.7022	0.0409	0.6698	
host_groups.rates.Fabaceae.Poaceae	1.0623	0.903	0.8449	9.657E-6	2.8068	2424.1216	8.3958E-6	0.8449	
host_groups.rates.Fabaceae.Solanaceae	0.8925	0.9504	0.581	6.9434E-5	2.8167	7388.913	1.3959E-4	0.5811	
host_groups.rates.Poaceae.Solanaceae	0.9827	0.6462	0.8464	1.4693E-4	2.2072	6180.1954	0.3237	1.0098	
host_groups.rates.Brassicaceae.Amaranthaceae	0.8257	0.9045	0.5235	3.6057E-5	2.6503	7973.3231	1.0259E-4	0.5235	
host_groups.rates.Fabaceae.Amaranthaceae	0.7795	0.8486	0.5118	1.2997E-5	2.4543	7652.9044	1.2997E-5	0.5118	
host_groups.rates.Poaceae.Amaranthaceae	0.8511	0.9168	0.5563	1.0268E-5	2.6777	8744.0003	1.0268E-5	0.5563	
host_groups.rates.Solanaceae.Amaranthaceae	0.7451	0.8855	0.426	2.171E-5	2.5409	6658.3897	2.171E-5	0.426	
host_groups.rates.Fabaceae.Brassicaceae	0.8727	0.9187	0.5799	1.6702E-6	2.7216	8669.0765	1.6702E-6	0.5799	
host_groups.rates.Poaceae.Brassicaceae	1.1582	0.6935	1.0205	0.0722	2.5195	8493.3517	0.4527	1.2186	
host_groups.rates.Solanaceae.Brassicaceae	0.8006	0.825	0.5522	1.3518E-4	2.4162	8757.6789	4.168E-4	0.5523	
host_groups.rates.Poaceae.Fabaceae	1.5724	0.9679	1.4168	2.1017E-3	3.3717	1768.6171	0.6369	1.7958	
host_groups.rates.Solanaceae.Fabaceae	0.8545	0.9257	0.5419	1.6555E-4	2.7255	7700.0854	3.8263E-4	0.542	
host_groups.rates.Solanaceae.Poaceae	0.8463	0.9386	0.53	1.8455E-5	2.7318	7462.8668	3.0631E-5	0.53	
host_groups.indicators.Amaranthaceae.Brassicaceae	0.5475	0.4977	1	0	1	3408.3801	1	1	
host_groups.indicators.Amaranthaceae.Fabaceae	0.9935	0.0805	1	1	1	3455.1988	1	1	
host_groups.indicators.Amaranthaceae.Poaceae	0.9234	0.266	1	0	1	1125.6371	1	1	
host_groups.indicators.Amaranthaceae.Solanaceae	0.9803	0.1389	1	1	1	4616.1649	1	1	
host_groups.indicators.Brassicaceae.Fabaceae	0.5359	0.4987	1	0	1	2449.465	1	1	
host_groups.indicators.Brassicaceae.Poaceae	0.9942	0.0759	1	1	1	7348.3498	1	1	
host_groups.indicators.Brassicaceae.Solanaceae	0.5612	0.4962	1	0	1	4142.6799	1	1	
host_groups.indicators.Fabaceae.Poaceae	0.6195	0.4855	1	0	1	921.2857	1	1	
host_groups.indicators.Fabaceae.Solanaceae	0.1639	0.3702	0	0	1	13425.9122	0	0	
host_groups.indicators.Poaceae.Solanaceae	0.948	0.2221	1	0	1	3709.7307	1	1	
host_groups.indicators.Brassicaceae.Amaranthaceae	0.2901	0.4538	0	0	1	12627.5409	0	0	
host_groups.indicators.Fabaceae.Amaranthaceae	0.4488	0.4974	0	0	1	4584.8438	0	0	
host_groups.indicators.Poaceae.Amaranthaceae	0.2868	0.4522	0	0	1	11239.1827	0	0	
host_groups.indicators.Solanaceae.Amaranthaceae	0.3881	0.4873	0	0	1	4966.8864	0	0	
host_groups.indicators.Fabaceae.Brassicaceae	0.2517	0.434	0	0	1	6239.7365	0	0	
host_groups.indicators.Poaceae.Brassicaceae	0.9776	0.1481	1	1	1	2862.9283	1	1	
host_groups.indicators.Solanaceae.Brassicaceae	0.5009	0.5	1	0	1	2968.3864	1	1	
host_groups.indicators.Poaceae.Fabaceae	0.8894	0.3136	1	0	1	534.1338	1	1	
host_groups.indicators.Solanaceae.Fabaceae	0.2209	0.4149	0	0	1	10384.9796	0	0	
host_groups.indicators.Solanaceae.Poaceae	0.2333	0.423	0	0	1	10046.3453	0	0	
host_groups.nonZeroRates	11.7551	1.5586	12	8	14	3418.2806	10	12	
default.treeLikelihood	-8963.9573	13.0326	-8963.6773	-8989.6366	-8938.7735	1353.9118	-8971.9974	-8954.3808	
default.branchRates	-2382.6079	0	0	0	0	NaN	0	0	
host_groups.branchRates	-2382.6079	0	0	0	0	NaN	0	0	
c_host_groups.count[1]	41.3496	4.1336	41	34	49	1119.5419	37	42	
c_allTransitions[1]	41.351	4.1289	41	34	49	1120.0592	37	42	
coalescent	-1190.95	37.8261	-1187.8654	-1269.6161	-1114.4296	222.0692	-1209.8779	-1164.0191	

