burnIn   <= 25000000,   maxState  = 100000000
statistic	mean	stdErr	median	hpdLower	hpdUpper	ESS	50hpdLower	50hpdUpper
joint	-14670.6389	176.0722	-14661.965	-15024.1419	-14333.7772	221.7927	-14760.7626	-14524.8444	
prior	-7096.0192	172.7398	-7087.7655	-7423.094	-6745.6889	221.5528	-7188.6448	-6955.0989	
likelihood	-7574.6197	19.8406	-7574.7633	-7613.1686	-7535.2505	533.5673	-7587.9886	-7561.4473	
treeModel.rootHeight	174.924	51.7862	167.25	87.657	279.1884	291.322	126.9235	188.1166	
age(root)	1848.076	51.7862	1855.75	1743.8116	1935.343	291.322	1834.8834	1896.0765	
treeLength	2359.1358	388.2663	2321.4792	1659.2688	3133.188	221.7992	2003.2372	2497.9658	
tmrca(ingroup)	174.924	51.7862	167.25	87.657	279.1884	291.322	126.9235	188.1166	
age(ingroup)	1848.076	51.7862	1855.75	1743.8116	1935.343	291.322	1834.8834	1896.0765	
demographic.populationSizeChanges	2.7364	0.7459	3	2	4	444.9389	2	3	
demographic.populationMean	115.7676	118.9737	81.6569	10.2109	313.5407	235.4365	26.6917	90.7447	
demographic.popSize1	96.1181	147.828	41.0627	0.5372	352.8886	233.8885	0.5372	41.0627	
demographic.popSize2	115.88	188.9071	54.2954	2.6347E-4	427.0414	689.5275	3.2391E-4	54.2954	
demographic.popSize3	116.3582	209.0206	52.9661	0.0124	423.9823	645.3064	0.0445	52.9943	
demographic.popSize4	113.4868	207.6387	53.2659	3.0611E-3	422.4666	702.4911	0.072	53.3146	
demographic.popSize5	113.2274	188.2284	53.09	6.741E-3	419.9388	677.9005	0.0116	53.09	
demographic.popSize6	112.6872	204.0136	52.5116	6.4498E-3	396.1607	637.8862	6.4498E-3	52.5116	
demographic.popSize7	113.8213	203.0871	51.8664	3.4348E-3	417.7374	620.103	1.8091E-3	51.8664	
demographic.popSize8	100.9869	161.3089	48.1751	4.7398E-4	371.4613	838.0682	0.0511	48.1943	
demographic.popSize9	117.1957	209.3826	53.7231	4.9625E-3	419.87	651.9765	6.983E-3	53.7231	
demographic.popSize10	112.2736	186.1859	52.4046	0.0102	419.3881	674.7004	0.0102	52.4089	
demographic.popSize11	92.0376	175.3304	39.3328	0.0102	353.8523	608.3077	0.0102	39.3328	
demographic.popSize12	113.8999	213.2612	51.2021	6.613E-3	414.5665	644.5181	0.0149	51.2086	
demographic.popSize13	107.3209	207.8962	44.3405	4.4577E-4	400.3408	625.3017	4.4577E-4	44.3407	
demographic.popSize14	110.0842	207.3942	50.5213	1.5905E-3	396.4189	713.2011	0.0114	50.5258	
demographic.popSize15	98.3251	204.8364	37.9497	4.4305E-3	377.7804	596.3955	0.0117	37.9521	
demographic.popSize16	103.2194	190.4829	46.3523	7.388E-3	379.6848	623.172	7.388E-3	46.3523	
demographic.popSize17	108.5355	206.8931	47.5729	3.0196E-3	396.0323	667.7852	0.0334	47.5921	
demographic.popSize18	110.0236	193.1197	49.5855	0.0189	415.4003	639.9235	0.0189	49.5855	
demographic.popSize19	112.6857	205.0999	52.2425	4.5369E-3	405.8536	738.4979	4.5369E-3	52.2425	
demographic.popSize20	109.3104	205.1151	47.2118	1.2315E-3	411.5373	633.4298	1.2315E-3	47.2118	
demographic.popSize21	114.9989	207.1414	53.1434	1.9257E-4	415.4048	689.9815	1.9257E-4	53.1434	
demographic.popSize22	118.1574	231.1646	53.2277	1.8058E-4	422.0881	641.8232	1.8058E-4	53.2277	
demographic.popSize23	116.5932	205.204	53.4156	0.0256	433.7509	680.2871	5.4002E-3	53.4156	
demographic.popSize24	116.3918	205.2697	55.0516	4.0195E-3	415.8602	703.3165	4.0195E-3	55.0516	
demographic.popSize25	111.9294	203.3562	50.2236	1.2826E-4	417.8109	564.51	0.0214	50.2344	
demographic.popSize26	115.3078	198.5024	56.169	3.6404E-3	402.5498	655.912	3.6404E-3	56.169	
demographic.popSize27	117.2204	209.3074	56.7999	4.444E-6	417.3967	615.5739	4.444E-6	56.7999	
demographic.popSize28	119.8787	203.7424	59.6588	4.8883E-4	434.1847	628.275	4.5654E-3	59.6588	
demographic.popSize29	118.6474	205.4989	55.5714	4.0859E-3	433.4683	671.0251	7.9748E-3	55.5714	
demographic.popSize30	117.2394	209.9999	55.5818	9.8272E-4	417.9976	613.7119	0.05	55.6026	
demographic.popSize31	118.3489	205.1395	58.5322	2.8208E-3	425.3967	670.5015	2.8208E-3	58.5322	
demographic.popSize32	115.8713	203.8139	55.3724	3.6353E-3	419.4617	687.3911	0.0205	55.3854	
demographic.popSize33	114.6467	215.1809	54.1449	4.0042E-3	400.5233	752.7106	0.0114	54.1449	
demographic.popSize34	119.3073	211.1469	55.8384	1.5924E-3	434.7128	664.2688	2.508E-3	55.8391	
demographic.popSize35	114.7667	192.5809	56.9948	3.3221E-3	418.3826	723.6616	9.1602E-3	56.9988	
demographic.popSize36	117.977	209.9708	57.5941	3.8604E-3	417.0113	696.6285	0.0112	57.5955	
demographic.popSize37	117.3346	204.2596	55.3835	3.6748E-3	422.7833	673.2363	3.6748E-3	55.3835	
demographic.popSize38	116.2971	210.5226	56.446	7.403E-4	409.38	687.7141	0.0113	56.446	
demographic.popSize39	114.1452	193.1796	57.7192	0.041	400.0322	663.1321	0.0554	57.7474	
demographic.popSize40	116.3961	211.2948	55.8538	4.8717E-4	411.6917	639.6848	1.7794E-3	55.8538	
demographic.popSize41	117.7378	208.4302	57.968	3.3265E-3	420.8915	669.5667	3.3265E-3	57.968	
demographic.popSize42	114.9043	197.9921	54.548	1.035E-4	423.1753	632.2405	1.0288E-3	54.548	
demographic.popSize43	117.8432	202.6715	54.2966	0.0222	431.7057	618.5034	0.0222	54.3114	
demographic.popSize44	116.3404	210.7336	54.3158	5.3945E-3	414.0969	641.4524	5.3945E-3	54.3158	
demographic.popSize45	112.8402	193.1507	55.1142	7.9679E-3	401.933	719.2586	7.9679E-3	55.1142	
demographic.popSize46	118.9923	215.7647	56.5658	3.3203E-3	419.3125	704.161	6.9493E-3	56.5658	
demographic.popSize47	116.6495	219.8777	53.9473	6.0565E-4	407.0037	692.5993	6.0565E-4	53.9473	
demographic.popSize48	116.8106	212.464	55.4119	2.7576E-3	419.317	672.9114	2.7576E-3	55.4119	
demographic.popSize49	119.7555	229.9924	56.7826	7.3715E-3	421.004	677.1689	0.0136	56.7826	
demographic.popSize50	115.1627	190.9622	56.0962	4.4746E-4	414.7613	676.7325	0.0857	56.1622	
demographic.popSize51	116.319	204.3078	55.1042	0.0176	410.5496	674.5864	0.0361	55.1114	
demographic.popSize52	115.2492	197.6134	55.3563	4.7306E-3	403.9298	751.8077	0.0127	55.3656	
demographic.popSize53	119.0632	219.9661	56.3888	5.2071E-3	419.4264	622.2072	3.2565E-3	56.3888	
demographic.popSize54	120.0464	211.6232	56.3328	0.0102	419.0566	622.5873	0.0327	56.3359	
demographic.popSize55	113.8285	193.587	54.8096	3.6145E-3	411.9462	645.0839	4.6591E-3	54.8096	
demographic.popSize56	117.6476	208.0319	55.4122	9.3962E-3	419.916	655.508	0.0594	55.4574	
demographic.popSize57	114.33	202.508	55.344	4.5324E-3	406.6587	661.3467	0.0105	55.344	
demographic.popSize58	117.5976	210.5549	55.7178	0.0154	419.0193	621.5064	6.52E-3	55.722	
demographic.popSize59	116.8369	206.4709	55.9209	5.9873E-4	412.1195	737.7939	0.025	55.9384	
demographic.popSize60	116.5001	205.4845	55.7158	0.0205	413.8653	671.2569	0.0188	55.7158	
demographic.popSize61	118.5256	210.4002	55.3142	1.0327E-3	420.7621	660.2748	0.0203	55.3326	
demographic.popSize62	120.5282	217.2702	55.6987	0.0141	438.151	648.7142	0.0362	55.711	
demographic.popSize63	117.6929	193.7688	55.8309	2.0628E-3	429.5054	673.2087	1.3829E-3	55.8309	
demographic.popSize64	116.4614	192.9054	56.0096	2.4833E-4	411.093	676.8992	3.9414E-3	56.0096	
demographic.popSize65	118.9069	215.8347	55.5796	1.976E-3	415.9972	666.1729	3.0099E-3	55.5798	
demographic.popSize66	117.5583	213.388	54.6024	0.0115	415.4175	713.2665	0.0115	54.6024	
demographic.popSize67	115.8021	202.634	54.5538	2.6822E-3	411.8999	658.2735	4.3755E-3	54.5538	
demographic.popSize68	118.2177	213.146	54.9923	1.2127E-5	422.1616	670.5255	1.2127E-5	54.9923	
demographic.popSize69	114.6564	206.8581	54.733	8.5267E-4	405.6604	790.2403	0.0137	54.7454	
demographic.popSize70	115.4076	191.8169	55.7242	8.632E-3	411.4205	633.5753	9.0121E-3	55.7242	
demographic.popSize71	114.3764	200.0771	53.9014	3.9006E-3	389.9471	664.3336	5.1019E-3	53.9014	
demographic.popSize72	118.7662	206.3279	55.348	1.9504E-3	427.2722	631.1678	1.9504E-3	55.348	
demographic.popSize73	116.8095	203.7743	55.8488	2.2521E-3	417.4865	633.4276	2.2521E-3	55.8488	
demographic.popSize74	118.5031	193.1151	55.47	1.1432E-4	434.1809	631.8069	5.7527E-3	55.47	
demographic.popSize75	116.6644	203.3853	53.7691	2.2061E-3	425.6822	703.3355	1.9645E-3	53.7691	
demographic.popSize76	113.0764	191.4905	54.149	0.0125	413.3534	715.3261	0.0125	54.149	
demographic.popSize77	116.3929	200.3389	54.8051	1.6908E-3	420.8712	661.2434	1.6908E-3	54.8051	
demographic.popSize78	115.4573	204.5607	53.1247	2.82E-3	411.7652	620.745	3.8668E-3	53.1247	
demographic.popSize79	114.8977	207.6972	54.2175	1.6714E-3	397.4612	694.37	0.0283	54.2323	
demographic.popSize80	116.5469	199.0411	55.0115	0.0192	418.6118	673.3982	0.0192	55.0115	
demographic.popSize81	114.8078	198.0709	54.3353	7.9808E-5	406.4382	622.0027	7.9808E-5	54.3353	
demographic.popSize82	120.0071	210.4739	55.9763	6.4531E-4	434.2024	599.7702	6.4531E-4	55.9763	
demographic.popSize83	117.0115	202.7948	55.098	4.7531E-5	418.8932	615.6116	4.7531E-5	55.098	
demographic.popSize84	115.9669	198.7806	55.2652	0.0122	410.6555	614.2799	9.0348E-3	55.2652	
demographic.popSize85	117.9349	204.1481	53.5927	1.2297E-3	433.6786	618.1967	0.0148	53.5978	
demographic.popSize86	117.4272	213.4565	55.0195	1.3E-3	411.1841	692.1852	0.0136	55.0275	
demographic.popSize87	116.6334	198.6558	55.2382	5.5151E-3	421.3748	684.5612	3.0842E-3	55.2382	
demographic.popSize88	115.8747	206.3411	54.5475	2.2022E-4	425.0108	693.6719	2.2022E-4	54.5475	
demographic.popSize89	115.2588	189.4448	54.845	2.2728E-3	423.7965	684.5999	2.2728E-3	54.845	
demographic.popSize90	119.5464	210.8515	54.5175	4.5404E-3	442.3958	643.6644	4.5404E-3	54.5175	
demographic.popSize91	117.5112	214.819	53.6643	8.3685E-4	416.43	655.5726	8.3685E-4	53.6643	
demographic.popSize92	116.9453	227.0577	54.9639	0.0145	424.3879	782.9832	0.0145	54.9703	
demographic.popSize93	117.2086	202.3455	56.2098	3.3792E-3	424.798	710.8935	2.5554E-3	56.2098	
demographic.popSize94	110.9878	194.9025	52.3678	3.7867E-3	393.7809	703.0389	3.7867E-3	52.3678	
demographic.popSize95	117.018	203.8496	54.5013	2.7044E-3	409.7011	648.4238	0.0336	54.5013	
demographic.popSize96	114.8531	193.1308	54.6008	0.0433	415.9208	681.4715	0.0215	54.6034	
demographic.popSize97	112.1796	179.2371	54.9515	7.322E-3	402.2803	680.3682	7.322E-3	54.9515	
demographic.popSize98	116.5321	215.3221	53.104	9.4774E-3	414.8324	615.5817	9.4774E-3	53.1058	
demographic.popSize99	116.9018	216.6796	53.5593	9.9428E-3	415.2305	674.8283	0.0597	53.583	
demographic.popSize100	118.5987	206.3661	55.1482	4.2708E-3	432.7509	647.6902	0.0115	55.1553	
demographic.popSize101	114.1528	184.0428	54.5137	3.7347E-3	415.0863	665.0612	7.7433E-3	54.5137	
demographic.popSize102	114.801	194.691	54.6415	1.9602E-3	417.6693	657.5308	1.9602E-3	54.6415	
demographic.popSize103	117.0132	215.7864	53.9191	3.2035E-4	420.1637	630.4279	3.6208E-3	53.9198	
demographic.popSize104	116.5955	201.9654	54.6357	1.5488E-4	430.8534	648.2921	1.5488E-4	54.6357	
demographic.popSize105	115.6815	208.1361	54.5304	4.2774E-3	405.0107	667.4314	8.308E-3	54.5309	
demographic.popSize106	116.4046	208.3574	54.2679	6.0354E-3	418.2475	660.6441	6.0354E-3	54.2679	
demographic.popSize107	116.1609	202.4825	54.7354	8.348E-3	413.8839	619.4292	8.348E-3	54.7354	
demographic.popSize108	115.1597	201.124	53.3802	3.5011E-3	407.7912	642.8303	0.0109	53.3875	
demographic.popSize109	116.4413	211.4103	55.2463	2.3827E-3	421.5496	692.326	2.3827E-3	55.2463	
demographic.popSize110	117.2946	203.5712	55.5423	6.1688E-3	424.4974	706.9206	6.1688E-3	55.5423	
demographic.popSize111	115.4268	193.6299	53.7852	1.0824E-3	415.9925	667.8793	3.8913E-5	53.7852	
demographic.popSize112	112.6764	196.7293	53.2003	3.154E-3	400.1863	674.7133	0.1096	53.3059	
demographic.popSize113	116.5572	197.2429	56.0466	2.57E-3	418.0726	669.8119	2.57E-3	56.0466	
demographic.popSize114	118.0472	224.097	52.9477	4.1541E-3	423.931	614.028	0.0563	52.983	
demographic.popSize115	115.4383	201.2209	55.035	6.4202E-4	422.3394	639.9573	6.4202E-4	55.035	
demographic.popSize116	114.1299	193.9025	54.1204	9.4241E-3	410.6268	639.1729	9.4241E-3	54.1204	
demographic.popSize117	117.6144	206.8976	56.2375	7.9172E-3	417.8384	689.0545	0.0123	56.2378	
demographic.popSize118	118.7439	222.8037	55.2798	7.9946E-3	429.3604	659.5319	0.0119	55.2798	
demographic.popSize119	113.6974	205.3978	55.0885	6.2108E-3	409.1996	677.3615	6.2108E-3	55.0885	
demographic.popSize120	115.7785	206.9746	54.064	5.0341E-3	403.6783	629.3713	2.5274E-3	54.064	
demographic.popSize121	113.3567	188.4671	53.1265	4.24E-3	411.4322	670.5368	0.0436	53.1512	
demographic.popSize122	113.5281	192.9223	52.4368	3.2781E-3	413.4477	651.4222	3.2781E-3	52.4368	
demographic.popSize123	115.231	222.7624	53.3233	1.6242E-3	399.6433	641.7941	1.6242E-3	53.3233	
demographic.popSize124	116.9507	203.4783	55.0644	1.9685E-3	433.7836	654.5459	0.024	55.0806	
demographic.popSize125	117.4964	211.1218	54.5215	9.3127E-3	424.4328	585.8128	9.3127E-3	54.5215	
demographic.popSize126	116.3571	208.089	54.2878	2.7126E-3	423.3009	662.313	2.7126E-3	54.2878	
demographic.popSize127	115.0572	202.6711	54.1369	2.5561E-3	424.2242	645.9419	2.5561E-3	54.1369	
demographic.popSize128	114.8173	196.4498	52.7478	9.1202E-4	416.3402	640.5792	2.5914E-3	52.7478	
demographic.popSize129	117.0919	207.8788	54.3507	2.5126E-3	425.8363	585.2494	0.0419	54.3604	
demographic.popSize130	115.9415	204.6012	54.9558	2.4874E-4	416.9786	683.0432	0.0171	54.9671	
demographic.popSize131	113.1584	189.1363	53.6012	6.9582E-3	414.0422	615.9745	0.0332	53.6204	
demographic.popSize132	115.7763	196.0982	54.8223	2.195E-3	419.4432	636.6437	0.0198	54.8279	
demographic.popSize133	116.5452	207.6337	55.399	1.649E-4	411.9128	655.5837	0.0835	55.4485	
demographic.popSize134	112.5397	184.5337	53.5756	1.6048E-3	412.6327	637.0248	0.0471	53.5775	
demographic.popSize135	116.529	205.7447	54.422	1.2597E-3	421.6796	675.7119	0.0391	54.4438	
demographic.popSize136	116.5522	226.7352	54.2545	9.4548E-4	428.1471	689.5657	0.0127	54.2648	
demographic.popSize137	115.8081	206.218	53.7209	1.9207E-3	421.1421	690.3018	1.6833E-3	53.7209	
demographic.popSize138	116.8432	215.1123	55.509	7.7757E-3	417.0516	625.3407	0.0189	55.5216	
demographic.popSize139	115.6899	203.287	54.1173	7.2216E-6	419.2827	661.5659	2.0503E-3	54.1173	
demographic.popSize140	116.8148	209.3717	55.4369	5.8596E-3	426.2206	615.7287	5.8596E-3	55.4369	
demographic.popSize141	115.7531	194.9993	55.3328	1.4677E-3	404.749	727.4807	1.4677E-3	55.3328	
demographic.popSize142	113.7822	186.8131	56.9777	0.0186	414.2983	688.0307	0.0264	56.9917	
demographic.popSize143	117.0341	198.0877	54.7848	1.6175E-3	428.8834	618.4067	2.5537E-3	54.7848	
demographic.popSize144	118.5705	211.7743	55.7116	1.4699E-3	427.4523	624.8304	1.4699E-3	55.7116	
demographic.popSize145	115.4871	204.917	54.6574	7.181E-4	411.5721	699.2841	0.0122	54.662	
demographic.popSize146	116.7764	199.5631	55.4418	2.8929E-3	421.8691	610.6743	9.1723E-3	55.4418	
demographic.popSize147	113.4907	195.0742	54.3338	1.6741E-3	393.7623	646.573	0.0263	54.354	
demographic.popSize148	117.4421	202.9803	54.3473	5.1523E-3	431.2003	628.5073	0.0299	54.3584	
demographic.popSize149	114.6275	201.5861	53.8347	0.0115	420.8306	655.683	0.0332	53.8436	
demographic.popSize150	116.6321	201.515	53.9521	3.4888E-3	433.386	719.6813	3.4888E-3	53.9521	
demographic.popSize151	114.9492	197.1745	53.8957	3.3246E-3	416.3541	661.2737	3.3246E-3	53.8957	
demographic.popSize152	115.5668	200.9708	55.141	3.2222E-3	424.0872	623.113	3.2222E-3	55.141	
demographic.popSize153	114.5919	196.6544	53.5139	1.5037E-3	414.4612	687.7222	4.5146E-3	53.5146	
demographic.popSize154	113.1233	189.7277	54.4488	0.0136	418.3579	665.1616	0.0193	54.4488	
demographic.popSize155	116.3006	212.2018	54.809	7.0109E-4	414.7632	647.3895	0.0108	54.8097	
demographic.popSize156	112.601	193.4666	55.0849	4.4198E-3	406.4418	683.0718	4.4198E-3	55.0849	
demographic.popSize157	116.7999	208.1318	54.2263	1.5273E-3	423.9614	619.8764	9.146E-4	54.2263	
demographic.popSize158	113.6318	194.7267	52.8864	2.521E-3	415.0068	656.2999	2.2924E-3	52.8864	
demographic.popSize159	117.1634	209.5452	53.8655	4.7882E-3	423.7993	622.1466	4.7882E-3	53.8655	
demographic.popSize160	113.5704	205.5307	53.4007	0.0123	408.6357	650.1493	0.0102	53.4007	
demographic.popSize161	115.5941	206.8636	53.9726	2.9338E-3	416.3606	685.5456	0.0214	53.9803	
demographic.popSize162	115.4097	200.9918	53.9959	5.5841E-3	414.8884	641.6018	5.5841E-3	53.9959	
demographic.popSize163	112.4187	193.4197	53.744	7.5612E-3	402.3444	709.328	4.768E-3	53.744	
demographic.popSize164	116.9861	206.2008	55.5625	3.3466E-3	418.6514	651.67	8.5915E-3	55.567	
demographic.popSize165	117.5504	211.4846	54.6586	2.1781E-3	419.0581	638.0757	2.1781E-3	54.6586	
demographic.popSize166	115.3592	202.2635	55.383	3.5815E-3	420.7423	723.5177	4.031E-3	55.383	
demographic.popSize167	114.5448	192.3662	54.3591	2.8557E-4	422.3796	644.2444	2.8557E-4	54.3591	
demographic.popSize168	116.5303	198.6338	55.0728	1.7113E-3	421.5375	701.9804	1.7113E-3	55.0728	
demographic.popSize169	114.1708	206.496	53.7554	0.0165	411.4874	680.7841	0.0137	53.7554	
demographic.popSize170	116.0265	198.8171	54.6187	2.1047E-3	427.5798	664.5248	0.0207	54.6265	
demographic.popSize171	117.7067	209.7624	55.391	8.0544E-3	424.1147	591.2457	8.1106E-3	55.391	
demographic.popSize172	115.5414	201.9329	54.4569	5.9791E-4	423.7206	624.3952	0.0101	54.4569	
demographic.popSize173	116.6722	203.3951	54.3911	7.9966E-4	424.1306	724.0052	2.528E-3	54.3911	
demographic.popSize174	113.3773	195.2654	55.3033	9.2519E-4	407.7016	659.8008	0.0234	55.3149	
demographic.popSize175	112.782	189.0378	54.7068	1.9557E-4	403.7871	696.5434	3.0813E-4	54.7068	
demographic.popSize176	114.0671	198.7551	54.2317	4.441E-3	408.9861	644.4244	0.0565	54.2534	
demographic.popSize177	113.432	197.9293	54.2286	2.3568E-3	406.3066	624.7529	2.3568E-3	54.2286	
demographic.popSize178	115.7078	198.6058	54.0314	3.2139E-4	417.6484	657.6824	3.2139E-4	54.0314	
demographic.popSize179	115.4014	206.8061	53.5724	5.6133E-3	419.2438	710.4428	0.0461	53.6078	
demographic.popSize180	114.4468	199.2035	53.206	3.3972E-3	429.6515	636.6568	3.3972E-3	53.206	
demographic.popSize181	115.4367	212.5379	53.2338	0.0106	419.7389	725.625	0.019	53.2338	
demographic.popSize182	114.7203	196.6912	54.665	6.4415E-3	411.8685	652.1986	0.012	54.6654	
demographic.popSize183	114.683	200.3975	55.2978	5.687E-3	406.3089	702.3743	0.0206	55.3014	
demographic.popSize184	114.6382	198.4828	53.6053	9.656E-3	420.2969	691.8735	9.656E-3	53.6053	
demographic.popSize185	114.5176	210.1239	53.509	2.9496E-3	413.0592	631.2341	0.0244	53.509	
demographic.popSize186	117.535	204.8648	54.7707	8.9891E-3	423.9134	624.7254	6.6523E-3	54.7707	
demographic.popSize187	116.1914	209.7713	53.6229	6.0172E-3	410.0372	698.0127	1.3183E-3	53.6229	
demographic.popSize188	114.8847	204.2586	55.4882	2.1116E-4	405.1936	694.1515	2.1116E-4	55.4882	
demographic.popSize189	114.2175	192.0965	55.6024	2.4982E-3	409.5467	653.7803	3.9901E-3	55.6024	
demographic.popSize190	116.788	227.3433	53.365	5.8401E-4	411.6003	713.3041	6.2152E-4	53.365	
demographic.popSize191	115.5157	200.1818	53.9974	8.2801E-4	421.2549	658.0289	0.0137	53.9974	
demographic.popSize192	116.3363	204.109	53.8668	4.0356E-4	426.7335	662.608	4.0356E-4	53.8668	
demographic.popSize193	116.6826	220.8838	53.6243	4.2564E-3	405.9464	685.7082	0.0235	53.6397	
demographic.popSize194	114.2996	201.6185	53.0224	2.2754E-3	422.3684	679.6965	2.9575E-3	53.0224	
demographic.popSize195	116.1995	201.9766	54.0889	3.3806E-3	420.0368	632.0473	3.3806E-3	54.0889	
demographic.popSize196	113.9141	189.4521	54.0463	4.5031E-3	412.5937	650.072	1.1807E-4	54.0463	
demographic.popSize197	113.9199	199.5614	54.166	1.8753E-3	399.733	700.4952	0.0421	54.1903	
demographic.popSize198	114.5197	207.6049	51.2606	1.2627E-3	414.4515	670.6226	0.0295	51.2681	
demographic.popSize199	113.9811	203.8082	52.0482	4.3658E-3	412.7485	661.0118	0.0216	52.0635	
demographic.popSize200	111.0971	203.3441	49.9663	1.9395E-3	406.5597	771.6513	1.9395E-3	49.9663	
demographic.indicators1	2.2947E-3	0.0478	0	0	0	40475.7283	0	0	
demographic.indicators2	3.5533E-3	0.0595	0	0	0	1515.0561	0	0	
demographic.indicators3	6.992E-3	0.0833	0	0	0	742.2364	0	0	
demographic.indicators4	0.0133	0.1146	0	0	0	303.4745	0	0	
demographic.indicators5	0.0349	0.1835	0	0	0	241.8835	0	0	
demographic.indicators6	0.0455	0.2085	0	0	0	235.2058	0	0	
demographic.indicators7	0.0336	0.1801	0	0	0	242.2821	0	0	
demographic.indicators8	0.0111	0.1047	0	0	0	300.5298	0	0	
demographic.indicators9	0.0265	0.1607	0	0	0	261.6085	0	0	
demographic.indicators10	0.1181	0.3227	0	0	1	205.4144	0	0	
demographic.indicators11	0.0237	0.152	0	0	0	255.4908	0	0	
demographic.indicators12	0.1024	0.3032	0	0	1	220.2167	0	0	
demographic.indicators13	0.0408	0.1978	0	0	0	230.2755	0	0	
demographic.indicators14	0.1391	0.346	0	0	1	210.7764	0	0	
demographic.indicators15	0.0815	0.2736	0	0	1	223.8829	0	0	
demographic.indicators16	0.0736	0.2612	0	0	1	230.5553	0	0	
demographic.indicators17	0.0689	0.2534	0	0	1	218.1532	0	0	
demographic.indicators18	0.0264	0.1604	0	0	0	387.2943	0	0	
demographic.indicators19	0.0695	0.2542	0	0	1	228.6081	0	0	
demographic.indicators20	0.0104	0.1013	0	0	0	586.2855	0	0	
demographic.indicators21	0.0148	0.1207	0	0	0	499.1337	0	0	
demographic.indicators22	0.0188	0.1359	0	0	0	338.4943	0	0	
demographic.indicators23	0.0183	0.1342	0	0	0	392.0232	0	0	
demographic.indicators24	0.0605	0.2383	0	0	1	253.287	0	0	
demographic.indicators25	0.0233	0.1509	0	0	0	449.7634	0	0	
demographic.indicators26	0.0364	0.1873	0	0	0	325.7432	0	0	
demographic.indicators27	0.0362	0.1869	0	0	0	355.2036	0	0	
demographic.indicators28	0.0108	0.1034	0	0	0	1286.8607	0	0	
demographic.indicators29	0.0148	0.1209	0	0	0	580.5989	0	0	
demographic.indicators30	0.0418	0.2	0	0	0	399.8442	0	0	
demographic.indicators31	0.0209	0.1431	0	0	0	508.8464	0	0	
demographic.indicators32	0.0199	0.1396	0	0	0	467.4521	0	0	
demographic.indicators33	0.0175	0.1312	0	0	0	423.9007	0	0	
demographic.indicators34	0.0239	0.1526	0	0	0	496.9329	0	0	
demographic.indicators35	0.023	0.1499	0	0	0	331.4935	0	0	
demographic.indicators36	0.0171	0.1298	0	0	0	602.8163	0	0	
demographic.indicators37	0.0243	0.154	0	0	0	431.6329	0	0	
demographic.indicators38	0.0307	0.1725	0	0	0	457.124	0	0	
demographic.indicators39	8.856E-3	0.0937	0	0	0	1336.6308	0	0	
demographic.indicators40	0.0276	0.1639	0	0	0	408.2134	0	0	
demographic.indicators41	0.013	0.1133	0	0	0	799.0597	0	0	
demographic.indicators42	7.732E-3	0.0876	0	0	0	1628.7445	0	0	
demographic.indicators43	0.0104	0.1016	0	0	0	1591.68	0	0	
demographic.indicators44	0.0184	0.1344	0	0	0	752.5396	0	0	
demographic.indicators45	0.0268	0.1616	0	0	0	445.9112	0	0	
demographic.indicators46	0.0107	0.1029	0	0	0	854.6175	0	0	
demographic.indicators47	0.0108	0.1032	0	0	0	829.789	0	0	
demographic.indicators48	0.0133	0.1145	0	0	0	909.482	0	0	
demographic.indicators49	0.0157	0.1243	0	0	0	517.7187	0	0	
demographic.indicators50	0.0128	0.1123	0	0	0	1056.5458	0	0	
demographic.indicators51	0.023	0.1499	0	0	0	497.2923	0	0	
demographic.indicators52	0.0157	0.1244	0	0	0	671.3717	0	0	
demographic.indicators53	0.0207	0.1422	0	0	0	797.2978	0	0	
demographic.indicators54	0.0231	0.1502	0	0	0	493.258	0	0	
demographic.indicators55	0.0165	0.1273	0	0	0	660.7827	0	0	
demographic.indicators56	7.0773E-3	0.0838	0	0	0	615.101	0	0	
demographic.indicators57	0.0176	0.1314	0	0	0	605.0223	0	0	
demographic.indicators58	0.0154	0.123	0	0	0	459.8634	0	0	
demographic.indicators59	0.0165	0.1273	0	0	0	758.4382	0	0	
demographic.indicators60	0.0201	0.1403	0	0	0	643.8069	0	0	
demographic.indicators61	0.0212	0.144	0	0	0	525.3491	0	0	
demographic.indicators62	0.0141	0.1178	0	0	0	691.7726	0	0	
demographic.indicators63	0.0192	0.1372	0	0	0	536.5527	0	0	
demographic.indicators64	0.0134	0.1148	0	0	0	844.3834	0	0	
demographic.indicators65	0.0146	0.1201	0	0	0	843.759	0	0	
demographic.indicators66	0.0111	0.1047	0	0	0	866.6431	0	0	
demographic.indicators67	0.0167	0.1282	0	0	0	597.0103	0	0	
demographic.indicators68	6.6773E-3	0.0814	0	0	0	1054.8259	0	0	
demographic.indicators69	0.0148	0.1209	0	0	0	859.4595	0	0	
demographic.indicators70	8.704E-3	0.0929	0	0	0	967.04	0	0	
demographic.indicators71	9.808E-3	0.0985	0	0	0	383.6691	0	0	
demographic.indicators72	0.0133	0.1146	0	0	0	740.2147	0	0	
demographic.indicators73	0.0163	0.1266	0	0	0	318.3256	0	0	
demographic.indicators74	6.52E-3	0.0805	0	0	0	548.7514	0	0	
demographic.indicators75	5.3747E-3	0.0731	0	0	0	1756.0666	0	0	
demographic.indicators76	0.0102	0.1003	0	0	0	835.185	0	0	
demographic.indicators77	0.0109	0.1037	0	0	0	1155.2072	0	0	
demographic.indicators78	0.012	0.1088	0	0	0	925.3155	0	0	
demographic.indicators79	0.0115	0.1068	0	0	0	657.4106	0	0	
demographic.indicators80	6.6853E-3	0.0815	0	0	0	1162.5065	0	0	
demographic.indicators81	5.8213E-3	0.0761	0	0	0	482.9733	0	0	
demographic.indicators82	6.9653E-3	0.0832	0	0	0	581.1206	0	0	
demographic.indicators83	0.0143	0.1188	0	0	0	372.4175	0	0	
demographic.indicators84	5.336E-3	0.0729	0	0	0	1553.3526	0	0	
demographic.indicators85	5.456E-3	0.0737	0	0	0	1999.3837	0	0	
demographic.indicators86	9.4267E-3	0.0966	0	0	0	1017.1531	0	0	
demographic.indicators87	8.4053E-3	0.0913	0	0	0	1278.5879	0	0	
demographic.indicators88	2.6693E-3	0.0516	0	0	0	1550.2723	0	0	
demographic.indicators89	4.2467E-3	0.065	0	0	0	2075.9099	0	0	
demographic.indicators90	3.52E-3	0.0592	0	0	0	2263.0525	0	0	
demographic.indicators91	8.7307E-3	0.093	0	0	0	725.0001	0	0	
demographic.indicators92	3.272E-3	0.0571	0	0	0	3039.6444	0	0	
demographic.indicators93	0.0102	0.1006	0	0	0	614.2752	0	0	
demographic.indicators94	3.7453E-3	0.0611	0	0	0	1822.6424	0	0	
demographic.indicators95	7.136E-3	0.0842	0	0	0	982.3101	0	0	
demographic.indicators96	9.2107E-3	0.0955	0	0	0	900.1683	0	0	
demographic.indicators97	5.2947E-3	0.0726	0	0	0	1299.005	0	0	
demographic.indicators98	1.56E-3	0.0395	0	0	0	15428.1242	0	0	
demographic.indicators99	3.924E-3	0.0625	0	0	0	1623.449	0	0	
demographic.indicators100	5.0747E-3	0.0711	0	0	0	829.6193	0	0	
demographic.indicators101	7.048E-3	0.0837	0	0	0	705.3049	0	0	
demographic.indicators102	4.704E-3	0.0684	0	0	0	2026.2442	0	0	
demographic.indicators103	6.1253E-3	0.078	0	0	0	691.7826	0	0	
demographic.indicators104	4.284E-3	0.0653	0	0	0	1661.2197	0	0	
demographic.indicators105	4.7427E-3	0.0687	0	0	0	1526.2915	0	0	
demographic.indicators106	4.4813E-3	0.0668	0	0	0	1285.3304	0	0	
demographic.indicators107	5.5627E-3	0.0744	0	0	0	958.5927	0	0	
demographic.indicators108	6.1853E-3	0.0784	0	0	0	1000.3833	0	0	
demographic.indicators109	0.0113	0.1057	0	0	0	560.6976	0	0	
demographic.indicators110	8.1173E-3	0.0897	0	0	0	447.4863	0	0	
demographic.indicators111	2.36E-3	0.0485	0	0	0	1728.3956	0	0	
demographic.indicators112	3.88E-3	0.0622	0	0	0	698.8707	0	0	
demographic.indicators113	1.0853E-3	0.0329	0	0	0	25016.0156	0	0	
demographic.indicators114	6.1587E-3	0.0782	0	0	0	451.6514	0	0	
demographic.indicators115	4.5107E-3	0.067	0	0	0	1887.806	0	0	
demographic.indicators116	9.7667E-3	0.0983	0	0	0	720.6598	0	0	
demographic.indicators117	3.2693E-3	0.0571	0	0	0	1542.3252	0	0	
demographic.indicators118	2.7627E-3	0.0525	0	0	0	1210.9707	0	0	
demographic.indicators119	2.8547E-3	0.0534	0	0	0	1538.5212	0	0	
demographic.indicators120	3.1187E-3	0.0558	0	0	0	4075.9123	0	0	
demographic.indicators121	1.9587E-3	0.0442	0	0	0	2975.3399	0	0	
demographic.indicators122	4.3133E-3	0.0655	0	0	0	1261.041	0	0	
demographic.indicators123	3.8293E-3	0.0618	0	0	0	3939.8561	0	0	
demographic.indicators124	2.84E-3	0.0532	0	0	0	2874.9349	0	0	
demographic.indicators125	3.4747E-3	0.0588	0	0	0	3686.224	0	0	
demographic.indicators126	3.2587E-3	0.057	0	0	0	1564.3216	0	0	
demographic.indicators127	3.4493E-3	0.0586	0	0	0	2277.5818	0	0	
demographic.indicators128	3.86E-3	0.062	0	0	0	1509.9436	0	0	
demographic.indicators129	3.504E-3	0.0591	0	0	0	3348.0804	0	0	
demographic.indicators130	2.9547E-3	0.0543	0	0	0	2770.0096	0	0	
demographic.indicators131	4.8307E-3	0.0693	0	0	0	1679.4578	0	0	
demographic.indicators132	3.9947E-3	0.0631	0	0	0	1503.285	0	0	
demographic.indicators133	2.3187E-3	0.0481	0	0	0	6172.9168	0	0	
demographic.indicators134	3.9893E-3	0.063	0	0	0	2099.3773	0	0	
demographic.indicators135	4.6693E-3	0.0682	0	0	0	2610.8624	0	0	
demographic.indicators136	7.428E-3	0.0859	0	0	0	1056.5353	0	0	
demographic.indicators137	4.4933E-3	0.0669	0	0	0	1747.9948	0	0	
demographic.indicators138	2.672E-3	0.0516	0	0	0	4123.7681	0	0	
demographic.indicators139	7.548E-3	0.0866	0	0	0	795.3756	0	0	
demographic.indicators140	3.7907E-3	0.0615	0	0	0	2880.9125	0	0	
demographic.indicators141	8.5573E-3	0.0921	0	0	0	606.4677	0	0	
demographic.indicators142	2.496E-3	0.0499	0	0	0	4646.2679	0	0	
demographic.indicators143	7.1827E-3	0.0844	0	0	0	1137.6653	0	0	
demographic.indicators144	4.7507E-3	0.0688	0	0	0	2735.1305	0	0	
demographic.indicators145	4.9507E-3	0.0702	0	0	0	2260.6702	0	0	
demographic.indicators146	6.1467E-3	0.0782	0	0	0	1709.1073	0	0	
demographic.indicators147	4.1787E-3	0.0645	0	0	0	1664.6664	0	0	
demographic.indicators148	4.2827E-3	0.0653	0	0	0	1959.296	0	0	
demographic.indicators149	4.4453E-3	0.0665	0	0	0	3008.2536	0	0	
demographic.indicators150	7.6653E-3	0.0872	0	0	0	1557.3744	0	0	
demographic.indicators151	2.8213E-3	0.053	0	0	0	5406.8675	0	0	
demographic.indicators152	4.3653E-3	0.0659	0	0	0	3411.256	0	0	
demographic.indicators153	5.4453E-3	0.0736	0	0	0	2056.016	0	0	
demographic.indicators154	5.7093E-3	0.0753	0	0	0	1828.0085	0	0	
demographic.indicators155	4.0787E-3	0.0637	0	0	0	1873.114	0	0	
demographic.indicators156	0.0109	0.1041	0	0	0	534.9322	0	0	
demographic.indicators157	2.5093E-3	0.05	0	0	0	4402.7318	0	0	
demographic.indicators158	3.0867E-3	0.0555	0	0	0	3176.8197	0	0	
demographic.indicators159	4.624E-3	0.0678	0	0	0	3032.5428	0	0	
demographic.indicators160	5.2267E-3	0.0721	0	0	0	1617.2069	0	0	
demographic.indicators161	3.6547E-3	0.0603	0	0	0	3860.9807	0	0	
demographic.indicators162	4.0333E-3	0.0634	0	0	0	3704.3391	0	0	
demographic.indicators163	4.0387E-3	0.0634	0	0	0	1331.481	0	0	
demographic.indicators164	4.476E-3	0.0668	0	0	0	4035.9992	0	0	
demographic.indicators165	5.2307E-3	0.0721	0	0	0	1866.4794	0	0	
demographic.indicators166	3.9147E-3	0.0624	0	0	0	5873.2898	0	0	
demographic.indicators167	4.8467E-3	0.0694	0	0	0	2766.6322	0	0	
demographic.indicators168	4.492E-3	0.0669	0	0	0	5632.3176	0	0	
demographic.indicators169	5E-3	0.0705	0	0	0	3625.8723	0	0	
demographic.indicators170	5.2667E-3	0.0724	0	0	0	1900.0469	0	0	
demographic.indicators171	4.1253E-3	0.0641	0	0	0	3656.0287	0	0	
demographic.indicators172	5.896E-3	0.0766	0	0	0	3156.0138	0	0	
demographic.indicators173	7.8093E-3	0.088	0	0	0	1858.2225	0	0	
demographic.indicators174	8.7253E-3	0.093	0	0	0	774.3943	0	0	
demographic.indicators175	7.5893E-3	0.0868	0	0	0	2318.1702	0	0	
demographic.indicators176	5.8067E-3	0.076	0	0	0	3405.7875	0	0	
demographic.indicators177	3.2373E-3	0.0568	0	0	0	6282.3982	0	0	
demographic.indicators178	5.8707E-3	0.0764	0	0	0	1834.9193	0	0	
demographic.indicators179	2.6747E-3	0.0516	0	0	0	6128.3067	0	0	
demographic.indicators180	6.0507E-3	0.0776	0	0	0	993.0907	0	0	
demographic.indicators181	3.7267E-3	0.0609	0	0	0	8781.3267	0	0	
demographic.indicators182	6.7507E-3	0.0819	0	0	0	1739.9433	0	0	
demographic.indicators183	6.0173E-3	0.0773	0	0	0	3222.1245	0	0	
demographic.indicators184	7.332E-3	0.0853	0	0	0	2243.2929	0	0	
demographic.indicators185	4.0507E-3	0.0635	0	0	0	3367.5364	0	0	
demographic.indicators186	5.776E-3	0.0758	0	0	0	2708.8373	0	0	
demographic.indicators187	4.1853E-3	0.0646	0	0	0	9139.3974	0	0	
demographic.indicators188	4.6707E-3	0.0682	0	0	0	8374.7041	0	0	
demographic.indicators189	6.76E-3	0.0819	0	0	0	2429.045	0	0	
demographic.indicators190	8.0373E-3	0.0893	0	0	0	3666.7224	0	0	
demographic.indicators191	7.748E-3	0.0877	0	0	0	3919.6659	0	0	
demographic.indicators192	8.5453E-3	0.092	0	0	0	2747.3381	0	0	
demographic.indicators193	0.0108	0.1034	0	0	0	2114.2405	0	0	
demographic.indicators194	0.0121	0.1093	0	0	0	2318.9371	0	0	
demographic.indicators195	0.0154	0.1231	0	0	0	1883.485	0	0	
demographic.indicators196	0.0166	0.1279	0	0	0	2658.9799	0	0	
demographic.indicators197	0.03	0.1705	0	0	0	1170.4701	0	0	
demographic.indicators198	0.0376	0.1903	0	0	0	1857.3097	0	0	
demographic.indicators199	0.0484	0.2145	0	0	0	1246.9148	0	0	
kappa	2.2301	0.1451	2.2256	1.9538	2.522	33732.8999	2.1308	2.3245	
frequencies1	0.2785	0.0106	0.2784	0.2574	0.2988	12629.764	0.2698	0.2841	
frequencies2	0.1983	9.1615E-3	0.1982	0.1809	0.217	11732.215	0.1919	0.2041	
frequencies3	0.1911	8.7896E-3	0.1909	0.1739	0.2083	13227.2288	0.1857	0.1973	
frequencies4	0.3321	0.0116	0.3321	0.3098	0.3552	10153.8709	0.3248	0.3403	
alpha	0.4294	0.0345	0.4279	0.3623	0.4967	37965.8501	0.4027	0.4489	
default.ucld.mean	1.3338E-3	3.2629E-4	1.288E-3	7.6109E-4	2.0037E-3	255.9104	1.0139E-3	1.4206E-3	
default.ucld.stdev	5.7852E-3	3.0349E-3	5.0525E-3	1.7123E-3	0.0117	320.4869	2.933E-3	5.7109E-3	
host_groups.ucld.mean	9.9148E-3	2.3942E-3	9.6952E-3	5.4448E-3	0.0147	442.8711	7.7614E-3	0.0109	
host_groups.ucld.stdev	0.0107	0.0101	8.0857E-3	8.8324E-7	0.0296	578.4406	1.8732E-6	8.0866E-3	
default.meanRate	8.67E-4	1.4496E-4	8.5785E-4	5.9078E-4	1.1568E-3	244.1333	7.4661E-4	9.4027E-4	
default.coefficientOfVariation	2.4481	0.4901	2.3461	1.6708	3.4902	295.2661	1.9616	2.5017	
default.covariance	0.0345	0.0528	0.0232	-0.0477	0.1455	574.7102	-0.0187	0.0367	
host_groups.meanRate	0.0105	2.8877E-3	0.0101	5.4494E-3	0.0162	489.5735	7.8859E-3	0.0114	
host_groups.coefficientOfVariation	0.9854	0.7412	0.8335	1.3899E-4	2.4157	467.3965	2.6119E-4	0.8336	
host_groups.covariance	-0.0032	0.0491	-0.0069	-0.0942	0.0968	14964.1682	-0.0448	0.0183	
host_groups.rates.Amaranthaceae.Brassicaceae	0.8491	0.7012	0.6803	7.3852E-5	2.1556	9820.6186	0.1394	0.779	
host_groups.rates.Amaranthaceae.Fabaceae	1.3256	0.7791	1.1858	0.0772	2.8573	3108.6173	0.5336	1.4266	
host_groups.rates.Amaranthaceae.Poaceae	1.704	0.8779	1.5528	0.2624	3.4347	3307.439	0.8277	1.8585	
host_groups.rates.Amaranthaceae.Solanaceae	0.8484	0.9062	0.5538	1.5717E-4	2.6705	10215.2667	7.1569E-4	0.554	
host_groups.rates.Brassicaceae.Fabaceae	0.8902	0.9286	0.597	3.5432E-5	2.7488	9006.4734	3.486E-5	0.597	
host_groups.rates.Brassicaceae.Poaceae	0.844	0.6391	0.693	1.6237E-4	2.0593	5086.954	0.1665	0.7986	
host_groups.rates.Brassicaceae.Solanaceae	1.2691	0.9289	1.0999	5.1168E-5	3.0093	2734.8958	0.1554	1.2408	
host_groups.rates.Fabaceae.Poaceae	0.9323	0.733	0.762	1.4179E-4	2.3126	6932.1653	0.1747	0.8923	
host_groups.rates.Fabaceae.Solanaceae	0.9018	0.9518	0.5924	9.2748E-5	2.8181	9030.5159	1.0641E-3	0.593	
host_groups.rates.Poaceae.Solanaceae	1.2762	0.7658	1.1274	0.0835	2.772	2996.259	0.4763	1.3311	
host_groups.rates.Brassicaceae.Amaranthaceae	0.817	0.9037	0.5154	2.3454E-5	2.6362	7959.3819	6.9941E-5	0.5154	
host_groups.rates.Fabaceae.Amaranthaceae	0.8212	0.8777	0.5427	1.9073E-5	2.5736	7959.0225	1.9073E-5	0.5427	
host_groups.rates.Poaceae.Amaranthaceae	0.8029	0.8435	0.544	1.4632E-4	2.4581	8897.5072	2.2598E-4	0.544	
host_groups.rates.Solanaceae.Amaranthaceae	0.8398	0.9296	0.5256	2.876E-5	2.7207	8201.7301	3.9935E-5	0.5256	
host_groups.rates.Fabaceae.Brassicaceae	0.799	0.7352	0.601	5.2191E-6	2.1775	6429.9128	0.0548	0.6471	
host_groups.rates.Poaceae.Brassicaceae	1.2105	0.7557	1.0655	3.9065E-4	2.6425	3684.0733	0.4465	1.2872	
host_groups.rates.Solanaceae.Brassicaceae	0.9204	0.7922	0.7296	2.1708E-5	2.4138	8068.7802	2.1592E-3	0.7313	
host_groups.rates.Poaceae.Fabaceae	1.2284	0.9234	1.0369	6.2911E-6	2.9839	2248.9773	0.1324	1.1516	
host_groups.rates.Solanaceae.Fabaceae	0.785	0.589	0.648	1.6965E-3	1.8892	13257.1229	0.1875	0.7565	
host_groups.rates.Solanaceae.Poaceae	0.8947	0.9436	0.5865	7.2079E-5	2.795	9344.8993	3.2887E-4	0.5867	
host_groups.indicators.Amaranthaceae.Brassicaceae	0.7361	0.4407	1	0	1	1348.7596	1	1	
host_groups.indicators.Amaranthaceae.Fabaceae	0.9657	0.1821	1	1	1	2213.9917	1	1	
host_groups.indicators.Amaranthaceae.Poaceae	0.9966	0.0578	1	1	1	5591.8652	1	1	
host_groups.indicators.Amaranthaceae.Solanaceae	0.2955	0.4563	0	0	1	5087.8965	0	0	
host_groups.indicators.Brassicaceae.Fabaceae	0.2368	0.4251	0	0	1	8160.8472	0	0	
host_groups.indicators.Brassicaceae.Poaceae	0.927	0.2601	1	0	1	2428.1841	1	1	
host_groups.indicators.Brassicaceae.Solanaceae	0.723	0.4475	1	0	1	718.0237	1	1	
host_groups.indicators.Fabaceae.Poaceae	0.7541	0.4306	1	0	1	1402.613	1	1	
host_groups.indicators.Fabaceae.Solanaceae	0.1417	0.3487	0	0	1	21261.7446	0	0	
host_groups.indicators.Poaceae.Solanaceae	0.9803	0.1389	1	1	1	2390.079	1	1	
host_groups.indicators.Brassicaceae.Amaranthaceae	0.2885	0.4531	0	0	1	9320.3495	0	0	
host_groups.indicators.Fabaceae.Amaranthaceae	0.3837	0.4863	0	0	1	5897.2779	0	0	
host_groups.indicators.Poaceae.Amaranthaceae	0.4579	0.4982	0	0	1	3760.8433	0	0	
host_groups.indicators.Solanaceae.Amaranthaceae	0.2444	0.4297	0	0	1	11346.2964	0	0	
host_groups.indicators.Fabaceae.Brassicaceae	0.6967	0.4597	1	0	1	1633.6306	1	1	
host_groups.indicators.Poaceae.Brassicaceae	0.9435	0.2309	1	0	1	1160.0929	1	1	
host_groups.indicators.Solanaceae.Brassicaceae	0.6164	0.4863	1	0	1	1004.2939	1	1	
host_groups.indicators.Poaceae.Fabaceae	0.7311	0.4434	1	0	1	760.128	1	1	
host_groups.indicators.Solanaceae.Fabaceae	0.9045	0.2939	1	0	1	3120.9763	1	1	
host_groups.indicators.Solanaceae.Poaceae	0.1624	0.3688	0	0	1	17485.9843	0	0	
host_groups.nonZeroRates	12.186	1.6998	12	9	15	2510.3811	10	12	
default.treeLikelihood	-7423.1278	15.2062	-7422.5123	-7453.3582	-7394.0651	576.0526	-7431.4709	-7410.7855	
default.branchRates	-2382.6079	0	0	0	0	NaN	0	0	
host_groups.branchRates	-2382.6079	0	0	0	0	NaN	0	0	
c_host_groups.count[1]	47.6219	5.0332	47	39	57	1186.7178	42	48	
c_allTransitions[1]	47.6208	5.0323	47	39	57	1186.1169	42	48	
coalescent	-1197.8228	36.685	-1197.7538	-1269.3612	-1125.2416	230.1945	-1221.1961	-1172.3918	

