burnIn   <= 25000000,   maxState  = 100000000
statistic	mean	stdErr	median	hpdLower	hpdUpper	ESS	50hpdLower	50hpdUpper
joint	-14268.6348	144.9922	-14270.9643	-14547.1751	-13981.2032	245.8251	-14373.7558	-14177.0817	
prior	-7010.5878	145.5019	-7012.8944	-7288.4987	-6721.2838	242.9063	-7124.6957	-6926.7375	
likelihood	-7258.047	18.0557	-7258.5573	-7292.5924	-7221.5782	675.1196	-7271.4664	-7247.6	
treeModel.rootHeight	142.2589	38.2303	136.759	78.5127	217.0582	339.478	106.9015	152.7059	
age(root)	1880.7411	38.2303	1886.241	1805.9418	1944.4873	339.478	1870.2941	1916.0985	
treeLength	1964.2264	318.5196	1922.5481	1415.3502	2633.5797	224.1378	1660.8004	2047.6817	
tmrca(ingroup)	142.2589	38.2303	136.759	78.5127	217.0582	339.478	106.9015	152.7059	
age(ingroup)	1880.7411	38.2303	1886.241	1805.9418	1944.4873	339.478	1870.2941	1916.0985	
demographic.populationSizeChanges	2.8845	0.7412	3	2	4	533.461	3	3	
demographic.populationMean	96.2959	80.5046	75.6319	9.1771	225.6718	272.7853	27.1636	83.7478	
demographic.popSize1	108.8545	131.4141	66.9333	1.2655	385.0818	256.3504	6.693	72.0993	
demographic.popSize2	93.9168	138.7984	50.2205	8.5706E-3	322.7455	934.0635	8.5706E-3	50.2205	
demographic.popSize3	93.8822	145.9198	48.5368	1.2052E-3	329.9715	837.3986	1.2052E-3	48.5368	
demographic.popSize4	93.9826	154.4411	48.0037	4.0484E-4	334.9334	887.8637	8.0617E-3	48.0047	
demographic.popSize5	97.0592	154.3999	48.8185	7.464E-3	335.3414	872.4204	0.0274	48.8185	
demographic.popSize6	92.3744	145.4527	46.1205	7.2801E-5	333.597	793.4743	7.2801E-5	46.1205	
demographic.popSize7	93.592	130.4806	49.8982	0.0105	331.3789	953.0126	3.8191E-3	49.8982	
demographic.popSize8	95.8284	150.2778	49.0571	3.4E-3	332.6671	791.3955	2.4165E-4	49.0571	
demographic.popSize9	87.355	136.3709	43.7799	9.7452E-3	315.179	755.12	0.0124	43.7883	
demographic.popSize10	85.2475	137.537	42.0112	4.6021E-3	302.7314	886.1463	5.4696E-4	42.0112	
demographic.popSize11	83.7916	147.8403	38.4396	6.7345E-3	310.7302	720.3103	6.7345E-3	38.4396	
demographic.popSize12	96.323	148.9577	50.475	2.1266E-4	335.3399	773.0488	8.426E-3	50.4751	
demographic.popSize13	87.7538	137.3418	44.2	3.5481E-5	318.1085	836.7484	0.0385	44.2025	
demographic.popSize14	95.4849	146.8793	48.9811	5.0136E-3	337.2105	832.6323	5.0136E-3	48.9811	
demographic.popSize15	96.1404	155.1961	50.2873	1.01E-3	332.9626	879.4223	8.09E-3	50.2923	
demographic.popSize16	92.6442	145.8698	46.8857	8.6944E-4	329.0657	822.2651	8.8525E-3	46.8859	
demographic.popSize17	93.2357	142.6644	47.9119	0.0179	327.5878	838.4498	1.4108E-4	47.9119	
demographic.popSize18	86.5689	152.3663	39.6315	1.0445E-3	320.009	712.1901	1.0445E-3	39.6315	
demographic.popSize19	91.9345	146.1423	45.7364	0.0135	332.0828	745.6715	0.0109	45.7364	
demographic.popSize20	94.9246	151.5333	47.012	6.6035E-3	329.8069	787.0762	0.0605	47.0493	
demographic.popSize21	91.8098	152.7525	46.6381	0.0118	324.2098	809.7704	0.0118	46.6381	
demographic.popSize22	84.7542	140.1796	38.5565	0.0135	325.4024	725.9959	0.0135	38.5656	
demographic.popSize23	94.5027	141.578	49.0934	3.1586E-3	329.702	912.5693	3.1586E-3	49.0934	
demographic.popSize24	93.823	144.6496	48.6137	3.5937E-3	329.5225	900.4107	3.5937E-3	48.6137	
demographic.popSize25	96.2966	156.4399	49.0627	0.0223	338.6558	868.0896	0.0564	49.1011	
demographic.popSize26	96.3131	148.3675	50.1562	9.8607E-3	334.1876	902.006	9.8607E-3	50.1562	
demographic.popSize27	96.9639	160.9207	50.1884	4.2614E-3	341.4409	955.7997	4.2614E-3	50.1884	
demographic.popSize28	96.8386	151.171	48.9653	3.4732E-3	339.1306	805.8186	0.0391	48.9833	
demographic.popSize29	95.427	146.2095	49.7909	5.2489E-3	330.8919	863.0981	5.2489E-3	49.7909	
demographic.popSize30	95.739	138.0266	50.4306	3.1891E-3	335.2812	842.2228	0.0109	50.4306	
demographic.popSize31	95.8147	150.6976	49.8541	5.7439E-4	331.4106	972.7441	0.0258	49.8627	
demographic.popSize32	95.515	146.717	50.345	1.036E-3	330.7728	946.0892	1.5789E-3	50.345	
demographic.popSize33	96.3672	150.9989	50.4676	0.0103	342.2196	946.0384	6.9404E-3	50.4676	
demographic.popSize34	98.1237	151.654	49.8454	2.1319E-3	344.8334	724.0838	2.1319E-3	49.8454	
demographic.popSize35	96.249	148.6282	49.5158	6.9412E-3	335.149	884.9694	5.7345E-3	49.5158	
demographic.popSize36	96.0617	148.7654	49.3906	2.381E-3	330.4542	888.6399	5.8107E-3	49.3922	
demographic.popSize37	96.6059	148.0946	50.1821	7.1387E-3	336.376	913.3383	0.0277	50.1846	
demographic.popSize38	94.2261	138.7442	49.2576	1.1086E-3	332.0973	902.4483	8.7268E-4	49.2576	
demographic.popSize39	96.7646	156.551	49.9863	4.8304E-3	333.6189	916.9114	1.336E-4	49.9863	
demographic.popSize40	96.3096	150.7586	50.1984	3.1273E-3	332.1	884.4915	3.1273E-3	50.1984	
demographic.popSize41	95.9788	142.3375	49.7807	5.8559E-4	337.5385	914.5258	0.0568	49.8231	
demographic.popSize42	97.4487	153.6516	50.269	0.0105	338.0613	822.0705	0.0208	50.2771	
demographic.popSize43	96.6338	149.1323	50.3807	1.0253E-4	334.3294	888.5979	3.11E-4	50.3807	
demographic.popSize44	95.2501	146.418	50.104	0.0177	330.2456	837.2391	0.0262	50.104	
demographic.popSize45	96.3234	150.0568	50.5401	3.3699E-3	329.3009	838.5647	0.027	50.5558	
demographic.popSize46	94.3704	137.8619	50.8626	6.0883E-4	325.766	898.244	0.0283	50.8658	
demographic.popSize47	97.9575	155.8001	50.4552	7.5543E-3	345.9411	832.1179	1.3188E-3	50.4552	
demographic.popSize48	98.2747	153.2163	51.442	1.7994E-3	342.6299	842.5501	8.3209E-3	51.442	
demographic.popSize49	95.145	144.7276	50.9676	5.2657E-3	329.7649	869.0413	0.0222	50.9781	
demographic.popSize50	95.9104	143.2924	51.0066	1.5441E-3	334.4041	883.9037	1.5441E-3	51.0066	
demographic.popSize51	96.5415	154.1378	49.0719	1.2553E-3	336.2	866.1801	1.2553E-3	49.0719	
demographic.popSize52	92.8	131.2364	51.3505	2.9721E-4	313.1702	911.3992	2.9721E-4	51.3505	
demographic.popSize53	93.8366	141.1484	49.1171	6.3724E-3	328.4092	893.014	6.3724E-3	49.1171	
demographic.popSize54	94.476	145.9925	48.5297	1.0139E-3	327.6916	862.4586	1.0139E-3	48.5297	
demographic.popSize55	94.7767	146.5595	49.5528	0.0116	329.7161	835.2058	0.0135	49.5548	
demographic.popSize56	97.0201	148.9933	49.5685	2.297E-3	341.5259	834.3368	2.297E-3	49.5685	
demographic.popSize57	96.0452	141.6593	49.6749	7.5797E-3	345.792	877.3854	0.0203	49.6814	
demographic.popSize58	96.8627	147.9781	50.6388	0.0103	336.7819	881.694	8.8109E-3	50.6439	
demographic.popSize59	97.6579	154.2499	51.1334	2.6748E-4	336.4661	843.4147	2.6748E-4	51.1334	
demographic.popSize60	95.8563	144.4701	50.3007	2.0965E-3	330.9924	886.1885	8.7678E-4	50.3007	
demographic.popSize61	94.7906	147.5164	48.5831	1.475E-3	338.0499	784.6644	0.0376	48.6062	
demographic.popSize62	98.0969	149.7473	51.1901	3.1597E-3	345.5564	881.0572	3.1597E-3	51.1901	
demographic.popSize63	97.3197	146.2829	51.2057	4.0472E-3	338.6331	872.9424	4.0472E-3	51.2057	
demographic.popSize64	96.5348	159.7742	50.7456	3.9754E-4	337.8478	833.7229	1.2256E-3	50.7456	
demographic.popSize65	95.7394	144.7289	49.1494	7.3289E-3	337.9503	848.0786	8.6171E-3	49.1517	
demographic.popSize66	95.586	154.0339	49.955	5.5115E-3	330.2571	857.3731	0.0802	50.0261	
demographic.popSize67	94.5281	136.2462	50.3892	3.15E-3	332.7726	839.9122	0.0254	50.4001	
demographic.popSize68	96.3956	142.1499	51.4751	1.5265E-3	334.5256	904.0157	1.5265E-3	51.4751	
demographic.popSize69	95.6449	147.3181	50.306	5.9949E-3	339.9483	869.4159	5.9949E-3	50.306	
demographic.popSize70	96.0856	148.0225	49.4918	6.0083E-3	341.2711	858.9651	6.0083E-3	49.4918	
demographic.popSize71	97.4222	148.6959	52.1195	1.9763E-3	339.9214	832.3571	1.9763E-3	52.1195	
demographic.popSize72	95.5513	143.6151	49.998	6.0241E-3	330.6698	803.6945	0.0144	50.005	
demographic.popSize73	96.4797	155.4814	50.4619	8.712E-3	323.529	863.073	7.6915E-3	50.4619	
demographic.popSize74	95.3539	150.5242	49.1406	3.7628E-3	330.7217	931.9285	3.7628E-3	49.1406	
demographic.popSize75	97.0703	155.1652	49.9094	6.5464E-3	337.4215	899.4664	0.0378	49.9364	
demographic.popSize76	94.8999	140.9474	51.531	1.2328E-3	334.1928	944.0897	1.2328E-3	51.531	
demographic.popSize77	97.5453	141.181	52.021	3.3296E-3	340.2437	936.6292	0.0153	52.0321	
demographic.popSize78	94.5074	144.9461	49.6877	6.9862E-3	325.4194	919.4967	7.5378E-4	49.6877	
demographic.popSize79	95.0059	147.6704	50.1268	0.0136	332.1327	863.7401	0.0136	50.1268	
demographic.popSize80	97.6891	157.5861	50.4818	2.7366E-4	337.1036	897.889	4.1517E-3	50.4852	
demographic.popSize81	97.621	153.8046	50.4068	0.0319	341.9282	880.6963	4.7224E-3	50.4068	
demographic.popSize82	99.3793	156.916	52.1769	1.7549E-3	337.391	829.4263	1.7549E-3	52.1769	
demographic.popSize83	96.4292	145.4515	51.4285	6.4451E-3	329.9574	811.993	6.4451E-3	51.4285	
demographic.popSize84	95.3164	137.805	51.941	5.588E-3	330.2609	898.2844	0.0695	51.9817	
demographic.popSize85	96.3397	141.3691	51.1495	3.0394E-3	337.3161	892.6352	4.1745E-3	51.1495	
demographic.popSize86	97.1846	145.2366	51.2472	5.121E-3	333.2044	826.0231	0.0125	51.2537	
demographic.popSize87	98.6065	151.2348	52.1409	1.6879E-3	332.1053	874.2303	1.6879E-3	52.1409	
demographic.popSize88	97.0688	146.3477	51.6873	7.73E-3	337.3188	861.7366	7.73E-3	51.6873	
demographic.popSize89	97.2342	152.6642	51.2401	3.8521E-3	331.8344	904.5126	3.8521E-3	51.2401	
demographic.popSize90	96.7575	152.4331	51.3652	1.179E-3	332.3852	950.1012	2.4989E-3	51.3652	
demographic.popSize91	96.0232	143.0505	51.8941	0.017	327.6526	839.8737	0.0181	51.8941	
demographic.popSize92	96.4715	145.1315	50.8792	2.8257E-4	338.301	879.9868	2.8257E-4	50.8792	
demographic.popSize93	97.5145	146.857	51.1687	7.5365E-3	340.1411	916.5731	4.5184E-3	51.1687	
demographic.popSize94	97.3896	143.8858	51.9331	3.5903E-3	332.9513	831.8125	0.032	51.9494	
demographic.popSize95	95.8347	148.7388	49.92	7.308E-3	324.2376	816.5711	0.0631	49.9618	
demographic.popSize96	98.6985	150.3616	52.3787	2.9448E-5	339.8421	900.4798	2.9448E-5	52.3787	
demographic.popSize97	96.6305	141.3883	51.6219	2.4969E-3	334.0787	881.8436	9.6813E-3	51.6219	
demographic.popSize98	96.8574	143.1168	52.2906	3.6676E-3	330.8693	887.3153	3.9657E-3	52.2906	
demographic.popSize99	97.833	139.3608	53.5076	3.2817E-3	337.2146	879.8885	3.2817E-3	53.5076	
demographic.popSize100	96.2533	147.3472	50.8367	3.0323E-3	324.9896	957.7012	1.2864E-4	50.8367	
demographic.popSize101	97.7316	152.8652	51.1669	1.4814E-3	336.5357	856.3465	0.0374	51.1868	
demographic.popSize102	96.8647	153.3138	51.8226	2.2366E-3	325.2442	939.1393	2.2366E-3	51.8231	
demographic.popSize103	97.5452	144.3682	51.9244	1.3668E-3	334.7948	868.1992	0.011	51.9291	
demographic.popSize104	97.4426	155.0642	51.1506	8.0278E-4	332.8568	903.0077	5.6443E-3	51.1506	
demographic.popSize105	96.5241	144.3593	51.1002	5.8032E-3	336.3022	923.0323	5.8032E-3	51.1002	
demographic.popSize106	97.8276	146.0707	52.6153	6.4254E-3	330.293	859.9015	0.0214	52.6208	
demographic.popSize107	99.7756	153.6173	52.9551	3.1771E-4	350.5362	836.4022	3.1771E-4	52.9551	
demographic.popSize108	97.4844	145.0232	51.076	2.9861E-3	339.1926	801.1458	2.9861E-3	51.076	
demographic.popSize109	97.6983	145.4361	50.5295	1.0138E-4	338.4227	811.3321	1.0138E-4	50.5295	
demographic.popSize110	98.9752	153.2725	53.4538	3.2221E-3	334.7568	927.3817	0.0255	53.4667	
demographic.popSize111	96.4899	145.9082	49.9467	1.91E-3	328.3892	869.5531	0.0644	50.0069	
demographic.popSize112	97.1246	159.1168	51.1198	0.0178	335.237	944.0863	0.0178	51.1226	
demographic.popSize113	96.5735	145.2058	50.8285	3.09E-3	335.618	927.6616	3.3768E-3	50.8285	
demographic.popSize114	96.8426	157.1938	49.8443	6.2455E-3	332.5129	877.2692	0.0323	49.8538	
demographic.popSize115	98.3339	165.4137	50.6114	4.839E-3	337.3317	860.4449	0.0279	50.6207	
demographic.popSize116	98.577	148.958	51.9504	4.6756E-3	341.7356	849.5842	2.1174E-3	51.9504	
demographic.popSize117	96.7523	153.2887	51.3371	0.0109	327.4975	881.2629	0.0109	51.3371	
demographic.popSize118	95.8651	153.1508	49.8743	0.0146	330.1525	899.0092	0.0146	49.8743	
demographic.popSize119	96.806	145.1165	50.813	7.2951E-3	333.989	844.9266	5.976E-3	50.813	
demographic.popSize120	96.9226	154.621	50.2767	0.0165	331.5354	852.4855	0.0165	50.2767	
demographic.popSize121	97.2633	148.4643	50.6335	5.0351E-4	336.0877	966.6767	0.0551	50.673	
demographic.popSize122	97.6349	160.5337	51.5364	3.0858E-3	325.9067	894.3075	3.0858E-3	51.5364	
demographic.popSize123	96.5028	148.4909	50.0217	2.4067E-3	335.1822	847.9643	8.1879E-3	50.0217	
demographic.popSize124	95.0859	142.5171	50.3023	5.4127E-4	324.6263	898.3405	5.4127E-4	50.3023	
demographic.popSize125	95.3818	141.0011	50.564	1.2378E-5	325.6653	799.3867	2.4628E-3	50.5646	
demographic.popSize126	94.9672	137.808	51.0066	0.0168	334.5855	941.188	0.0144	51.0066	
demographic.popSize127	98.257	152.0953	50.6621	1.9164E-3	338.2931	794.7208	0.0755	50.7313	
demographic.popSize128	96.8793	148.3035	50.4383	9.1562E-4	330.0947	788.2273	0.0322	50.4525	
demographic.popSize129	98.1251	149.1506	51.9273	3.0444E-3	343.1747	872.8749	3.6445E-3	51.9278	
demographic.popSize130	97.4582	147.307	50.6808	3.5747E-3	336.7968	888.9875	5.074E-3	50.6808	
demographic.popSize131	96.1897	144.2992	51.3427	0.0145	324.4737	901.2308	0.0157	51.3436	
demographic.popSize132	96.917	153.7228	49.6889	4.0116E-4	335.5613	843.1314	0.0413	49.691	
demographic.popSize133	96.1829	145.7964	50.079	7.2293E-3	337.3098	862.6622	7.2293E-3	50.079	
demographic.popSize134	94.4395	141.7345	49.8872	4.6341E-3	338.6421	865.6678	4.6341E-3	49.8872	
demographic.popSize135	98.2082	157.9784	51.5458	7.5962E-5	342.7965	855.581	0.0338	51.5508	
demographic.popSize136	96.8502	147.6958	50.1747	0.0159	336.8434	812.1277	0.0196	50.188	
demographic.popSize137	96.2982	154.1125	50.5791	4.384E-3	335.9812	928.6428	4.384E-3	50.5791	
demographic.popSize138	94.5654	139.1156	50.3498	4.3949E-3	329.9616	908.7206	4.3949E-3	50.3498	
demographic.popSize139	96.3534	147.4983	51.1913	0.0102	334.0659	953.7199	0.0383	51.2101	
demographic.popSize140	95.6129	144.1071	50.1262	9.8381E-3	330.5897	825.5658	0.0377	50.1416	
demographic.popSize141	93.9569	142.2916	50.0003	1.9656E-4	324.7259	936.9393	1.9656E-4	50.0003	
demographic.popSize142	97.8951	149.9548	50.7741	2.8674E-3	346.0735	810.2021	1.635E-3	50.7741	
demographic.popSize143	97.6831	158.4717	49.8822	1.5591E-3	342.915	908.2544	0.0197	49.8855	
demographic.popSize144	96.4005	145.8664	51.0814	9.6704E-3	339.3408	927.4396	0.013	51.0816	
demographic.popSize145	97.6931	147.6174	51.3311	8.765E-4	337.523	858.9895	8.765E-4	51.3311	
demographic.popSize146	95.7318	149.4552	50.1238	6.1516E-3	326.4053	865.7515	5.6248E-3	50.1238	
demographic.popSize147	95.0204	142.715	49.4453	6.7251E-3	333.2931	840.9639	6.7251E-3	49.4453	
demographic.popSize148	94.8792	152.0121	50.3337	0.016	321.9142	861.1731	0.0268	50.3369	
demographic.popSize149	96.8916	157.8799	51.016	7.4191E-3	333.6235	826.1234	8.5243E-3	51.016	
demographic.popSize150	97.9665	161.4026	49.1132	3.1511E-3	341.7891	853.5414	0.0111	49.1173	
demographic.popSize151	96.345	147.5551	50.5442	0.0136	335.9295	914.8246	0.0136	50.5442	
demographic.popSize152	94.9269	147.5353	50.0319	7.0163E-3	327.3372	786.575	0.0193	50.0326	
demographic.popSize153	97.1257	149.8728	50.4847	1.0031E-4	335.3065	838.4178	1.0031E-4	50.4847	
demographic.popSize154	95.871	144.5755	50.7557	2.4677E-3	338.4134	793.1708	6.3183E-3	50.7557	
demographic.popSize155	93.8958	136.6306	49.5624	2.6764E-3	325.7645	959.117	0.0382	49.5914	
demographic.popSize156	95.9652	142.5596	52.0318	5.9301E-3	339.1063	953.805	0.0279	52.0345	
demographic.popSize157	97.7392	150.4947	50.1734	5.3615E-4	348.8163	865.5983	0.0285	50.1734	
demographic.popSize158	96.5381	153.9918	50.6313	6.5065E-4	329.6257	892.9518	2.6241E-3	50.6329	
demographic.popSize159	95.5496	141.2483	50.682	2.7897E-4	334.2937	904.5962	2.7897E-4	50.682	
demographic.popSize160	95.0174	147.3831	51.3389	0.0101	322.1751	878.9893	0.0119	51.3389	
demographic.popSize161	95.7419	148.8252	51.1917	2.3464E-3	337.6301	930.0459	2.3464E-3	51.1917	
demographic.popSize162	93.7423	140.8753	49.8713	3.3209E-4	324.9876	979.152	0.0142	49.8796	
demographic.popSize163	95.2822	141.4125	50.5221	2.8533E-3	335.8445	841.5907	1.5316E-3	50.5221	
demographic.popSize164	95.1609	142.3487	50.0679	8.7086E-3	331.3636	894.8588	3.404E-3	50.0679	
demographic.popSize165	96.7523	158.1662	49.8014	4.9531E-4	337.2799	889.1918	0.0205	49.8174	
demographic.popSize166	96.1344	148.1907	50.7957	3.1432E-3	329.8025	1033.5054	3.1432E-3	50.7957	
demographic.popSize167	95.4226	143.7005	49.3428	2.1826E-3	334.0138	932.4469	0.0108	49.3428	
demographic.popSize168	94.41	146.7518	50.0132	2.3966E-3	320.4347	890.8602	0.0138	50.0189	
demographic.popSize169	95.7245	142.1877	50.3613	3.4068E-3	337.6695	926.6704	3.4068E-3	50.3613	
demographic.popSize170	96.5136	147.8937	51.1943	9.838E-4	332.5039	867.1847	5.4776E-3	51.1943	
demographic.popSize171	94.9173	142.8219	50.0809	1.4637E-3	329.105	856.4473	1.4637E-3	50.0809	
demographic.popSize172	94.9231	146.1884	49.336	1.2631E-3	330.6543	823.0402	1.2631E-3	49.336	
demographic.popSize173	97.5501	155.2014	50.1941	5.8573E-3	342.3971	926.6062	8.381E-3	50.1971	
demographic.popSize174	94.1365	140.0856	49.3504	1.477E-3	325.126	866.2543	0.0378	49.3797	
demographic.popSize175	94.229	140.4233	50.6402	0.0138	324.4035	886.6848	0.0323	50.6465	
demographic.popSize176	94.1405	135.7355	50.0031	3.4328E-4	334.0064	954.8059	5.9912E-3	50.0055	
demographic.popSize177	98.116	154.5354	50.6353	4.3581E-3	345.6792	880.9257	4.3581E-3	50.6353	
demographic.popSize178	97.9653	152.5866	50.3372	3.8459E-3	336.9223	826.7117	8.5669E-3	50.3372	
demographic.popSize179	96.5962	142.3727	51.572	4.0189E-3	338.9997	801.5973	6.0614E-3	51.572	
demographic.popSize180	97.1848	157.1696	50.2295	1.8122E-3	336.6244	867.3854	1.8122E-3	50.2295	
demographic.popSize181	96.1309	150.609	48.9531	5.9061E-3	339.2699	847.0867	0.0197	48.9531	
demographic.popSize182	94.0892	141.0573	49.2311	1.4755E-3	327.2421	905.2134	0.0182	49.234	
demographic.popSize183	96.29	147.719	50.3204	4.4225E-4	340.3334	882.1212	4.4225E-4	50.3204	
demographic.popSize184	95.3739	143.3618	49.4372	4.4703E-3	328.3001	865.1204	4.4703E-3	49.4372	
demographic.popSize185	96.174	154.5869	50.5504	4.9744E-3	341.987	908.09	0.0359	50.5779	
demographic.popSize186	95.7748	151.0969	50.6495	2.4424E-3	329.9492	895.1487	5.7893E-3	50.6495	
demographic.popSize187	96.7397	147.3334	50.1444	2.5603E-3	336.9544	873.6244	2.5603E-3	50.1444	
demographic.popSize188	96.1948	151.1212	49.2199	5.3848E-3	333.6034	768.1628	2.152E-3	49.2199	
demographic.popSize189	97.1067	164.3843	50.2	7.0114E-4	327.9583	921.2283	7.0114E-4	50.2	
demographic.popSize190	94.982	144.8719	49.4828	5.412E-3	334.059	900.5309	5.2689E-3	49.4828	
demographic.popSize191	94.7752	140.3059	50.2259	7.6161E-4	332.8622	828.3898	7.6161E-4	50.2259	
demographic.popSize192	97.0088	162.129	49.4136	7.7638E-3	331.7392	800.5745	0.0342	49.4139	
demographic.popSize193	95.3022	140.0794	49.9026	3.5674E-3	335.9064	892.2564	3.5674E-3	49.9026	
demographic.popSize194	95.0928	147.2228	49.0151	1.0262E-4	332.2866	875.0083	0.072	49.0374	
demographic.popSize195	96.0998	147.5891	49.3588	5.485E-3	341.9936	867.1246	5.0855E-3	49.3588	
demographic.popSize196	96.4884	147.109	49.6278	0.0145	339.1472	839.3491	0.0143	49.6278	
demographic.popSize197	94.3113	145.0993	48.506	3.7575E-3	333.6409	899.3836	0.0228	48.5083	
demographic.popSize198	93.0037	148.5291	46.8625	3.3211E-3	328.0953	902.4177	2.3464E-3	46.8625	
demographic.popSize199	91.6515	139.9004	45.7118	3.0175E-3	336.0896	885.3913	3.0175E-3	45.7118	
demographic.popSize200	92.3434	155.4757	44.9125	6.3141E-4	329.8544	869.3191	6.3141E-4	44.9125	
demographic.indicators1	3.776E-3	0.0613	0	0	0	9440.4144	0	0	
demographic.indicators2	0.017	0.1292	0	0	0	227.2001	0	0	
demographic.indicators3	0.0236	0.1519	0	0	0	274.8844	0	0	
demographic.indicators4	0.0108	0.1033	0	0	0	341.122	0	0	
demographic.indicators5	0.0404	0.1968	0	0	0	225.9745	0	0	
demographic.indicators6	2.6947E-3	0.0518	0	0	0	1318.722	0	0	
demographic.indicators7	3.84E-3	0.0618	0	0	0	1086.5033	0	0	
demographic.indicators8	0.0586	0.2349	0	0	1	201.1404	0	0	
demographic.indicators9	0.0938	0.2916	0	0	1	222.3924	0	0	
demographic.indicators10	0.1173	0.3218	0	0	1	205.5191	0	0	
demographic.indicators11	0.0169	0.1289	0	0	0	277.7434	0	0	
demographic.indicators12	0.0749	0.2632	0	0	1	204.8283	0	0	
demographic.indicators13	0.0221	0.1469	0	0	0	312.7621	0	0	
demographic.indicators14	6.3227E-3	0.0793	0	0	0	998.707	0	0	
demographic.indicators15	0.0396	0.1949	0	0	0	221.4141	0	0	
demographic.indicators16	0.0164	0.1271	0	0	0	310.5096	0	0	
demographic.indicators17	0.1223	0.3276	0	0	1	204.4144	0	0	
demographic.indicators18	0.0544	0.2268	0	0	1	206.6032	0	0	
demographic.indicators19	0.0287	0.167	0	0	0	256.2394	0	0	
demographic.indicators20	0.0525	0.2231	0	0	1	249.2848	0	0	
demographic.indicators21	0.143	0.3501	0	0	1	198.6938	0	0	
demographic.indicators22	0.0157	0.1241	0	0	0	452.5087	0	0	
demographic.indicators23	0.0172	0.1298	0	0	0	311.3304	0	0	
demographic.indicators24	0.0173	0.1304	0	0	0	303.0949	0	0	
demographic.indicators25	7.356E-3	0.0855	0	0	0	558.0697	0	0	
demographic.indicators26	2.3787E-3	0.0487	0	0	0	7389.2556	0	0	
demographic.indicators27	1.4027E-3	0.0374	0	0	0	37953.2014	0	0	
demographic.indicators28	3.432E-3	0.0585	0	0	0	2261.0837	0	0	
demographic.indicators29	4.9987E-3	0.0705	0	0	0	428.6295	0	0	
demographic.indicators30	2.5813E-3	0.0507	0	0	0	1372.444	0	0	
demographic.indicators31	3.508E-3	0.0591	0	0	0	1314.1073	0	0	
demographic.indicators32	4.472E-3	0.0667	0	0	0	529.6156	0	0	
demographic.indicators33	1.492E-3	0.0386	0	0	0	21466.6278	0	0	
demographic.indicators34	2.8933E-3	0.0537	0	0	0	3026.0637	0	0	
demographic.indicators35	2.6653E-3	0.0516	0	0	0	4110.5271	0	0	
demographic.indicators36	2.1293E-3	0.0461	0	0	0	9526.2728	0	0	
demographic.indicators37	1.7533E-3	0.0418	0	0	0	29360.2414	0	0	
demographic.indicators38	1.7453E-3	0.0417	0	0	0	17225.7876	0	0	
demographic.indicators39	1.3773E-3	0.0371	0	0	0	16966.1307	0	0	
demographic.indicators40	4.828E-3	0.0693	0	0	0	1157.5184	0	0	
demographic.indicators41	3.264E-3	0.057	0	0	0	2641.7615	0	0	
demographic.indicators42	8.5947E-3	0.0923	0	0	0	474.7742	0	0	
demographic.indicators43	4.3627E-3	0.0659	0	0	0	2320.7598	0	0	
demographic.indicators44	2.1747E-3	0.0466	0	0	0	8442.1889	0	0	
demographic.indicators45	3.2773E-3	0.0572	0	0	0	3413.4231	0	0	
demographic.indicators46	1.9587E-3	0.0442	0	0	0	28340.1823	0	0	
demographic.indicators47	4.6947E-3	0.0684	0	0	0	3179.88	0	0	
demographic.indicators48	3.5867E-3	0.0598	0	0	0	2547.4375	0	0	
demographic.indicators49	4.984E-3	0.0704	0	0	0	767.604	0	0	
demographic.indicators50	2.416E-3	0.0491	0	0	0	7055.3377	0	0	
demographic.indicators51	7.4867E-3	0.0862	0	0	0	557.4292	0	0	
demographic.indicators52	3.8413E-3	0.0619	0	0	0	2883.6826	0	0	
demographic.indicators53	6.2107E-3	0.0786	0	0	0	1405.1641	0	0	
demographic.indicators54	3.2453E-3	0.0569	0	0	0	4388.6953	0	0	
demographic.indicators55	3.5027E-3	0.0591	0	0	0	4248.0513	0	0	
demographic.indicators56	4.848E-3	0.0695	0	0	0	1324.2935	0	0	
demographic.indicators57	8.3187E-3	0.0908	0	0	0	1065.6262	0	0	
demographic.indicators58	3.9093E-3	0.0624	0	0	0	1518.5698	0	0	
demographic.indicators59	6.96E-3	0.0831	0	0	0	1259.2879	0	0	
demographic.indicators60	3.6787E-3	0.0605	0	0	0	4860.4552	0	0	
demographic.indicators61	9.2E-3	0.0955	0	0	0	903.7936	0	0	
demographic.indicators62	6.764E-3	0.082	0	0	0	1216.6473	0	0	
demographic.indicators63	4.4187E-3	0.0663	0	0	0	3363.3286	0	0	
demographic.indicators64	2.9067E-3	0.0538	0	0	0	3446.7149	0	0	
demographic.indicators65	4.076E-3	0.0637	0	0	0	1728.0902	0	0	
demographic.indicators66	0.014	0.1176	0	0	0	516.0516	0	0	
demographic.indicators67	0.0113	0.1055	0	0	0	675.5239	0	0	
demographic.indicators68	0.0115	0.1066	0	0	0	743.2259	0	0	
demographic.indicators69	0.0105	0.102	0	0	0	1031.3539	0	0	
demographic.indicators70	0.0178	0.1323	0	0	0	406.6583	0	0	
demographic.indicators71	9.208E-3	0.0955	0	0	0	806.5147	0	0	
demographic.indicators72	0.0164	0.1271	0	0	0	904.1557	0	0	
demographic.indicators73	0.017	0.1294	0	0	0	793.7166	0	0	
demographic.indicators74	0.0101	0.1002	0	0	0	912.146	0	0	
demographic.indicators75	0.0143	0.1187	0	0	0	628.6389	0	0	
demographic.indicators76	0.0164	0.1269	0	0	0	981.4662	0	0	
demographic.indicators77	7.6493E-3	0.0871	0	0	0	1277.5054	0	0	
demographic.indicators78	8.2573E-3	0.0905	0	0	0	963.7858	0	0	
demographic.indicators79	0.0174	0.1308	0	0	0	676.3261	0	0	
demographic.indicators80	0.013	0.1134	0	0	0	618.3427	0	0	
demographic.indicators81	0.0257	0.1584	0	0	0	455.0683	0	0	
demographic.indicators82	0.0213	0.1445	0	0	0	574.3584	0	0	
demographic.indicators83	0.0227	0.1488	0	0	0	424.1787	0	0	
demographic.indicators84	0.0193	0.1375	0	0	0	355.2301	0	0	
demographic.indicators85	0.0192	0.1374	0	0	0	559.4589	0	0	
demographic.indicators86	0.0241	0.1532	0	0	0	733.4407	0	0	
demographic.indicators87	0.0143	0.1187	0	0	0	976.2966	0	0	
demographic.indicators88	0.0148	0.1208	0	0	0	666.971	0	0	
demographic.indicators89	0.014	0.1176	0	0	0	1320.9453	0	0	
demographic.indicators90	0.0156	0.124	0	0	0	798.0969	0	0	
demographic.indicators91	0.0182	0.1336	0	0	0	776.7227	0	0	
demographic.indicators92	0.0187	0.1354	0	0	0	554.676	0	0	
demographic.indicators93	0.0127	0.112	0	0	0	717.6112	0	0	
demographic.indicators94	0.0113	0.1057	0	0	0	1002.7243	0	0	
demographic.indicators95	0.02	0.1399	0	0	0	862.8276	0	0	
demographic.indicators96	0.0188	0.1357	0	0	0	334.3411	0	0	
demographic.indicators97	0.0165	0.1273	0	0	0	435.7096	0	0	
demographic.indicators98	0.0165	0.1272	0	0	0	1011.4451	0	0	
demographic.indicators99	0.0201	0.1405	0	0	0	459.3855	0	0	
demographic.indicators100	0.0143	0.1189	0	0	0	470.7206	0	0	
demographic.indicators101	0.0153	0.1227	0	0	0	744.6219	0	0	
demographic.indicators102	0.013	0.1134	0	0	0	832.0554	0	0	
demographic.indicators103	0.016	0.1254	0	0	0	639.3493	0	0	
demographic.indicators104	0.0124	0.1107	0	0	0	747.7591	0	0	
demographic.indicators105	0.0202	0.1406	0	0	0	493.2316	0	0	
demographic.indicators106	0.0214	0.1447	0	0	0	608.7202	0	0	
demographic.indicators107	7.7933E-3	0.0879	0	0	0	1162.5743	0	0	
demographic.indicators108	0.0312	0.1737	0	0	0	331.917	0	0	
demographic.indicators109	0.0298	0.1702	0	0	0	401.7632	0	0	
demographic.indicators110	0.0166	0.1279	0	0	0	638.7712	0	0	
demographic.indicators111	0.0113	0.1056	0	0	0	893.1751	0	0	
demographic.indicators112	0.014	0.1174	0	0	0	836.8921	0	0	
demographic.indicators113	7.7853E-3	0.0879	0	0	0	1309.6669	0	0	
demographic.indicators114	9.9467E-3	0.0992	0	0	0	821.5581	0	0	
demographic.indicators115	0.0177	0.1319	0	0	0	587.6563	0	0	
demographic.indicators116	0.0124	0.1106	0	0	0	853.9597	0	0	
demographic.indicators117	0.014	0.1176	0	0	0	1057.7916	0	0	
demographic.indicators118	0.0143	0.1186	0	0	0	703.5287	0	0	
demographic.indicators119	9.26E-3	0.0958	0	0	0	496.4367	0	0	
demographic.indicators120	9.004E-3	0.0945	0	0	0	780.6601	0	0	
demographic.indicators121	0.0203	0.1411	0	0	0	480.8991	0	0	
demographic.indicators122	5.8173E-3	0.076	0	0	0	1120.2731	0	0	
demographic.indicators123	0.0145	0.1197	0	0	0	613.8565	0	0	
demographic.indicators124	0.0151	0.1218	0	0	0	711.5284	0	0	
demographic.indicators125	0.0137	0.1163	0	0	0	708.83	0	0	
demographic.indicators126	9.8773E-3	0.0989	0	0	0	1390.3857	0	0	
demographic.indicators127	0.0157	0.1244	0	0	0	515.4064	0	0	
demographic.indicators128	0.0105	0.1021	0	0	0	995.1792	0	0	
demographic.indicators129	0.0136	0.1158	0	0	0	474.5076	0	0	
demographic.indicators130	0.0133	0.1146	0	0	0	671.4725	0	0	
demographic.indicators131	6.0853E-3	0.0778	0	0	0	896.7326	0	0	
demographic.indicators132	0.0116	0.1073	0	0	0	429.7752	0	0	
demographic.indicators133	0.0104	0.1015	0	0	0	453.4752	0	0	
demographic.indicators134	0.0141	0.1179	0	0	0	883.8983	0	0	
demographic.indicators135	5.512E-3	0.074	0	0	0	1372.8458	0	0	
demographic.indicators136	8.5307E-3	0.092	0	0	0	1134.6034	0	0	
demographic.indicators137	5.2667E-3	0.0724	0	0	0	1470.7851	0	0	
demographic.indicators138	0.0134	0.1151	0	0	0	435.171	0	0	
demographic.indicators139	5.3947E-3	0.0733	0	0	0	2826.1495	0	0	
demographic.indicators140	4.7973E-3	0.0691	0	0	0	1161.7501	0	0	
demographic.indicators141	7.216E-3	0.0846	0	0	0	865.5061	0	0	
demographic.indicators142	3.7253E-3	0.0609	0	0	0	2662.211	0	0	
demographic.indicators143	8.3733E-3	0.0911	0	0	0	1470.8823	0	0	
demographic.indicators144	6.344E-3	0.0794	0	0	0	1535.6875	0	0	
demographic.indicators145	8.3533E-3	0.091	0	0	0	524.8487	0	0	
demographic.indicators146	5.7413E-3	0.0756	0	0	0	2567.634	0	0	
demographic.indicators147	0.0149	0.121	0	0	0	528.6353	0	0	
demographic.indicators148	0.0133	0.1147	0	0	0	814.6776	0	0	
demographic.indicators149	6.7467E-3	0.0819	0	0	0	1224.0204	0	0	
demographic.indicators150	7.3453E-3	0.0854	0	0	0	2314.136	0	0	
demographic.indicators151	8.7987E-3	0.0934	0	0	0	1409.3835	0	0	
demographic.indicators152	4.9293E-3	0.07	0	0	0	1477.3569	0	0	
demographic.indicators153	5.9453E-3	0.0769	0	0	0	2679.8915	0	0	
demographic.indicators154	7.9107E-3	0.0886	0	0	0	957.8539	0	0	
demographic.indicators155	9.1293E-3	0.0951	0	0	0	1119.8581	0	0	
demographic.indicators156	4.6027E-3	0.0677	0	0	0	2925.0075	0	0	
demographic.indicators157	5.24E-3	0.0722	0	0	0	2618.3519	0	0	
demographic.indicators158	8.4987E-3	0.0918	0	0	0	786.0143	0	0	
demographic.indicators159	8.6853E-3	0.0928	0	0	0	506.9742	0	0	
demographic.indicators160	7.8933E-3	0.0885	0	0	0	1590.8361	0	0	
demographic.indicators161	5.2133E-3	0.072	0	0	0	2022.3456	0	0	
demographic.indicators162	7.1693E-3	0.0844	0	0	0	2035.6851	0	0	
demographic.indicators163	9.0507E-3	0.0947	0	0	0	1488.8283	0	0	
demographic.indicators164	7.236E-3	0.0848	0	0	0	1737.1263	0	0	
demographic.indicators165	8.1573E-3	0.0899	0	0	0	1291.4269	0	0	
demographic.indicators166	4.4187E-3	0.0663	0	0	0	4795.1084	0	0	
demographic.indicators167	7.5187E-3	0.0864	0	0	0	2629.4591	0	0	
demographic.indicators168	7.3787E-3	0.0856	0	0	0	2243.3072	0	0	
demographic.indicators169	9.9533E-3	0.0993	0	0	0	1358.9101	0	0	
demographic.indicators170	7.9093E-3	0.0886	0	0	0	1859.1223	0	0	
demographic.indicators171	5.88E-3	0.0765	0	0	0	1699.364	0	0	
demographic.indicators172	6.4973E-3	0.0803	0	0	0	2096.8826	0	0	
demographic.indicators173	8.404E-3	0.0913	0	0	0	1156.8778	0	0	
demographic.indicators174	7.3187E-3	0.0852	0	0	0	2942.4594	0	0	
demographic.indicators175	6.808E-3	0.0822	0	0	0	2252.0218	0	0	
demographic.indicators176	3.6947E-3	0.0607	0	0	0	6735.2153	0	0	
demographic.indicators177	4.9507E-3	0.0702	0	0	0	5914.4074	0	0	
demographic.indicators178	0.0103	0.1011	0	0	0	1737.0986	0	0	
demographic.indicators179	6.2507E-3	0.0788	0	0	0	3572.6122	0	0	
demographic.indicators180	5.0013E-3	0.0705	0	0	0	5880.5348	0	0	
demographic.indicators181	8.5667E-3	0.0922	0	0	0	1815.239	0	0	
demographic.indicators182	6.5267E-3	0.0805	0	0	0	5687.2779	0	0	
demographic.indicators183	8.656E-3	0.0926	0	0	0	3019.6842	0	0	
demographic.indicators184	0.0101	0.1	0	0	0	2031.2309	0	0	
demographic.indicators185	0.0105	0.1021	0	0	0	1848.6432	0	0	
demographic.indicators186	8.9747E-3	0.0943	0	0	0	3502.0995	0	0	
demographic.indicators187	7.5333E-3	0.0865	0	0	0	2931.5827	0	0	
demographic.indicators188	6.028E-3	0.0774	0	0	0	6119.1355	0	0	
demographic.indicators189	8.188E-3	0.0901	0	0	0	3965.4578	0	0	
demographic.indicators190	0.0127	0.1122	0	0	0	2773.3486	0	0	
demographic.indicators191	0.0133	0.1145	0	0	0	2904.9806	0	0	
demographic.indicators192	9.7173E-3	0.0981	0	0	0	5733.4362	0	0	
demographic.indicators193	0.0166	0.1279	0	0	0	1925.7893	0	0	
demographic.indicators194	0.0184	0.1342	0	0	0	3238.2874	0	0	
demographic.indicators195	0.0216	0.1454	0	0	0	2664.4398	0	0	
demographic.indicators196	0.0271	0.1624	0	0	0	2743.9049	0	0	
demographic.indicators197	0.0368	0.1882	0	0	0	2163.612	0	0	
demographic.indicators198	0.0505	0.2191	0	0	1	1718.9062	0	0	
demographic.indicators199	0.0691	0.2536	0	0	1	1284.496	0	0	
kappa	2.2178	0.1461	2.2134	1.9325	2.5062	23129.9348	2.1088	2.3043	
frequencies1	0.2773	0.0103	0.2772	0.2566	0.297	12692.4713	0.2698	0.2836	
frequencies2	0.2114	9.0365E-3	0.2114	0.1933	0.2285	11497.4368	0.2056	0.2179	
frequencies3	0.195	8.7447E-3	0.1947	0.1783	0.2126	13473.2234	0.1877	0.1995	
frequencies4	0.3164	0.0109	0.3163	0.2953	0.338	12650.7185	0.3094	0.3242	
alpha	0.6054	0.0533	0.6028	0.5049	0.7135	25052.6152	0.5651	0.6356	
default.ucld.mean	1.4386E-3	4.0392E-4	1.3804E-3	7.5377E-4	2.2334E-3	236.7111	1.0123E-3	1.5191E-3	
default.ucld.stdev	9.3649E-3	5.8283E-3	7.9297E-3	2.3072E-3	0.0199	281.2683	3.5821E-3	8.5781E-3	
host_groups.ucld.mean	0.0118	2.7162E-3	0.0116	6.7733E-3	0.0172	501.374	9.4231E-3	0.013	
host_groups.ucld.stdev	0.0116	0.0107	8.7811E-3	6.9442E-7	0.0321	662.6777	6.9442E-7	8.7811E-3	
default.meanRate	1.059E-3	1.7103E-4	1.0544E-3	7.1991E-4	1.3895E-3	253.3889	9.3479E-4	1.1659E-3	
default.coefficientOfVariation	2.9594	0.5709	2.8299	2.0836	4.1721	291.2019	2.37	2.9705	
default.covariance	8.7629E-3	0.047	-0.0021	-0.0604	0.1033	1293.5726	-0.0335	9.5707E-3	
host_groups.meanRate	0.0125	3.1578E-3	0.0121	6.7414E-3	0.0187	576.017	9.6859E-3	0.0136	
host_groups.coefficientOfVariation	0.9077	0.6859	0.7667	3.4622E-5	2.2483	549.6717	1.3317E-4	0.7668	
host_groups.covariance	-0.0051	0.0485	-0.0085	-0.0955	0.0936	17542.6353	-0.0446	0.0184	
host_groups.rates.Amaranthaceae.Brassicaceae	0.7553	0.8216	0.4935	3.5696E-5	2.3729	9016.814	1.5312E-3	0.4948	
host_groups.rates.Amaranthaceae.Fabaceae	1.3276	0.7447	1.1939	0.1276	2.8084	5209.2522	0.5776	1.4345	
host_groups.rates.Amaranthaceae.Poaceae	0.785	0.7486	0.5777	3.1536E-5	2.202	9189.2626	0.0547	0.6231	
host_groups.rates.Amaranthaceae.Solanaceae	1.4801	0.7401	1.3455	0.2924	2.9461	7298.371	0.7158	1.5659	
host_groups.rates.Brassicaceae.Fabaceae	0.8403	0.8717	0.568	9.2651E-6	2.5666	10153.7799	9.2651E-6	0.568	
host_groups.rates.Brassicaceae.Poaceae	1.2841	0.8164	1.1199	0.0179	2.8602	3059.7648	0.4461	1.3478	
host_groups.rates.Brassicaceae.Solanaceae	0.8681	0.8943	0.5962	2.0291E-6	2.6268	9221.1047	3.3911E-6	0.5962	
host_groups.rates.Fabaceae.Poaceae	1.3377	0.7675	1.197	0.088	2.8707	2521.3974	0.5733	1.4514	
host_groups.rates.Fabaceae.Solanaceae	0.8865	0.9342	0.587	1.4863E-5	2.7717	8693.4673	1.4863E-5	0.587	
host_groups.rates.Poaceae.Solanaceae	0.8891	0.8564	0.6451	1.4483E-4	2.5522	8875.1766	6.2108E-4	0.6455	
host_groups.rates.Brassicaceae.Amaranthaceae	0.7945	0.9126	0.479	9.273E-5	2.6437	5931.801	1.4596E-4	0.479	
host_groups.rates.Fabaceae.Amaranthaceae	0.7926	0.7956	0.563	1.2992E-4	2.3461	8251.8733	2.28E-3	0.5646	
host_groups.rates.Poaceae.Amaranthaceae	0.7935	0.9017	0.4841	1.4426E-5	2.6172	7910.377	1.4426E-5	0.4841	
host_groups.rates.Solanaceae.Amaranthaceae	0.854	0.9455	0.5348	1.4384E-5	2.7494	7968.7362	3.6955E-5	0.5348	
host_groups.rates.Fabaceae.Brassicaceae	0.9173	0.9228	0.6411	2.7889E-5	2.7336	9473.2087	4.9455E-5	0.6411	
host_groups.rates.Poaceae.Brassicaceae	1.3146	0.8342	1.1541	2.5799E-4	2.8954	2321.4809	0.4566	1.3925	
host_groups.rates.Solanaceae.Brassicaceae	0.8394	0.6606	0.6864	6.0014E-4	2.0481	8766.4833	0.1842	0.8084	
host_groups.rates.Poaceae.Fabaceae	0.8826	0.9364	0.5809	1.4651E-5	2.7548	9600.5435	1.5867E-5	0.5809	
host_groups.rates.Solanaceae.Fabaceae	1.322	0.7387	1.1809	0.1625	2.7827	6288.3462	0.5794	1.4157	
host_groups.rates.Solanaceae.Poaceae	0.8534	0.8145	0.6292	8.9724E-5	2.4274	10590.5348	1.6854E-3	0.63	
host_groups.indicators.Amaranthaceae.Brassicaceae	0.4658	0.4988	0	0	1	2044.4611	0	0	
host_groups.indicators.Amaranthaceae.Fabaceae	0.9759	0.1532	1	1	1	4228.0629	1	1	
host_groups.indicators.Amaranthaceae.Poaceae	0.6111	0.4875	1	0	1	1441.6934	1	1	
host_groups.indicators.Amaranthaceae.Solanaceae	0.9999	7.5717E-3	1	1	1	42160.253	1	1	
host_groups.indicators.Brassicaceae.Fabaceae	0.3674	0.4821	0	0	1	2753.689	0	0	
host_groups.indicators.Brassicaceae.Poaceae	0.9478	0.2225	1	0	1	872.4054	1	1	
host_groups.indicators.Brassicaceae.Solanaceae	0.3206	0.4667	0	0	1	1066.3155	0	0	
host_groups.indicators.Fabaceae.Poaceae	0.9757	0.154	1	1	1	2075.9531	1	1	
host_groups.indicators.Fabaceae.Solanaceae	0.1876	0.3904	0	0	1	8566.2053	0	0	
host_groups.indicators.Poaceae.Solanaceae	0.423	0.494	0	0	1	1153.237	0	0	
host_groups.indicators.Brassicaceae.Amaranthaceae	0.3079	0.4616	0	0	1	3802.3358	0	0	
host_groups.indicators.Fabaceae.Amaranthaceae	0.5415	0.4983	1	0	1	1291.3803	1	1	
host_groups.indicators.Poaceae.Amaranthaceae	0.2979	0.4573	0	0	1	4927.8525	0	0	
host_groups.indicators.Solanaceae.Amaranthaceae	0.1934	0.395	0	0	1	9884.58	0	0	
host_groups.indicators.Fabaceae.Brassicaceae	0.2745	0.4463	0	0	1	1361.0391	0	0	
host_groups.indicators.Poaceae.Brassicaceae	0.9353	0.2461	1	0	1	766.2287	1	1	
host_groups.indicators.Solanaceae.Brassicaceae	0.8024	0.3982	1	0	1	639.7296	1	1	
host_groups.indicators.Poaceae.Fabaceae	0.2093	0.4068	0	0	1	7394.6199	0	0	
host_groups.indicators.Solanaceae.Fabaceae	0.9974	0.0505	1	1	1	12715.6628	1	1	
host_groups.indicators.Solanaceae.Poaceae	0.4957	0.5	0	0	1	1239.5251	0	0	
host_groups.nonZeroRates	11.3302	1.6894	11	8	14	1637.1911	9	11	
default.treeLikelihood	-7108.4621	13.2766	-7108.0665	-7134.8297	-7082.5626	834.6728	-7116.5476	-7098.8058	
default.branchRates	-2382.6079	0	0	0	0	NaN	0	0	
host_groups.branchRates	-2382.6079	0	0	0	0	NaN	0	0	
c_host_groups.count[1]	47.1934	4.484	47	39	55	1285.8328	42	47	
c_allTransitions[1]	47.1985	4.4872	47	39	55	1286.9252	42	47	
coalescent	-1132.9152	37.9307	-1135.3073	-1206.5013	-1059.7991	230.3437	-1167.9417	-1115.5731	

