burnIn   <= 25000000,   maxState  = 100000000
statistic	mean	stdErr	median	hpdLower	hpdUpper	ESS	50hpdLower	50hpdUpper
joint	-14524.4834	141.6712	-14513.2968	-14818.0557	-14264.7206	252.2469	-14592.4417	-14407.816	
prior	-6916.4451	141.635	-6905.3628	-7211.255	-6660.4044	249.8374	-6984.6097	-6800.111	
likelihood	-7608.0383	17.5092	-7608.2667	-7642.2297	-7573.2572	698.8507	-7620.427	-7597.0746	
treeModel.rootHeight	137.0282	45.1154	130.5519	60.6977	227.1126	282.0782	92.3743	148.0553	
age(root)	1885.9718	45.1154	1892.4481	1795.8874	1962.3023	282.0782	1874.9447	1930.6257	
treeLength	1746.999	317.1405	1722.4177	1165.5513	2388.9297	217.0866	1456.3421	1883.7982	
tmrca(ingroup)	137.0282	45.1154	130.5519	60.6977	227.1126	282.0782	92.3743	148.0553	
age(ingroup)	1885.9718	45.1154	1892.4481	1795.8874	1962.3023	282.0782	1874.9447	1930.6257	
demographic.populationSizeChanges	2.7083	0.774	3	2	4	425.1145	2	3	
demographic.populationMean	64.1754	52.6971	48.7358	10.2178	163.2553	262.8492	18.9886	53.1477	
demographic.popSize1	46.755	71.5407	23.5966	0.0167	164.1362	299.5599	1.4827	24.6253	
demographic.popSize2	64.2651	96.1205	33.1327	3.4252E-3	226.1652	802.8501	9.2162E-3	33.1382	
demographic.popSize3	64.5886	102.3275	33.2707	0.0136	227.9045	765.2596	0.0136	33.2707	
demographic.popSize4	61.2451	96.369	30.042	7.8559E-3	218.3495	822.2266	1.6377E-3	30.042	
demographic.popSize5	64.9332	106.1002	33.2895	8.8546E-4	227.6343	820.2989	8.8546E-4	33.2895	
demographic.popSize6	63.304	98.457	32.2795	3.724E-3	223.885	859.2145	0.0131	32.2819	
demographic.popSize7	62.1341	101.4767	29.7387	1.4266E-3	229.3871	735.8284	1.4266E-3	29.7387	
demographic.popSize8	58.7108	94.5173	29.1229	3.7482E-3	209.0333	763.9203	2.1706E-3	29.1229	
demographic.popSize9	63.3995	96.4076	32.5852	3.8189E-4	222.7697	861.6345	3.8189E-4	32.5852	
demographic.popSize10	60.4391	94.8735	30.3062	1.475E-3	218.6425	864.0192	1.475E-3	30.3062	
demographic.popSize11	56.1346	86.9972	27.6662	4.6906E-4	206.453	848.6404	0.0123	27.6705	
demographic.popSize12	63.349	100.8261	32.3059	1.7589E-3	221.4742	810.7075	0.041	32.3281	
demographic.popSize13	63.1756	97.2047	32.3008	2.5966E-3	224.4368	797.2317	2.5966E-3	32.3008	
demographic.popSize14	62.0739	95.5714	31.9502	6.0549E-3	221.7041	821.6799	6.0549E-3	31.9514	
demographic.popSize15	60.7023	97.8303	29.5843	1.4305E-3	218.3395	826.3302	6.9781E-3	29.5881	
demographic.popSize16	62.624	100.4436	31.0234	8.6667E-3	228.1801	757.8165	6.8177E-3	31.0234	
demographic.popSize17	60.9894	96.9863	29.0479	2.9489E-3	229.2892	772.5731	0.044	29.074	
demographic.popSize18	56.0499	90.6163	26.9182	3.7148E-3	203.1308	764.3852	0.0108	26.9197	
demographic.popSize19	58.9633	96.007	29.2429	6.0291E-6	216.6872	821.1849	3.2243E-3	29.2431	
demographic.popSize20	61.9973	100.3148	30.7455	6.8228E-3	223.862	838.4913	6.2227E-3	30.7455	
demographic.popSize21	63.5327	99.883	32.7701	2.3066E-3	218.6323	864.9714	1.3853E-3	32.7701	
demographic.popSize22	64.8707	105.2434	33.5697	8.9562E-4	221.6774	800.3133	6.7235E-3	33.5732	
demographic.popSize23	60.3707	97.5004	30.7341	5.3217E-5	215.6863	831.2501	4.7791E-3	30.7349	
demographic.popSize24	63.818	98.7851	32.248	1.1558E-3	227.172	839.6495	1.1558E-3	32.248	
demographic.popSize25	63.8392	99.675	31.9761	4.1595E-3	224.9409	772.8931	0.0214	31.987	
demographic.popSize26	63.1179	96.8825	32.3046	1.1304E-3	221.9502	761.7531	0.0132	32.3046	
demographic.popSize27	63.8792	96.7579	33.3837	0.0108	223.3409	918.0631	0.0146	33.3918	
demographic.popSize28	63.7594	98.2573	33.2971	3.0468E-3	225.3758	863.4742	5.0122E-3	33.2971	
demographic.popSize29	65.7897	106.4013	34.1236	4.9741E-3	227.0547	902.16	0.0104	34.1286	
demographic.popSize30	64.4325	95.328	34.3222	8.7301E-4	223.1697	796.6669	8.7301E-4	34.3222	
demographic.popSize31	64.4175	98.885	33.8374	3.031E-3	225.9277	870.2555	3.031E-3	33.8374	
demographic.popSize32	62.723	92.841	33.7206	5.9159E-3	217.4762	933.6861	7.8651E-3	33.7206	
demographic.popSize33	64.3361	94.382	33.7078	0.0106	225.5374	855.0962	0.0114	33.7078	
demographic.popSize34	63.7689	98.8068	33.6356	6.0951E-4	220.6515	862.9787	0.0163	33.6456	
demographic.popSize35	65.105	97.9259	34.9376	1.8291E-3	221.4237	882.8582	1.8291E-3	34.9376	
demographic.popSize36	64.2746	100.8719	33.3686	2.648E-3	218.7917	875.3453	0.0113	33.3686	
demographic.popSize37	65.6925	101.7935	33.7653	1.614E-3	228.8593	824.7478	0.0318	33.7935	
demographic.popSize38	64.5923	98.7443	33.5998	2.339E-3	221.3274	814.5566	9.4837E-3	33.5998	
demographic.popSize39	64.2491	96.3868	33.9013	1.4624E-3	223.3994	796.8988	4.9033E-3	33.9013	
demographic.popSize40	64.2831	94.9176	33.8248	9.8025E-4	224.3205	905.8587	7.348E-3	33.8254	
demographic.popSize41	63.3431	95.9572	33.5017	4.5474E-4	219.8769	879.7917	4.5474E-4	33.5017	
demographic.popSize42	64.1186	101.1889	33.7206	2.3423E-3	222.3964	918.5514	5.8478E-3	33.7212	
demographic.popSize43	64.0746	97.7985	33.2225	4.3952E-3	223.3642	785.1701	4.3952E-3	33.2225	
demographic.popSize44	65.5946	103.9278	33.9721	6.0583E-4	226.578	772.0379	0.0171	33.9751	
demographic.popSize45	66.2461	97.6503	34.9745	3.8877E-3	229.4672	832.3955	7.3781E-3	34.9745	
demographic.popSize46	63.84	96.3155	33.7637	4.8993E-3	223.9481	855.2763	8.045E-3	33.7648	
demographic.popSize47	63.8475	96.7969	34.3579	9.2393E-4	218.6214	831.0704	9.2393E-4	34.3579	
demographic.popSize48	63.4085	94.6907	33.7636	2.002E-3	222.913	862.7441	2.002E-3	33.7636	
demographic.popSize49	63.9905	97.5498	33.6131	3.0664E-3	222.3646	848.465	8.2183E-4	33.6131	
demographic.popSize50	65.3798	96.2067	34.1617	2.0872E-3	230.0497	840.9739	1.783E-3	34.1617	
demographic.popSize51	63.7047	96.8403	33.3523	1.1105E-3	222.6737	903.3126	1.1105E-3	33.3523	
demographic.popSize52	64.3603	96.4173	33.3445	1.9964E-3	227.8592	881.3853	1.9964E-3	33.3445	
demographic.popSize53	62.7616	90.7458	33.5303	5.4605E-4	219.3126	921.5917	2.4033E-3	33.5311	
demographic.popSize54	64.3004	96.1171	34.0902	2.3907E-3	226.0436	814.2321	6.2391E-3	34.0908	
demographic.popSize55	62.9706	91.5951	33.954	1.1751E-3	221.0799	853.0037	0.0167	33.9641	
demographic.popSize56	63.662	97.9304	33.1525	2.1272E-3	219.4294	871.0683	2.1272E-3	33.1525	
demographic.popSize57	64.3558	96.6194	34.5103	1.9367E-4	223.4695	893.5917	3.2724E-3	34.5103	
demographic.popSize58	64.2938	96.8137	33.2544	2.4134E-3	227.559	860.32	2.4134E-3	33.2544	
demographic.popSize59	64.1163	98.1083	34.3206	7.1557E-5	218.6029	865.4908	9.2436E-3	34.3267	
demographic.popSize60	65.397	96.9713	34.4823	1.3529E-3	227.2911	836.0585	6.8757E-3	34.4823	
demographic.popSize61	64.7001	98.9279	33.6466	4.2374E-3	225.1192	893.91	6.529E-3	33.6478	
demographic.popSize62	64.7497	97.637	34.4244	2.8493E-3	227.7995	829.8462	2.8493E-3	34.4244	
demographic.popSize63	65.0319	101.6236	33.5011	1.9906E-3	230.2348	929.7972	5.518E-3	33.5022	
demographic.popSize64	64.6557	96.9855	33.5822	1.2322E-4	225.9689	881.1405	1.2322E-4	33.5822	
demographic.popSize65	65.6161	101.0164	34.0255	2.7134E-3	228.609	795.4809	7.083E-4	34.0255	
demographic.popSize66	65.6012	100.7977	34.564	4.4208E-3	230.5656	779.9731	9.7347E-3	34.5664	
demographic.popSize67	63.9672	96.5496	33.1821	3.4517E-6	220.7041	901.7747	8.3506E-4	33.1821	
demographic.popSize68	64.205	95.2067	33.1612	5.0165E-3	230.2616	845.0873	5.0165E-3	33.1612	
demographic.popSize69	64.0466	92.2861	34.2817	0.0224	221.8682	871.6711	0.0224	34.2861	
demographic.popSize70	65.5765	96.1347	35.0751	4.2677E-3	226.2762	868.2333	2.1841E-3	35.0751	
demographic.popSize71	64.639	96.7771	34.4287	3.7314E-3	221.8571	837.4486	3.7314E-3	34.4287	
demographic.popSize72	65.0035	95.599	34.3643	1.6229E-3	225.0984	880	8.0294E-3	34.3656	
demographic.popSize73	66.8258	106.4904	34.9282	7.7757E-4	226.9091	851.9402	7.7757E-4	34.9282	
demographic.popSize74	65.3593	99.4664	34.5953	1.6682E-4	228.1914	849.5786	3.7495E-3	34.5962	
demographic.popSize75	65.4133	101.6493	33.5388	4.1612E-3	230.0238	786.0091	8.4324E-3	33.5388	
demographic.popSize76	64.1874	100.0381	33.5175	2.4054E-3	224.1845	839.3984	0.0258	33.5353	
demographic.popSize77	63.8979	95.6418	33.8362	2.0772E-3	221.0968	873.4787	3.2384E-3	33.8362	
demographic.popSize78	63.5756	93.6071	33.1885	2.5613E-3	224.9399	883.083	0.0198	33.1907	
demographic.popSize79	64.4206	97.4926	34.3588	1.7961E-3	219.851	889.2262	1.7961E-3	34.3588	
demographic.popSize80	66.8414	99.8095	35.2938	5.1363E-4	224.3746	830.5756	1.1307E-3	35.2939	
demographic.popSize81	64.8388	93.5223	33.6812	7.2041E-3	229.7212	865.6309	7.335E-3	33.6812	
demographic.popSize82	64.2906	95.3953	33.7408	4.6935E-3	225.4557	874.7111	0.0175	33.7512	
demographic.popSize83	64.8548	96.0643	33.6811	0.0134	222.5528	864.4004	0.0253	33.6858	
demographic.popSize84	65.7661	101.4054	34.644	9.8721E-4	228.4792	853.5563	9.8721E-4	34.644	
demographic.popSize85	63.5078	92.8947	33.1962	4.0226E-3	224.5283	880.0701	4.0226E-3	33.1997	
demographic.popSize86	64.5948	101.7395	33.2211	2.4195E-3	220.9156	840.147	0.0198	33.2376	
demographic.popSize87	64.3003	99.5817	33.8877	2.562E-3	218.0365	897.8029	0.0131	33.8911	
demographic.popSize88	65.5508	98.7386	33.8255	1.6048E-3	232.4722	816.1592	0.033	33.8384	
demographic.popSize89	63.3013	90.4722	34.1396	2.3715E-3	220.606	854.075	2.3715E-3	34.1396	
demographic.popSize90	64.5024	97.2058	33.9709	2.609E-3	223.47	822.3629	7.8446E-3	33.9709	
demographic.popSize91	65.0126	95.4566	34.3997	1.5164E-4	233.9535	874.1202	1.5164E-4	34.3997	
demographic.popSize92	65.5893	101.4577	34.104	6.8401E-3	221.8356	815.7485	2.8E-3	34.104	
demographic.popSize93	63.3341	94.4572	33.6075	1.1057E-3	217.4123	827.3942	2.5396E-3	33.6075	
demographic.popSize94	62.3066	91.6741	32.7864	2.0557E-3	219.792	880.8737	4.0546E-3	32.7864	
demographic.popSize95	65.4565	96.2132	33.8828	2.7701E-3	228.5543	880.7771	2.7701E-3	33.8828	
demographic.popSize96	63.9563	97.2029	33.8359	3.1534E-4	220.1273	839.7936	3.1534E-4	33.8359	
demographic.popSize97	65.3421	99.5366	33.6089	1.7908E-3	227.573	784.5048	0.0179	33.6221	
demographic.popSize98	65.2393	98.0591	34.1503	2.6058E-4	222.3521	887.6628	2.6058E-4	34.1503	
demographic.popSize99	63.7934	92.1035	33.7364	3.927E-3	218.7039	856.211	0.0117	33.743	
demographic.popSize100	65.7412	106.079	34.6617	3.0963E-3	224.9792	760.3089	4.3148E-3	34.6621	
demographic.popSize101	64.4226	99.4834	33.8484	9.3222E-3	221.392	894.6358	9.3222E-3	33.8484	
demographic.popSize102	64.7124	100.5269	33.7164	2.5171E-3	225.297	823.2656	0.0392	33.7374	
demographic.popSize103	65.4664	100.397	33.2034	4.4762E-3	231.6294	784.9005	4.4762E-3	33.2058	
demographic.popSize104	64.7496	96.7581	33.4803	3.8837E-4	225.552	809.8827	3.8837E-4	33.4803	
demographic.popSize105	64.3308	97.5837	33.0815	1.7697E-3	220.4248	879.8297	0.0124	33.0908	
demographic.popSize106	64.7065	96.2461	34.8528	4.9383E-5	221.4827	870.196	4.9383E-5	34.8528	
demographic.popSize107	63.8408	99.1488	33.4427	3.1934E-3	221.3496	852.4349	5.5233E-3	33.4427	
demographic.popSize108	63.0252	92.2486	33.3429	8.5731E-3	219.6056	824.9898	6.4918E-3	33.3438	
demographic.popSize109	63.322	92.2594	33.3396	7.9919E-4	220.8782	874.5969	7.9919E-4	33.3396	
demographic.popSize110	63.8113	99.3232	32.4376	1.0081E-3	226.3266	844.28	1.0081E-3	32.4376	
demographic.popSize111	63.4979	97.9224	32.9872	6.3271E-5	217.768	900.4987	8.4363E-5	32.9872	
demographic.popSize112	64.5078	106.9212	33.2518	0.0101	219.9831	851.6864	0.0425	33.278	
demographic.popSize113	62.8737	96.8363	32.7063	2.6973E-3	219.3831	840.4343	2.6973E-3	32.7063	
demographic.popSize114	65.0829	101.6845	33.5954	9.7667E-3	223.0527	819.0712	3.0636E-3	33.5954	
demographic.popSize115	63.374	95.4868	33.2084	1.2944E-3	227.9594	961.2625	4.1953E-3	33.2093	
demographic.popSize116	63.5809	94.8534	34.0959	7.4965E-4	220.4303	878.8926	3.8486E-3	34.0959	
demographic.popSize117	64.7038	99.3006	32.6857	2.5018E-3	228.6823	850.8383	2.5018E-3	32.6857	
demographic.popSize118	65.0037	102.8043	33.148	1.578E-3	228.7749	793.5258	8.14E-3	33.1488	
demographic.popSize119	63.9337	101.8416	33.5178	0.0116	219.1108	941.6061	0.0753	33.5788	
demographic.popSize120	64.4989	95.8578	33.6574	0.0118	226.8033	827.0447	0.0118	33.6574	
demographic.popSize121	63.8972	93.4387	34.1304	3.1652E-4	221.9292	857.4305	9.1244E-5	34.1304	
demographic.popSize122	63.7084	97.2148	33.3444	1.6054E-4	224.051	832.121	7.1315E-3	33.3478	
demographic.popSize123	64.1423	96.9553	33.6562	2.0291E-3	217.4283	863.2636	2.0291E-3	33.6562	
demographic.popSize124	63.6927	96.4993	32.7551	1.4901E-4	223.1637	808.8165	0.0125	32.7572	
demographic.popSize125	63.8608	97.0255	33.4466	2.2939E-4	227.7922	803.0872	2.2939E-4	33.4466	
demographic.popSize126	64.5394	99.4092	33.8277	1.4609E-3	224.9	862.1446	1.4609E-3	33.8277	
demographic.popSize127	62.7566	93.8214	32.7715	2.5071E-3	224.9621	835.7242	2.5071E-3	32.7715	
demographic.popSize128	63.6467	92.1834	34.6669	4.2025E-4	219.4292	969.9143	0.0125	34.6669	
demographic.popSize129	64.3197	94.5911	34.0069	7.3087E-4	227.9311	812.1362	7.3087E-4	34.0069	
demographic.popSize130	63.3667	95.1607	33.9988	1.5993E-3	216.0985	842.1608	1.5993E-3	33.9988	
demographic.popSize131	63.6917	93.8243	33.3035	0.0111	225.1294	899.1641	0.0237	33.3175	
demographic.popSize132	63.698	98.2912	33.5211	6.5141E-4	225.1977	906.3437	6.5141E-4	33.5211	
demographic.popSize133	63.6908	93.7503	33.818	6.3536E-3	224.4488	954.0227	0.0201	33.818	
demographic.popSize134	63.5801	94.2019	33.8738	6.8842E-4	226.829	827.1718	6.8842E-4	33.8738	
demographic.popSize135	64.0611	94.6905	33.8948	5.7615E-3	222.6781	877.4889	5.7615E-3	33.8948	
demographic.popSize136	64.2404	96.4127	33.5085	1.4673E-3	226.1054	829.5425	1.0299E-3	33.5085	
demographic.popSize137	63.6282	93.6209	34.3157	6.9502E-3	225.0147	776.728	6.9502E-3	34.3168	
demographic.popSize138	63.2964	95.0394	33.726	1.783E-3	215.8859	897.987	3.4492E-3	33.726	
demographic.popSize139	65.0739	97.0869	34.4501	5.4536E-3	225.1807	956.9005	2.938E-3	34.4511	
demographic.popSize140	64.5534	97.4591	33.4727	4.9392E-3	227.739	747.319	1.3169E-3	33.4727	
demographic.popSize141	64.7881	96.5412	34.3619	3.5587E-3	223.774	831.6223	0.0131	34.3645	
demographic.popSize142	65.3269	101.5468	33.4433	2.1276E-4	231.9015	872.9769	2.1276E-4	33.4433	
demographic.popSize143	63.993	95.6508	34.2375	1.5856E-3	216.0315	864.1687	3.0249E-3	34.2383	
demographic.popSize144	64.6568	96.0312	33.8196	7.1122E-3	225.4709	777.7996	0.0193	33.8316	
demographic.popSize145	64.1789	101.4279	33.701	0.0102	218.7956	900.7954	0.0137	33.7079	
demographic.popSize146	65.0643	100.0349	33.4462	2.2005E-3	225.9641	801.624	0.0154	33.4486	
demographic.popSize147	64.1363	95.2197	33.5879	1.09E-3	228.8433	879.4051	1.09E-3	33.5879	
demographic.popSize148	64.4632	99.1983	33.5294	1.4963E-3	224.1768	885.4706	1.4963E-3	33.5294	
demographic.popSize149	63.833	94.4713	33.441	6.4471E-3	231.5359	825.2608	0.0414	33.4762	
demographic.popSize150	64.0753	95.5283	33.5682	1.0608E-3	217.9617	857.401	5.2849E-3	33.5682	
demographic.popSize151	64.464	99.2913	33.3692	0.0113	223.5824	810.6496	0.0401	33.3764	
demographic.popSize152	64.6193	100.1832	33.3062	1.4294E-3	229.203	865.1881	4.6565E-3	33.3075	
demographic.popSize153	64.4051	97.937	33.5374	1.4046E-4	225.5048	850.5778	6.7612E-3	33.5374	
demographic.popSize154	64.3321	96.0449	34.0262	8.8927E-4	227.3403	782.3972	5.2941E-3	34.0291	
demographic.popSize155	64.3874	97.2405	33.2451	2.5899E-3	225.8187	832.4466	2.5899E-3	33.2451	
demographic.popSize156	63.5759	93.8625	33.1454	3.8254E-3	226.7379	897.3287	7.9763E-3	33.1454	
demographic.popSize157	65.6863	101.2668	34.0041	3.9947E-3	230.2721	773.247	3.9947E-3	34.0041	
demographic.popSize158	62.663	94.0874	33.437	3.7629E-3	221.437	895.6188	5.1116E-3	33.437	
demographic.popSize159	65.1962	101.6975	33.5979	9.3034E-3	232.9385	812.4126	0.0249	33.5986	
demographic.popSize160	64.1547	97.2498	33.5141	1.4206E-3	224.3705	876.6914	4.2432E-3	33.5141	
demographic.popSize161	64.7607	96.59	34.0114	2.1414E-3	230.6977	837.7057	2.1414E-3	34.0114	
demographic.popSize162	63.8146	98.3936	32.878	2.4338E-4	220.5443	897.6646	5.8144E-4	32.878	
demographic.popSize163	61.6474	90.5856	32.5631	8.6056E-4	213.64	934.8051	5.0573E-3	32.5632	
demographic.popSize164	62.7026	94.925	33.2538	5.7914E-3	214.7616	878.1365	0.0103	33.2545	
demographic.popSize165	62.8137	95.8377	33.0633	1.5347E-3	216.6439	882.5882	1.5347E-3	33.0633	
demographic.popSize166	62.7737	98.6316	33.1422	3.3253E-3	214.4535	827.2397	0.0305	33.1659	
demographic.popSize167	63.8622	95.2974	33.5899	0.0161	225.7455	785.1264	0.0161	33.5947	
demographic.popSize168	64.3163	99.1296	33.2275	1.528E-3	230.0063	880.6381	0.0221	33.2352	
demographic.popSize169	64.0913	96.8574	34.1428	3.6775E-4	228.7048	885.2659	3.6775E-4	34.1428	
demographic.popSize170	64.7906	98.8788	33.6852	1.2183E-3	229.8625	854.5559	1.0534E-3	33.6852	
demographic.popSize171	63.7608	96.0578	33.1142	7.8282E-3	222.1994	840.929	4.3348E-3	33.1142	
demographic.popSize172	64.7138	95.9963	33.4234	7.2412E-3	230.4237	804.2328	8.4986E-3	33.4237	
demographic.popSize173	64.6901	97.1359	33.5743	7.3963E-3	226.9504	918.5763	3.8668E-3	33.5743	
demographic.popSize174	64.7167	99.0134	33.9831	8.8828E-4	227.8069	891.4161	8.8828E-4	33.9831	
demographic.popSize175	64.1791	107.8953	32.2827	2.541E-3	220.0522	835.136	8.7639E-3	32.2843	
demographic.popSize176	63.409	95.8362	33.4724	4.253E-3	219.9803	849.3279	4.4114E-3	33.4724	
demographic.popSize177	63.4804	92.6701	33.067	3.1333E-4	228.4814	790.9612	0.0357	33.0826	
demographic.popSize178	64.616	99.5565	33.8542	9.061E-4	225.2877	800.5257	9.061E-4	33.8542	
demographic.popSize179	64.4862	102.6369	33.1722	6.0621E-4	223.444	823.8968	6.0621E-4	33.1722	
demographic.popSize180	64.9046	95.8815	33.6073	7.2121E-3	233.0805	826.2273	7.3666E-3	33.6073	
demographic.popSize181	64.133	98.4204	33.4299	1.1772E-3	225.8256	838.0975	1.1772E-3	33.4299	
demographic.popSize182	63.5332	95.6563	33.1127	0.0101	225.6722	805.5698	0.0101	33.1159	
demographic.popSize183	64.5584	96.8634	33.9773	2.8439E-3	226.5832	879.81	1.1192E-3	33.9773	
demographic.popSize184	64.4525	96.9592	33.4065	6.5616E-3	223.3814	856.045	0.0316	33.4275	
demographic.popSize185	63.6012	97.6335	32.8023	2.0327E-4	224.0745	810.2737	5.9178E-3	32.8023	
demographic.popSize186	64.1954	94.6549	33.7682	1.0505E-3	225.3866	881.9203	1.0505E-3	33.7682	
demographic.popSize187	63.068	93.5508	33.2393	3.5285E-3	219.0137	893.6838	0.0395	33.2586	
demographic.popSize188	64.8141	98.0525	33.4954	1.1833E-3	230.5832	781.8872	1.1833E-3	33.4954	
demographic.popSize189	64.1848	100.2914	33.4073	9.0561E-3	220.1649	870.4261	1.4504E-3	33.4073	
demographic.popSize190	64.5366	99.1377	33.854	5.7195E-3	225.0932	835.1725	0.0113	33.857	
demographic.popSize191	64.2098	96.2909	33.2339	6.0768E-3	227.5234	843.8833	6.2775E-3	33.2339	
demographic.popSize192	63.4314	97.6691	33.3859	2.0563E-3	219.8627	868.6552	0.0155	33.3946	
demographic.popSize193	63.5157	98.7377	33.5177	3.9937E-4	221.4169	905.7265	0.0249	33.5224	
demographic.popSize194	63.5571	96.0511	33.3168	3.9855E-3	221.6524	849.9714	2.9031E-3	33.3168	
demographic.popSize195	64.8199	95.3947	33.4552	7.1164E-3	231.5664	755.8488	5.2922E-3	33.4552	
demographic.popSize196	64.2734	101.3172	33.0212	8.1701E-4	221.5869	792.0692	5.0254E-3	33.0212	
demographic.popSize197	64.7752	102.558	32.4533	0.0108	227.8833	831.5645	0.0108	32.4533	
demographic.popSize198	63.0367	97.1407	32.909	5.2446E-3	219.2372	841.4589	0.067	32.9365	
demographic.popSize199	62.7275	97.7448	31.778	6.3997E-4	226.6028	836.5757	6.1953E-3	31.7824	
demographic.popSize200	62.6473	97.7206	31.3063	6.9368E-4	225.6634	899.5134	0.0439	31.3303	
demographic.indicators1	4.6013E-3	0.0677	0	0	0	6671.3796	0	0	
demographic.indicators2	0.0145	0.1197	0	0	0	420.5774	0	0	
demographic.indicators3	0.0565	0.231	0	0	1	259.521	0	0	
demographic.indicators4	0.0137	0.1163	0	0	0	450.5701	0	0	
demographic.indicators5	0.0136	0.1159	0	0	0	413.2102	0	0	
demographic.indicators6	0.0583	0.2342	0	0	1	224.8398	0	0	
demographic.indicators7	0.0685	0.2525	0	0	1	234.3829	0	0	
demographic.indicators8	0.0124	0.1107	0	0	0	403.0094	0	0	
demographic.indicators9	0.0531	0.2243	0	0	1	257.0467	0	0	
demographic.indicators10	0.0796	0.2707	0	0	1	246.2091	0	0	
demographic.indicators11	0.0299	0.1702	0	0	0	253.2685	0	0	
demographic.indicators12	0.0174	0.1308	0	0	0	521.4395	0	0	
demographic.indicators13	0.0335	0.1799	0	0	0	314.8805	0	0	
demographic.indicators14	0.0652	0.2468	0	0	1	283.3509	0	0	
demographic.indicators15	0.0438	0.2046	0	0	0	298.8247	0	0	
demographic.indicators16	0.0757	0.2645	0	0	1	265.74	0	0	
demographic.indicators17	0.0918	0.2888	0	0	1	247.9069	0	0	
demographic.indicators18	0.0736	0.2611	0	0	1	228.1979	0	0	
demographic.indicators19	0.0408	0.1979	0	0	0	264.1014	0	0	
demographic.indicators20	0.0261	0.1594	0	0	0	396.6463	0	0	
demographic.indicators21	0.0105	0.1017	0	0	0	705.018	0	0	
demographic.indicators22	0.0402	0.1964	0	0	0	280.3453	0	0	
demographic.indicators23	0.0176	0.1315	0	0	0	498.1122	0	0	
demographic.indicators24	0.0265	0.1606	0	0	0	259.3771	0	0	
demographic.indicators25	0.0387	0.1929	0	0	0	313.0723	0	0	
demographic.indicators26	0.0154	0.1232	0	0	0	299.9648	0	0	
demographic.indicators27	5.8347E-3	0.0762	0	0	0	1188.9275	0	0	
demographic.indicators28	0.0144	0.1189	0	0	0	327.8579	0	0	
demographic.indicators29	8.3587E-3	0.091	0	0	0	789.0625	0	0	
demographic.indicators30	6.2533E-3	0.0788	0	0	0	1047.7238	0	0	
demographic.indicators31	6.5867E-3	0.0809	0	0	0	718.5573	0	0	
demographic.indicators32	7.2267E-3	0.0847	0	0	0	741.1084	0	0	
demographic.indicators33	5.416E-3	0.0734	0	0	0	1249.3387	0	0	
demographic.indicators34	0.0167	0.1281	0	0	0	389.6552	0	0	
demographic.indicators35	0.015	0.1214	0	0	0	521.8989	0	0	
demographic.indicators36	0.0172	0.13	0	0	0	417.5327	0	0	
demographic.indicators37	0.0123	0.1103	0	0	0	920.3401	0	0	
demographic.indicators38	8.36E-3	0.0911	0	0	0	474.4752	0	0	
demographic.indicators39	0.0122	0.1097	0	0	0	613.6262	0	0	
demographic.indicators40	0.013	0.1131	0	0	0	544.3762	0	0	
demographic.indicators41	0.0106	0.1026	0	0	0	537.5024	0	0	
demographic.indicators42	4.8E-3	0.0691	0	0	0	1619.4244	0	0	
demographic.indicators43	0.0141	0.1178	0	0	0	375.8376	0	0	
demographic.indicators44	0.0203	0.1411	0	0	0	317.1794	0	0	
demographic.indicators45	5.396E-3	0.0733	0	0	0	2085.4241	0	0	
demographic.indicators46	0.0111	0.105	0	0	0	644.2991	0	0	
demographic.indicators47	0.0137	0.1161	0	0	0	601.968	0	0	
demographic.indicators48	0.0115	0.1065	0	0	0	669.8676	0	0	
demographic.indicators49	9.0493E-3	0.0947	0	0	0	783.992	0	0	
demographic.indicators50	4.904E-3	0.0699	0	0	0	660.4034	0	0	
demographic.indicators51	8.572E-3	0.0922	0	0	0	601.7536	0	0	
demographic.indicators52	5.7027E-3	0.0753	0	0	0	1302.84	0	0	
demographic.indicators53	0.0187	0.1353	0	0	0	510.8605	0	0	
demographic.indicators54	0.0108	0.1032	0	0	0	895.2625	0	0	
demographic.indicators55	8.1213E-3	0.0898	0	0	0	811.5563	0	0	
demographic.indicators56	6.392E-3	0.0797	0	0	0	1020.5417	0	0	
demographic.indicators57	8.3827E-3	0.0912	0	0	0	1096.5737	0	0	
demographic.indicators58	0.0175	0.131	0	0	0	452.0784	0	0	
demographic.indicators59	0.0177	0.1319	0	0	0	541.5007	0	0	
demographic.indicators60	0.0203	0.141	0	0	0	478.7978	0	0	
demographic.indicators61	0.0111	0.1049	0	0	0	1302.1497	0	0	
demographic.indicators62	0.0148	0.1207	0	0	0	564.2596	0	0	
demographic.indicators63	0.018	0.133	0	0	0	412.0565	0	0	
demographic.indicators64	0.023	0.15	0	0	0	357.3312	0	0	
demographic.indicators65	0.0236	0.1519	0	0	0	560.8101	0	0	
demographic.indicators66	0.02	0.14	0	0	0	492.4577	0	0	
demographic.indicators67	0.0199	0.1396	0	0	0	577.0298	0	0	
demographic.indicators68	0.0201	0.1403	0	0	0	807.1719	0	0	
demographic.indicators69	0.0302	0.171	0	0	0	467.6924	0	0	
demographic.indicators70	0.0209	0.143	0	0	0	506.8409	0	0	
demographic.indicators71	0.0181	0.1333	0	0	0	472.1577	0	0	
demographic.indicators72	0.0301	0.1708	0	0	0	335.2621	0	0	
demographic.indicators73	0.015	0.1217	0	0	0	1000.4621	0	0	
demographic.indicators74	0.0222	0.1472	0	0	0	719.3981	0	0	
demographic.indicators75	0.0127	0.1122	0	0	0	996.9048	0	0	
demographic.indicators76	0.0146	0.1201	0	0	0	579.5948	0	0	
demographic.indicators77	0.0142	0.1183	0	0	0	746.4827	0	0	
demographic.indicators78	0.0181	0.1332	0	0	0	742.2564	0	0	
demographic.indicators79	0.0212	0.144	0	0	0	492.5262	0	0	
demographic.indicators80	0.0144	0.1191	0	0	0	527.3183	0	0	
demographic.indicators81	0.0172	0.1302	0	0	0	533.5141	0	0	
demographic.indicators82	0.024	0.153	0	0	0	510.5629	0	0	
demographic.indicators83	0.0285	0.1664	0	0	0	428.4424	0	0	
demographic.indicators84	0.0146	0.1198	0	0	0	571.9817	0	0	
demographic.indicators85	0.0105	0.1018	0	0	0	547.7034	0	0	
demographic.indicators86	0.0142	0.1184	0	0	0	626.37	0	0	
demographic.indicators87	0.0111	0.1046	0	0	0	596.3058	0	0	
demographic.indicators88	7.064E-3	0.0838	0	0	0	866.5967	0	0	
demographic.indicators89	0.0115	0.1066	0	0	0	812.8454	0	0	
demographic.indicators90	0.0146	0.1201	0	0	0	578.0643	0	0	
demographic.indicators91	0.0151	0.1218	0	0	0	618.8895	0	0	
demographic.indicators92	9.248E-3	0.0957	0	0	0	1011.0486	0	0	
demographic.indicators93	0.0105	0.1018	0	0	0	1175.5773	0	0	
demographic.indicators94	9.052E-3	0.0947	0	0	0	1701.0146	0	0	
demographic.indicators95	0.0104	0.1014	0	0	0	920.5491	0	0	
demographic.indicators96	0.0146	0.12	0	0	0	693.2962	0	0	
demographic.indicators97	7.4467E-3	0.086	0	0	0	573.8521	0	0	
demographic.indicators98	0.0132	0.1141	0	0	0	1175.0008	0	0	
demographic.indicators99	0.0104	0.1015	0	0	0	364.2639	0	0	
demographic.indicators100	7.292E-3	0.0851	0	0	0	782.3108	0	0	
demographic.indicators101	6.7947E-3	0.0821	0	0	0	1309.7028	0	0	
demographic.indicators102	3.3013E-3	0.0574	0	0	0	2803.3585	0	0	
demographic.indicators103	5.128E-3	0.0714	0	0	0	600.6209	0	0	
demographic.indicators104	9.6493E-3	0.0978	0	0	0	541.5577	0	0	
demographic.indicators105	0.0148	0.1208	0	0	0	630.1562	0	0	
demographic.indicators106	7.456E-3	0.086	0	0	0	1025.6558	0	0	
demographic.indicators107	9.4587E-3	0.0968	0	0	0	1049.2255	0	0	
demographic.indicators108	9.62E-3	0.0976	0	0	0	906.0298	0	0	
demographic.indicators109	7.148E-3	0.0842	0	0	0	629.2344	0	0	
demographic.indicators110	3.1347E-3	0.0559	0	0	0	1980.2575	0	0	
demographic.indicators111	0.0111	0.1048	0	0	0	1242.7522	0	0	
demographic.indicators112	3.9427E-3	0.0627	0	0	0	1276.8251	0	0	
demographic.indicators113	4.7453E-3	0.0687	0	0	0	2016.5855	0	0	
demographic.indicators114	3.232E-3	0.0568	0	0	0	2115.7472	0	0	
demographic.indicators115	8.0853E-3	0.0896	0	0	0	1486.1299	0	0	
demographic.indicators116	5.8653E-3	0.0764	0	0	0	660.6544	0	0	
demographic.indicators117	5.708E-3	0.0753	0	0	0	864.546	0	0	
demographic.indicators118	7.224E-3	0.0847	0	0	0	1115.6216	0	0	
demographic.indicators119	5.4213E-3	0.0734	0	0	0	1513.3893	0	0	
demographic.indicators120	6.668E-3	0.0814	0	0	0	1852.0475	0	0	
demographic.indicators121	4.1747E-3	0.0645	0	0	0	1987.3704	0	0	
demographic.indicators122	0.0115	0.1067	0	0	0	404.0076	0	0	
demographic.indicators123	4.0787E-3	0.0637	0	0	0	3762.1755	0	0	
demographic.indicators124	1.9987E-3	0.0447	0	0	0	6152.0972	0	0	
demographic.indicators125	6.104E-3	0.0779	0	0	0	2235.0689	0	0	
demographic.indicators126	4.6987E-3	0.0684	0	0	0	1955.1146	0	0	
demographic.indicators127	3.5467E-3	0.0594	0	0	0	2085.9916	0	0	
demographic.indicators128	2.9307E-3	0.0541	0	0	0	4270.8912	0	0	
demographic.indicators129	6.3227E-3	0.0793	0	0	0	569.7095	0	0	
demographic.indicators130	3.7787E-3	0.0614	0	0	0	2851.7078	0	0	
demographic.indicators131	2.868E-3	0.0535	0	0	0	6088.5734	0	0	
demographic.indicators132	7.136E-3	0.0842	0	0	0	463.5088	0	0	
demographic.indicators133	0.01	0.0996	0	0	0	607.9878	0	0	
demographic.indicators134	4.6373E-3	0.0679	0	0	0	2534.459	0	0	
demographic.indicators135	4.1147E-3	0.064	0	0	0	3095.5598	0	0	
demographic.indicators136	6.748E-3	0.0819	0	0	0	782.7814	0	0	
demographic.indicators137	6.9173E-3	0.0829	0	0	0	701.9474	0	0	
demographic.indicators138	6.0013E-3	0.0772	0	0	0	1012.0899	0	0	
demographic.indicators139	8.5867E-3	0.0923	0	0	0	689.9335	0	0	
demographic.indicators140	4.6547E-3	0.0681	0	0	0	2780.9908	0	0	
demographic.indicators141	3.5653E-3	0.0596	0	0	0	3594.2687	0	0	
demographic.indicators142	5.9267E-3	0.0768	0	0	0	1204.7026	0	0	
demographic.indicators143	5.8013E-3	0.0759	0	0	0	1206.977	0	0	
demographic.indicators144	2.228E-3	0.0471	0	0	0	6366.3637	0	0	
demographic.indicators145	1.612E-3	0.0401	0	0	0	7616.5433	0	0	
demographic.indicators146	5.296E-3	0.0726	0	0	0	1350.8968	0	0	
demographic.indicators147	4.032E-3	0.0634	0	0	0	3372.3347	0	0	
demographic.indicators148	3.3E-3	0.0574	0	0	0	2345.0363	0	0	
demographic.indicators149	2.052E-3	0.0453	0	0	0	6825.9537	0	0	
demographic.indicators150	4.3853E-3	0.0661	0	0	0	2640.5401	0	0	
demographic.indicators151	3.5773E-3	0.0597	0	0	0	2808.7736	0	0	
demographic.indicators152	3.172E-3	0.0562	0	0	0	3390.5663	0	0	
demographic.indicators153	2.8933E-3	0.0537	0	0	0	4670.0584	0	0	
demographic.indicators154	4.2773E-3	0.0653	0	0	0	2411.9113	0	0	
demographic.indicators155	7.9E-3	0.0885	0	0	0	1161.8035	0	0	
demographic.indicators156	2.392E-3	0.0488	0	0	0	10301.6612	0	0	
demographic.indicators157	5.488E-3	0.0739	0	0	0	2342.3351	0	0	
demographic.indicators158	2.684E-3	0.0517	0	0	0	4424.34	0	0	
demographic.indicators159	4.212E-3	0.0648	0	0	0	1920.5138	0	0	
demographic.indicators160	3.244E-3	0.0569	0	0	0	4309.7427	0	0	
demographic.indicators161	3.4067E-3	0.0583	0	0	0	1245.5017	0	0	
demographic.indicators162	3.2267E-3	0.0567	0	0	0	3496.672	0	0	
demographic.indicators163	2.2133E-3	0.047	0	0	0	6000.1942	0	0	
demographic.indicators164	4.896E-3	0.0698	0	0	0	3713.4914	0	0	
demographic.indicators165	3.0787E-3	0.0554	0	0	0	7621.8903	0	0	
demographic.indicators166	3.3787E-3	0.058	0	0	0	4007.0674	0	0	
demographic.indicators167	4.216E-3	0.0648	0	0	0	2429.8524	0	0	
demographic.indicators168	5.024E-3	0.0707	0	0	0	1672.1801	0	0	
demographic.indicators169	3.1693E-3	0.0562	0	0	0	9493.194	0	0	
demographic.indicators170	3.9373E-3	0.0626	0	0	0	3471.5009	0	0	
demographic.indicators171	5.4027E-3	0.0733	0	0	0	2094.9968	0	0	
demographic.indicators172	3.0747E-3	0.0554	0	0	0	8029.6129	0	0	
demographic.indicators173	4.7373E-3	0.0687	0	0	0	3131.5525	0	0	
demographic.indicators174	4.0053E-3	0.0632	0	0	0	6213.2748	0	0	
demographic.indicators175	3.3653E-3	0.0579	0	0	0	8802.9643	0	0	
demographic.indicators176	4.3267E-3	0.0656	0	0	0	7126.2787	0	0	
demographic.indicators177	6.012E-3	0.0773	0	0	0	2809.9804	0	0	
demographic.indicators178	8.5627E-3	0.0921	0	0	0	1033.2503	0	0	
demographic.indicators179	5.512E-3	0.074	0	0	0	1907.2888	0	0	
demographic.indicators180	5.4973E-3	0.0739	0	0	0	4492.3677	0	0	
demographic.indicators181	8.6707E-3	0.0927	0	0	0	1067.5336	0	0	
demographic.indicators182	5.748E-3	0.0756	0	0	0	4384.6784	0	0	
demographic.indicators183	7.0867E-3	0.0839	0	0	0	1997.277	0	0	
demographic.indicators184	7.8027E-3	0.088	0	0	0	2291.6657	0	0	
demographic.indicators185	4.0813E-3	0.0638	0	0	0	3223.9085	0	0	
demographic.indicators186	7.42E-3	0.0858	0	0	0	1379.288	0	0	
demographic.indicators187	8.6013E-3	0.0923	0	0	0	1315.9827	0	0	
demographic.indicators188	5.5627E-3	0.0744	0	0	0	3506.5219	0	0	
demographic.indicators189	7.4573E-3	0.086	0	0	0	2382.6609	0	0	
demographic.indicators190	9.0747E-3	0.0948	0	0	0	1913.6399	0	0	
demographic.indicators191	0.0106	0.1026	0	0	0	1229.9972	0	0	
demographic.indicators192	5.852E-3	0.0763	0	0	0	6452.8121	0	0	
demographic.indicators193	9.3453E-3	0.0962	0	0	0	3734.5155	0	0	
demographic.indicators194	0.0116	0.107	0	0	0	2564.5484	0	0	
demographic.indicators195	0.0143	0.1189	0	0	0	3057.8585	0	0	
demographic.indicators196	0.0144	0.119	0	0	0	4530.0984	0	0	
demographic.indicators197	0.0236	0.1519	0	0	0	2509.4741	0	0	
demographic.indicators198	0.0404	0.1969	0	0	0	1183.1472	0	0	
demographic.indicators199	0.0518	0.2217	0	0	1	1454.2327	0	0	
kappa	2.2016	0.1427	2.1984	1.9197	2.4769	25019.1283	2.1008	2.2937	
frequencies1	0.2798	0.0101	0.2797	0.2602	0.2997	10977.8595	0.2725	0.2861	
frequencies2	0.2154	9.044E-3	0.2153	0.1978	0.2333	12028.9953	0.2086	0.2207	
frequencies3	0.185	8.3161E-3	0.185	0.1688	0.2015	13995.6058	0.1796	0.191	
frequencies4	0.3198	0.0107	0.3197	0.2985	0.3404	11853.0731	0.3125	0.3269	
alpha	0.5857	0.0501	0.5834	0.4902	0.6853	35228.862	0.5483	0.6149	
default.ucld.mean	1.775E-3	5.4699E-4	1.7035E-3	8.601E-4	2.816E-3	231.8766	1.1591E-3	1.8717E-3	
default.ucld.stdev	0.014	9.2713E-3	0.0116	2.5452E-3	0.0322	287.4025	4.0314E-3	0.0124	
host_groups.ucld.mean	0.0129	3.2594E-3	0.0125	7.1166E-3	0.0195	419.7171	9.9301E-3	0.0141	
host_groups.ucld.stdev	0.0116	0.0109	8.5827E-3	3.9604E-7	0.0325	685.5106	1.6605E-6	8.5836E-3	
default.meanRate	1.1797E-3	2.2665E-4	1.1555E-3	7.6658E-4	1.6287E-3	227.655	9.7184E-4	1.2696E-3	
default.coefficientOfVariation	3.1118	0.6264	2.9975	2.0824	4.437	269.1668	2.537	3.2262	
default.covariance	0.0118	0.0401	3.9501E-3	-0.052	0.0943	619.0638	-0.0255	0.0162	
host_groups.meanRate	0.0135	3.7797E-3	0.013	6.9782E-3	0.0209	468.0984	9.8744E-3	0.0145	
host_groups.coefficientOfVariation	0.8434	0.6667	0.6893	3.9443E-6	2.1618	583.7523	4.8055E-5	0.6893	
host_groups.covariance	-0.0032	0.0488	-0.006	-0.0946	0.0962	19905.8971	-0.0424	0.0217	
host_groups.rates.Amaranthaceae.Brassicaceae	0.7912	0.8434	0.5216	3.6538E-5	2.4727	7887.4321	3.9008E-5	0.5216	
host_groups.rates.Amaranthaceae.Fabaceae	1.7159	0.8871	1.5648	0.273	3.4863	2504.3278	0.8295	1.871	
host_groups.rates.Amaranthaceae.Poaceae	0.9621	0.7562	0.7938	1.2631E-3	2.3758	3948.5159	0.2039	0.9633	
host_groups.rates.Amaranthaceae.Solanaceae	0.8305	0.6804	0.6689	4.0588E-4	2.0936	10208.9893	0.164	0.7886	
host_groups.rates.Brassicaceae.Fabaceae	0.8761	0.9195	0.5871	1.7251E-5	2.6998	9103.181	1.7251E-5	0.5871	
host_groups.rates.Brassicaceae.Poaceae	0.9736	0.8082	0.7761	6.8974E-5	2.5114	6053.2699	0.073	0.841	
host_groups.rates.Brassicaceae.Solanaceae	0.9973	0.7895	0.82	1.0507E-4	2.4879	3638.2813	0.1306	0.9334	
host_groups.rates.Fabaceae.Poaceae	1.2307	0.7912	1.0892	2.8085E-4	2.7089	2382.0095	0.4524	1.3588	
host_groups.rates.Fabaceae.Solanaceae	0.8477	0.8385	0.6034	1.3167E-5	2.4869	9372.0488	4.7319E-3	0.6072	
host_groups.rates.Poaceae.Solanaceae	1.049	0.7888	0.8779	7.054E-5	2.5379	4730.5081	0.2135	1.0362	
host_groups.rates.Brassicaceae.Amaranthaceae	0.8934	0.951	0.584	2.6195E-5	2.8056	9032.0525	3.7648E-5	0.584	
host_groups.rates.Fabaceae.Amaranthaceae	0.9042	0.9537	0.5968	6.4693E-5	2.8078	8017.4806	6.4693E-5	0.5968	
host_groups.rates.Poaceae.Amaranthaceae	0.9141	0.963	0.6055	1.0072E-5	2.8494	8830.6055	1.0445E-5	0.6055	
host_groups.rates.Solanaceae.Amaranthaceae	0.7762	0.5719	0.6398	8.5194E-3	1.8926	2745.574	0.1518	0.7251	
host_groups.rates.Fabaceae.Brassicaceae	0.8858	0.8863	0.6189	2.1472E-5	2.6439	7492.7602	2.3787E-5	0.6189	
host_groups.rates.Poaceae.Brassicaceae	1.4557	0.8388	1.3021	0.0905	3.0962	3138.0856	0.5771	1.5369	
host_groups.rates.Solanaceae.Brassicaceae	0.8783	0.9041	0.6001	1.4879E-5	2.6805	8181.5448	1.4879E-5	0.6001	
host_groups.rates.Poaceae.Fabaceae	1.0953	0.855	0.9062	1.214E-5	2.7166	2817.9089	0.1371	1.0292	
host_groups.rates.Solanaceae.Fabaceae	0.8912	0.9199	0.6068	3.1691E-6	2.718	9647.1391	2.7806E-6	0.6068	
host_groups.rates.Solanaceae.Poaceae	0.9218	0.9517	0.6219	1.948E-5	2.8077	9399.8328	8.3917E-4	0.6227	
host_groups.indicators.Amaranthaceae.Brassicaceae	0.4165	0.493	0	0	1	1619.0955	0	0	
host_groups.indicators.Amaranthaceae.Fabaceae	0.9945	0.0739	1	1	1	3157.4372	1	1	
host_groups.indicators.Amaranthaceae.Poaceae	0.7397	0.4388	1	0	1	701.6582	1	1	
host_groups.indicators.Amaranthaceae.Solanaceae	0.7423	0.4374	1	0	1	1201.9596	1	1	
host_groups.indicators.Brassicaceae.Fabaceae	0.2632	0.4404	0	0	1	1057.0917	0	0	
host_groups.indicators.Brassicaceae.Poaceae	0.6596	0.4738	1	0	1	895.5974	1	1	
host_groups.indicators.Brassicaceae.Solanaceae	0.757	0.4289	1	0	1	911.7622	1	1	
host_groups.indicators.Fabaceae.Poaceae	0.8706	0.3357	1	0	1	752.4544	1	1	
host_groups.indicators.Fabaceae.Solanaceae	0.4447	0.4969	0	0	1	1162.6288	0	0	
host_groups.indicators.Poaceae.Solanaceae	0.7554	0.4298	1	0	1	691.6765	1	1	
host_groups.indicators.Brassicaceae.Amaranthaceae	0.1435	0.3505	0	0	1	12844.8789	0	0	
host_groups.indicators.Fabaceae.Amaranthaceae	0.1587	0.3654	0	0	1	9927.6985	0	0	
host_groups.indicators.Poaceae.Amaranthaceae	0.1258	0.3317	0	0	1	17841.6888	0	0	
host_groups.indicators.Solanaceae.Amaranthaceae	0.9946	0.0734	1	1	1	6133.7058	1	1	
host_groups.indicators.Fabaceae.Brassicaceae	0.3272	0.4692	0	0	1	969.1427	0	0	
host_groups.indicators.Poaceae.Brassicaceae	0.962	0.1911	1	1	1	674.5064	1	1	
host_groups.indicators.Solanaceae.Brassicaceae	0.27	0.444	0	0	1	1621.5261	0	0	
host_groups.indicators.Poaceae.Fabaceae	0.7019	0.4574	1	0	1	479.8647	1	1	
host_groups.indicators.Solanaceae.Fabaceae	0.2493	0.4326	0	0	1	2321.448	0	0	
host_groups.indicators.Solanaceae.Poaceae	0.1859	0.3891	0	0	1	2797.3112	0	0	
host_groups.nonZeroRates	10.7623	1.9544	11	7	14	983.0527	9	11	
default.treeLikelihood	-7465.7058	13.572	-7465.3479	-7492.7627	-7439.6591	870.2252	-7473.7928	-7455.4843	
default.branchRates	-2382.6079	0	0	0	0	NaN	0	0	
host_groups.branchRates	-2382.6079	0	0	0	0	NaN	0	0	
c_host_groups.count[1]	45.2113	4.5636	45	36	53	1433.4554	40	45	
c_allTransitions[1]	45.2117	4.5652	45	36	53	1430.3392	40	45	
coalescent	-1120.268	38.2897	-1119.7752	-1195.7134	-1046.5663	228.0331	-1143.3254	-1091.2348	

