burnIn   <= 25000000,   maxState  = 100000000
statistic	mean	stdErr	median	hpdLower	hpdUpper	ESS	50hpdLower	50hpdUpper
joint	-14634.4147	157.3935	-14639.4914	-14924.6666	-14330.5427	228.471	-14764.7595	-14537.7886	
prior	-7060.8488	158.1581	-7067.1353	-7351.6621	-6755.9022	226.0498	-7191.3688	-6965.7373	
likelihood	-7573.566	18.3853	-7573.9323	-7609.7292	-7536.9062	730.4566	-7586.5796	-7562.0953	
treeModel.rootHeight	165.039	47.9432	157.5335	88.1998	262.88	302.46	112.9033	171.3273	
age(root)	1857.961	47.9432	1865.4665	1760.12	1934.8002	302.46	1851.6727	1910.0967	
treeLength	2190.1826	365.7749	2158.9314	1522.2589	2895.7432	223.2266	1881.7577	2375.9511	
tmrca(ingroup)	165.039	47.9432	157.5335	88.1998	262.88	302.46	112.9033	171.3273	
age(ingroup)	1857.961	47.9432	1865.4665	1760.12	1934.8002	302.46	1851.6727	1910.0967	
demographic.populationSizeChanges	2.7914	0.7698	3	2	4	462.974	2	3	
demographic.populationMean	98.7906	78.0798	77.747	12.0889	243.4432	258.3059	23.5512	83.5915	
demographic.popSize1	87.7076	97.3259	51.2723	1.5188	301.2537	254.0238	1.5262	51.2723	
demographic.popSize2	98.9647	146.3447	50.5019	3.022E-4	357.1039	895.4809	0.012	50.5042	
demographic.popSize3	97.6786	147.9927	47.8417	0.0104	351.8216	875.7929	5.8187E-3	47.8417	
demographic.popSize4	98.0361	146.8406	49.8007	0.0118	364.6181	853.6556	0.0204	49.8035	
demographic.popSize5	94.43	146.2697	46.1816	3.1063E-3	345.392	775.3381	3.1063E-3	46.1816	
demographic.popSize6	97.7828	143.7915	49.1098	5.3469E-4	354.1194	814.0241	5.3469E-4	49.1098	
demographic.popSize7	97.5236	146.2042	49.6443	9.9977E-4	340.6905	831.4956	9.9977E-4	49.6443	
demographic.popSize8	99.8966	150.7078	51.214	3.7803E-4	351.7659	885.1739	0.0157	51.2287	
demographic.popSize9	95.7963	144.8727	47.5717	1.6585E-4	354.009	839.8117	1.6585E-4	47.5717	
demographic.popSize10	91.0967	138.0818	45.0338	2.4743E-3	326.7865	829.1748	2.4743E-3	45.0338	
demographic.popSize11	94.7216	146.218	46.8754	3.8877E-3	346.8815	835.5876	1.7429E-4	46.8754	
demographic.popSize12	77.4013	134.8712	32.8206	2.4096E-3	301.4433	685.5666	2.4096E-3	32.8206	
demographic.popSize13	97.7491	144.1423	49.0122	7.5435E-3	353.0067	837.2928	0.0233	49.0217	
demographic.popSize14	97.9815	155.4709	48.4976	2.8575E-3	352.3425	810.3736	0.0199	48.5077	
demographic.popSize15	94.1728	143.7003	45.4876	8.5964E-3	347.0058	791.8109	5.2516E-3	45.4876	
demographic.popSize16	88.1937	147.8271	40.0509	6.1115E-3	326.4513	760.0427	6.1115E-3	40.0509	
demographic.popSize17	96.4064	146.7289	48.9741	6.3177E-3	348.6332	820.534	3.1031E-3	48.9741	
demographic.popSize18	95.6979	148.3935	46.252	6.9009E-3	358.6377	806.0588	6.9009E-3	46.252	
demographic.popSize19	91.9494	145.3511	44.084	5.5639E-3	343.1275	803.3857	5.5639E-3	44.084	
demographic.popSize20	96.4875	149.2817	46.7574	1.4404E-4	355.395	824.3458	1.4404E-4	46.7574	
demographic.popSize21	80.7064	131.4848	37.0998	3.7103E-3	308.1989	695.0816	4.2763E-3	37.0998	
demographic.popSize22	95.0019	146.0909	47.0166	2.9389E-3	338.502	821.4316	2.9389E-3	47.0166	
demographic.popSize23	94.7468	141.8513	48.4854	1.475E-3	346.25	873.3952	1.475E-3	48.4854	
demographic.popSize24	99.5189	142.7118	53.4915	4.9755E-4	348.9853	889.8143	0.0115	53.5016	
demographic.popSize25	102.1049	145.3874	54.7951	1.4759E-4	360.0125	836.4271	1.4759E-4	54.7951	
demographic.popSize26	95.8938	141.8276	50.2594	1.5073E-3	332.3424	910.3809	0.0216	50.2594	
demographic.popSize27	100.3851	152.3561	52.952	5.6768E-3	346.3432	851.5851	5.1462E-3	52.952	
demographic.popSize28	99.2896	143.8811	53.7631	3.9682E-3	345.9737	875.3445	0.0129	53.7631	
demographic.popSize29	97.9371	143.6268	51.9693	0.0112	346.9886	827.1115	8.4057E-3	51.9693	
demographic.popSize30	95.4176	134.1613	51.019	7.0657E-3	336.8668	948.9916	7.0657E-3	51.019	
demographic.popSize31	99.7388	153.1862	52.061	2.1423E-3	348.7327	915.9469	2.1423E-3	52.061	
demographic.popSize32	97.7585	145.831	50.5108	5.8402E-3	353.0603	849.3991	0.0347	50.5283	
demographic.popSize33	100.0999	149.7869	53.0193	9.6623E-3	354.9836	884.9727	6.7716E-3	53.0193	
demographic.popSize34	97.6693	144.9585	52.6875	2.3023E-3	337.6532	885.7122	2.3023E-3	52.6875	
demographic.popSize35	98.9294	152.6866	52.0311	1.8046E-3	348.9517	792.6739	0.0268	52.0503	
demographic.popSize36	100.1696	147.5048	53.0652	4.1431E-3	360.013	865.5175	0.0287	53.0887	
demographic.popSize37	100.4664	149.9877	53.228	3.7641E-4	349.0154	918.3581	3.7641E-4	53.228	
demographic.popSize38	98.2573	145.8045	51.1229	2.7334E-3	351.0111	904.3822	0.0132	51.1276	
demographic.popSize39	99.5758	148.5071	51.7779	3.8758E-4	352.4408	844.9454	0.0181	51.7779	
demographic.popSize40	99.5754	147.8444	52.0314	9.552E-3	342.6507	875.1734	9.552E-3	52.0314	
demographic.popSize41	99.0568	144.3219	52.5986	3.1234E-3	354.1084	830.0637	7.6213E-3	52.6007	
demographic.popSize42	99.5204	148.7875	51.6628	2.5853E-3	357.0454	829.9159	0.0143	51.6675	
demographic.popSize43	99.7222	147.9044	50.8141	6.9384E-3	352.0528	878.6785	6.9384E-3	50.8141	
demographic.popSize44	100.1391	150.0231	51.2336	3.0853E-3	354.9742	907.8651	3.0853E-3	51.2338	
demographic.popSize45	99.2062	139.5728	53.064	2.9189E-3	344.6418	873.025	3.3127E-3	53.064	
demographic.popSize46	98.7816	146.1602	51.5614	3.1315E-3	350.9339	876.7177	3.1315E-3	51.5614	
demographic.popSize47	98.262	138.3491	53.1632	2.9341E-4	336.3047	956.934	2.9341E-4	53.1632	
demographic.popSize48	99.9609	155.1008	50.1459	4.1906E-4	357.1276	811.4145	0.0252	50.1509	
demographic.popSize49	99.6831	148.6517	50.9425	0.0114	359.9788	865.2835	0.0114	50.9425	
demographic.popSize50	98.5633	145.2067	51.646	1.8248E-3	342.8488	826.405	1.8248E-3	51.646	
demographic.popSize51	99.6466	151.0504	51.7888	5.4586E-3	352.2031	883.8476	9.8406E-3	51.7924	
demographic.popSize52	98.6167	140.5662	51.6696	3.4238E-3	351.4665	844.1907	8.9626E-3	51.6696	
demographic.popSize53	98.5735	147.2675	50.9255	4.5655E-4	343.5497	918.4488	0.0128	50.9255	
demographic.popSize54	98.7236	145.3551	50.4401	6.6325E-3	350.3447	883.6328	0.0882	50.4947	
demographic.popSize55	101.4378	152.4784	51.9904	3.9027E-3	356.3143	838.6433	0.0258	51.9947	
demographic.popSize56	99.3876	144.8919	51.8526	4.7366E-3	344.3603	872.5045	0.0107	51.8526	
demographic.popSize57	98.0005	147.142	51.071	6.94E-3	337.4391	847.9694	6.94E-3	51.0736	
demographic.popSize58	100.2109	157.88	50.613	7.6687E-4	351.3317	847.2372	0.0173	50.6161	
demographic.popSize59	99.3824	148.2219	51.2727	2.4385E-3	352.7805	806.0795	0.0138	51.2811	
demographic.popSize60	97.9426	139.7539	51.4951	4.8832E-3	339.6446	874.0185	3.6504E-3	51.4951	
demographic.popSize61	99.3385	142.4349	51.9833	4.0547E-3	355.5006	826.9629	4.0547E-3	51.9833	
demographic.popSize62	97.0451	139.9056	51.4936	0.0121	342.1634	869.3959	6.9544E-3	51.4936	
demographic.popSize63	100.3857	147.2308	53.7082	0.0102	356.2633	901.3048	0.0102	53.7144	
demographic.popSize64	100.0339	149.251	51.399	1.9095E-3	352.659	754.3408	3.8696E-3	51.399	
demographic.popSize65	99.8596	141.3039	53.6752	3.0905E-3	346.6403	888.362	0.0151	53.6862	
demographic.popSize66	100.2963	145.2862	51.3075	9.8805E-4	356.1323	816.8579	9.8805E-4	51.3075	
demographic.popSize67	102.7374	150.4869	53.3249	9.8199E-4	366.9418	871.3914	9.8199E-4	53.3249	
demographic.popSize68	98.9919	143.3495	50.8232	5.0902E-4	347.7044	798.687	1.0718E-3	50.8234	
demographic.popSize69	97.3273	141.2047	51.3245	8.1602E-4	337.8369	950.2876	8.1602E-4	51.3245	
demographic.popSize70	98.7455	146.4454	51.5074	0.0106	343.2828	796.0936	0.0106	51.5088	
demographic.popSize71	98.647	152.1803	51.5982	1.2162E-3	336.8397	962.041	0.0592	51.6516	
demographic.popSize72	100.1889	154.9987	51.5137	0.027	359.3982	877.9723	6.0022E-3	51.5137	
demographic.popSize73	101.6876	158.8283	52.1201	1.0763E-3	356.1538	832.7655	0.0124	52.1235	
demographic.popSize74	96.4064	141.3465	50.6848	1.8894E-3	335.9764	896.0752	0.0156	50.6848	
demographic.popSize75	98.9396	142.9766	52.1306	6.5161E-3	343.6843	790.9078	5.6257E-3	52.1306	
demographic.popSize76	103.4029	153.1801	53.6676	4.839E-3	354.024	793.8384	0.0271	53.6686	
demographic.popSize77	100.423	153.117	50.652	1.6336E-4	350.8611	815.6508	3.1015E-3	50.652	
demographic.popSize78	100.2417	147.9668	50.7952	4.3429E-3	356.5556	854.7613	1.1333E-3	50.7952	
demographic.popSize79	99.0056	141.2512	51.8467	0.0144	358.4907	791.6416	0.026	51.8482	
demographic.popSize80	100.1027	155.1009	51.4102	7.2358E-3	354.1801	952.8151	7.2358E-3	51.4102	
demographic.popSize81	99.6482	147.5911	51.8106	3.0142E-3	356.5702	820.1995	3.0142E-3	51.8106	
demographic.popSize82	99.7091	148.0247	51.276	2.1714E-3	353.4693	891.1073	2.1714E-3	51.276	
demographic.popSize83	99.9919	154.3135	51.7424	0.0142	355.6164	911.0452	0.0142	51.7424	
demographic.popSize84	97.0282	140.0592	51.4131	5.8433E-4	342.8336	894.8519	2.5186E-3	51.4137	
demographic.popSize85	97.856	140.308	50.9379	3.0809E-3	344.4375	845.0467	2.1642E-3	50.9379	
demographic.popSize86	98.2611	146.7525	50.6656	2.116E-3	342.2027	906.3048	1.9307E-4	50.6656	
demographic.popSize87	98.3939	145.2896	50.2456	6.8646E-3	354.9851	904.9496	1.0079E-3	50.2456	
demographic.popSize88	99.8416	146.0727	50.5342	0.017	349.481	831.5351	0.017	50.5342	
demographic.popSize89	99.355	144.9571	52.098	7.8979E-5	345.3679	922.1726	7.8979E-5	52.098	
demographic.popSize90	98.6126	145.8676	50.147	0.0273	344.1673	866.2753	0.0273	50.147	
demographic.popSize91	100.8522	147.0961	53.2811	7.3735E-3	342.7552	851.9934	0.0293	53.2833	
demographic.popSize92	99.9338	145.3358	50.8742	0.0108	361.2661	855.3014	0.0138	50.8742	
demographic.popSize93	99.1983	148.3966	51.1288	3.5109E-3	348.3447	872.2496	3.5109E-3	51.1288	
demographic.popSize94	99.609	146.1334	52.0276	1.943E-3	352.8516	872.1312	9.8E-3	52.0296	
demographic.popSize95	99.2021	145.453	51.9992	0.0115	351.7257	828.728	5.783E-3	51.9992	
demographic.popSize96	98.1437	147.7161	50.5986	2.083E-3	347.9981	873.618	0.0241	50.6024	
demographic.popSize97	98.2726	149.9703	50.6238	0.0136	342.3734	826.2911	0.0136	50.6238	
demographic.popSize98	98.8244	144.0709	51.625	4.9537E-3	347.5768	788.5294	0.0831	51.6758	
demographic.popSize99	101.1674	150.5728	52.7301	7.8427E-4	362.9923	869.595	5.1409E-3	52.7301	
demographic.popSize100	101.505	151.0136	51.8396	6.6114E-3	359.4845	883.0286	6.6114E-3	51.8396	
demographic.popSize101	98.0974	148.3214	50.0376	8.2245E-3	345.9931	811.5751	6.9411E-3	50.0404	
demographic.popSize102	100.6061	151.1153	50.1387	2.8496E-3	364.9593	852.5511	2.8496E-3	50.1387	
demographic.popSize103	97.8811	149.2392	51.358	8.4092E-4	349.9345	885.0501	8.4092E-4	51.358	
demographic.popSize104	99.5495	159.4499	51.4813	4.3132E-4	348.9277	878.3558	0.0163	51.4813	
demographic.popSize105	100.5169	151.4634	51.1429	0.0198	363.5159	833.5462	0.0386	51.1459	
demographic.popSize106	97.3417	144.0822	50.4354	5.2828E-3	343.1161	901.8008	0.0105	50.4372	
demographic.popSize107	102.4656	154.3343	52.3232	1.5736E-3	360.0148	851.6205	4.4575E-3	52.3232	
demographic.popSize108	97.4155	146.1131	49.7143	3.4053E-3	343.2279	961.8206	3.4053E-3	49.7143	
demographic.popSize109	98.8555	149.3567	51.2388	2.5955E-3	349.0563	849.6279	0.0421	51.2556	
demographic.popSize110	97.3227	143.607	49.9315	2.2828E-3	353.7047	886.0556	0.0302	49.9432	
demographic.popSize111	99.8854	145.5636	51.8931	9.3678E-3	356.1391	824.1125	9.0567E-3	51.8931	
demographic.popSize112	99.4412	144.2924	52.5096	8.2789E-6	346.9988	881.247	8.2789E-6	52.5096	
demographic.popSize113	99.84	150.0727	49.5735	1.3357E-3	361.7596	848.8886	0.074	49.6455	
demographic.popSize114	99.9475	150.9199	51.4727	0.0297	352.9094	873.3952	0.0186	51.4766	
demographic.popSize115	96.4596	138.4785	50.0651	8.5203E-3	346.3775	849.3741	0.0255	50.0671	
demographic.popSize116	97.5426	147.7678	50.5567	0.0168	343.6515	896.4234	0.0186	50.5567	
demographic.popSize117	99.0126	151.1272	50.7652	5.7024E-4	355.2069	869.6067	5.7024E-4	50.7652	
demographic.popSize118	100.3809	144.4172	52.5008	7.6562E-3	361.2499	845.2106	7.6562E-3	52.5026	
demographic.popSize119	100.2956	151.2208	51.3661	8.7333E-3	352.8373	878.7232	0.0123	51.3661	
demographic.popSize120	97.9235	142.8768	49.8068	0.0184	351.1575	834.7494	8.9351E-3	49.8068	
demographic.popSize121	97.3748	144.8919	50.3462	1.6452E-3	345.0432	891.9335	1.6452E-3	50.3462	
demographic.popSize122	98.9762	146.4233	50.3313	9.948E-3	353.7547	847.7187	9.948E-3	50.3313	
demographic.popSize123	98.8945	142.8768	50.8958	4.833E-3	353.3415	865.097	3.5607E-3	50.8958	
demographic.popSize124	100.3271	156.0198	50.9728	9.4565E-3	351.059	874.0349	9.4565E-3	50.9728	
demographic.popSize125	99.453	149.6172	51.8195	0.0178	350.6717	881.6566	0.0178	51.8296	
demographic.popSize126	98.7013	150.8003	49.3814	0.0135	355.6168	875.1535	0.0184	49.3859	
demographic.popSize127	99.0161	144.2139	51.7086	3.36E-3	351.1025	814.5793	3.36E-3	51.7086	
demographic.popSize128	98.1208	154.4058	50.0134	8.5473E-4	352.1139	927.791	4.7882E-4	50.0134	
demographic.popSize129	99.4017	146.2059	51.2478	1.0811E-3	354.1572	826.3423	1.0811E-3	51.2478	
demographic.popSize130	95.6826	142.0621	50.4849	8.4124E-3	338.0373	926.5154	8.9359E-3	50.4849	
demographic.popSize131	100.51	153.9105	51.6664	1.6761E-4	365.4605	825.2383	0.0802	51.7416	
demographic.popSize132	98.3913	149.0441	50.5206	4.5566E-3	352.511	838.826	3.6648E-3	50.5206	
demographic.popSize133	96.5247	139.2763	50.5376	1.0872E-3	341.892	904.2296	1.0872E-3	50.5376	
demographic.popSize134	100.072	150.8196	51.1323	1.4128E-3	353.6464	880.6602	1.4128E-3	51.1323	
demographic.popSize135	98.4399	154.1305	50.3649	0.0136	348.7512	985.7011	0.0131	50.3649	
demographic.popSize136	99.2648	145.5638	51.7883	3.5774E-3	356.7623	861.2673	3.5774E-3	51.7883	
demographic.popSize137	98.9227	149.887	51.992	2.5527E-3	347.2865	839.7963	2.5527E-3	51.992	
demographic.popSize138	100.274	148.7311	51.825	6.0028E-4	357.0183	889.5595	6.0028E-4	51.825	
demographic.popSize139	98.8495	153.3513	51.0261	2.629E-4	356.4185	837.541	5.5156E-4	51.0261	
demographic.popSize140	99.1451	146.1174	51.039	6.5495E-3	353.8317	889.901	0.019	51.0399	
demographic.popSize141	96.8319	143.754	50.6035	2.9756E-3	340.5483	915.5709	0.0331	50.6078	
demographic.popSize142	101.1628	159.6788	51.5169	1.2922E-3	357.0844	734.7257	0.0364	51.539	
demographic.popSize143	96.8961	142.8082	49.5663	2.3532E-3	342.405	904.0381	2.3532E-3	49.5674	
demographic.popSize144	97.9918	145.3169	50.5826	1.7132E-3	355.7109	849.076	0.0505	50.5935	
demographic.popSize145	98.6685	142.5689	52.3471	3.1272E-3	352.2917	855.5155	3.1272E-3	52.3471	
demographic.popSize146	98.9095	146.1437	51.0045	3.6884E-3	353.4327	868.5029	0.1627	51.0045	
demographic.popSize147	95.1082	141.4399	49.029	2.1869E-3	332.6122	922.1197	0.0153	49.0332	
demographic.popSize148	97.4463	147.1862	50.7213	3.4323E-3	341.0064	890.6452	4.9844E-3	50.7213	
demographic.popSize149	99.6009	145.2425	51.394	8.5067E-3	353.6801	831.8074	1.5649E-3	51.394	
demographic.popSize150	97.7923	148.856	49.7905	4.1128E-4	347.4822	908.7547	1.5132E-3	49.7905	
demographic.popSize151	100.3478	150.9174	51.0819	3.0634E-3	356.7029	846.7444	3.0634E-3	51.0819	
demographic.popSize152	99.859	151.3458	50.3162	1.1932E-3	361.0841	845.2263	1.1932E-3	50.3162	
demographic.popSize153	98.1621	142.3368	50.6376	0.0155	355.2494	802.4898	0.0155	50.6415	
demographic.popSize154	94.6295	134.7963	49.6118	4.5925E-4	342.0672	891.5912	1.7509E-3	49.6118	
demographic.popSize155	98.0974	140.763	51.491	4.6893E-3	348.7314	862.6547	4.6893E-3	51.491	
demographic.popSize156	100.0235	151.8174	51.0431	7.6059E-3	355.5755	855.8578	7.6059E-3	51.0431	
demographic.popSize157	97.4679	144.2759	50.859	6.3016E-3	341.6143	853.284	6.3016E-3	50.859	
demographic.popSize158	97.9131	149.3816	50.0384	0.0248	352.3281	912.9632	0.0248	50.0401	
demographic.popSize159	97.8825	144.6704	50.2994	9.0038E-3	353.1219	810.7759	0.0155	50.3047	
demographic.popSize160	100.6404	152.6342	51.3327	1.3129E-3	363.2055	825.795	1.8214E-6	51.3327	
demographic.popSize161	96.4535	142.3879	50.3283	5.115E-3	349.8482	948.747	0.0379	50.3347	
demographic.popSize162	98.5994	148.8695	51.2846	5.0377E-3	343.9522	860.3654	5.7697E-4	51.2846	
demographic.popSize163	97.7	146.6631	50.9031	5.5283E-4	339.0055	912.1167	8.3604E-3	50.9033	
demographic.popSize164	97.1455	145.0247	50.0196	4.8891E-3	344.764	866.8757	8.7519E-5	50.0196	
demographic.popSize165	98.9661	146.5661	51.6573	5.8707E-3	351.934	849.5364	0.0147	51.6573	
demographic.popSize166	98.2594	144.639	51.6492	3.0476E-3	349.5739	832.0116	0.012	51.6492	
demographic.popSize167	96.4207	147.0933	49.5915	3.8165E-3	339.2498	981.2392	3.8165E-3	49.5915	
demographic.popSize168	98.1773	149.314	51.3788	1.7109E-4	349.9481	848.0005	1.7109E-4	51.3788	
demographic.popSize169	98.2405	148.6272	51.2186	5.6476E-4	350.8088	870.4233	9.1875E-3	51.2227	
demographic.popSize170	98.3534	145.8524	50.8612	3.3833E-3	350.9545	919.0932	3.3833E-3	50.8612	
demographic.popSize171	100.0845	154.6098	50.4525	2.0872E-3	351.0463	857.3427	0.0291	50.4766	
demographic.popSize172	98.5603	151.2676	49.7494	2.4423E-3	348.0479	815.6407	0.0606	49.8009	
demographic.popSize173	100.198	153.8285	51.7268	5.8672E-3	360.4763	826.9198	3.8525E-3	51.7292	
demographic.popSize174	98.4335	144.3912	50.8324	6.3141E-3	350.4076	931.2093	8.9013E-3	50.8324	
demographic.popSize175	101.1503	158.8534	51.0529	4.2562E-3	362.1004	869.3347	4.2562E-3	51.0529	
demographic.popSize176	99.2455	141.291	51.1902	9.462E-3	358.2524	814.8973	0.0179	51.1911	
demographic.popSize177	98.5468	154.9487	49.4683	9.0045E-3	351.0746	886.1998	5.5902E-3	49.4683	
demographic.popSize178	98.1459	147.4836	50.8909	2.1775E-3	344.265	854.6936	0.0499	50.9049	
demographic.popSize179	101.5267	152.3106	51.7981	4.5385E-3	363.2703	866.2642	4.5385E-3	51.7981	
demographic.popSize180	99.0042	147.4558	51.5554	1.1717E-3	344.1115	917.5488	2.0865E-3	51.556	
demographic.popSize181	100.3335	147.4344	52.1157	4.1082E-3	351.4957	856.0442	4.1082E-3	52.1157	
demographic.popSize182	99.08	142.6434	51.5343	5.2792E-3	352.6449	836.634	5.2792E-3	51.5343	
demographic.popSize183	97.7995	146.3282	50.3948	2.3419E-3	346.2414	876.0844	2.3419E-3	50.3948	
demographic.popSize184	99.4821	152.8445	51.6669	5.0243E-4	359.7229	815.637	7.1522E-4	51.6669	
demographic.popSize185	97.8756	147.7918	49.5308	2.4655E-3	352.3992	915.9299	3.1172E-3	49.5308	
demographic.popSize186	99.2073	148.0124	51.1154	1.3439E-4	346.6433	885.288	1.3439E-4	51.1154	
demographic.popSize187	99.4541	155.607	50.329	3.0805E-3	357.528	928.9638	0.0406	50.3652	
demographic.popSize188	98.9339	146.109	50.8528	4.542E-3	357.572	873.4065	4.542E-3	50.8528	
demographic.popSize189	99.859	145.5953	52.1431	2.6618E-3	354.855	903.336	9.239E-3	52.1431	
demographic.popSize190	97.7426	145.2231	49.4969	6.2498E-3	355.0333	895.3465	0.0171	49.4986	
demographic.popSize191	98.6046	147.8369	48.871	3.5637E-3	355.4818	850.0505	3.5637E-3	48.871	
demographic.popSize192	97.05	146.3924	49.5832	6.3759E-3	347.3102	856.7191	0.0173	49.5868	
demographic.popSize193	95.6947	141.4928	49.45	4.7995E-3	339.0004	909.357	0.038	49.4684	
demographic.popSize194	99.9872	150.9924	50.8367	8.102E-4	358.7454	879.0681	0.0301	50.8398	
demographic.popSize195	97.7146	143.4453	50.4799	9.157E-3	349.1031	878.4323	1.845E-3	50.4799	
demographic.popSize196	99.4253	155.1199	49.0208	3.556E-3	357.7329	900.1046	0.0653	49.0669	
demographic.popSize197	98.4207	148.7188	50.4242	4.5177E-3	348.7165	888.9176	4.5177E-3	50.4242	
demographic.popSize198	97.6964	148.6465	50.2277	0.0113	351.1451	812.0409	0.0631	50.2385	
demographic.popSize199	97.86	154.8082	47.1103	7.7556E-3	347.2164	877.1717	0.0156	47.1172	
demographic.popSize200	95.6917	145.1529	47.669	8.8535E-3	335.3718	858.8688	0.012	47.669	
demographic.indicators1	2.268E-3	0.0476	0	0	0	29908.1351	0	0	
demographic.indicators2	1.3907E-3	0.0373	0	0	0	34484.4428	0	0	
demographic.indicators3	7.4907E-3	0.0862	0	0	0	254.5273	0	0	
demographic.indicators4	0.0444	0.2059	0	0	0	227.7656	0	0	
demographic.indicators5	0.0362	0.1867	0	0	0	254.7718	0	0	
demographic.indicators6	3.8147E-3	0.0616	0	0	0	454.8183	0	0	
demographic.indicators7	6.584E-3	0.0809	0	0	0	583.7036	0	0	
demographic.indicators8	0.0243	0.1541	0	0	0	303.0254	0	0	
demographic.indicators9	0.0569	0.2316	0	0	1	248.5856	0	0	
demographic.indicators10	0.0531	0.2242	0	0	1	222.2571	0	0	
demographic.indicators11	0.1645	0.3708	0	0	1	197.5409	0	0	
demographic.indicators12	3.4187E-3	0.0584	0	0	0	1002.9606	0	0	
demographic.indicators13	0.0333	0.1795	0	0	0	220.874	0	0	
demographic.indicators14	0.0516	0.2212	0	0	1	228.2623	0	0	
demographic.indicators15	0.1074	0.3096	0	0	1	208.5734	0	0	
demographic.indicators16	0.0292	0.1684	0	0	0	267.452	0	0	
demographic.indicators17	0.0487	0.2152	0	0	0	225.173	0	0	
demographic.indicators18	0.0668	0.2496	0	0	1	217.7015	0	0	
demographic.indicators19	0.0608	0.239	0	0	1	233.3138	0	0	
demographic.indicators20	0.1474	0.3545	0	0	1	201.9838	0	0	
demographic.indicators21	0.0354	0.1848	0	0	0	238.203	0	0	
demographic.indicators22	0.0333	0.1794	0	0	0	285.6389	0	0	
demographic.indicators23	0.0286	0.1668	0	0	0	378.5977	0	0	
demographic.indicators24	0.0437	0.2043	0	0	0	290.1256	0	0	
demographic.indicators25	0.0162	0.1263	0	0	0	774.6915	0	0	
demographic.indicators26	0.0245	0.1547	0	0	0	487.8152	0	0	
demographic.indicators27	0.0346	0.1829	0	0	0	486.3777	0	0	
demographic.indicators28	0.0137	0.1162	0	0	0	822.3	0	0	
demographic.indicators29	0.0235	0.1514	0	0	0	662.638	0	0	
demographic.indicators30	0.0204	0.1415	0	0	0	330.9528	0	0	
demographic.indicators31	0.0141	0.1178	0	0	0	730.879	0	0	
demographic.indicators32	0.022	0.1468	0	0	0	403.0144	0	0	
demographic.indicators33	0.0289	0.1676	0	0	0	385.2501	0	0	
demographic.indicators34	0.0119	0.1084	0	0	0	777.6901	0	0	
demographic.indicators35	0.0262	0.1596	0	0	0	408.2151	0	0	
demographic.indicators36	0.0309	0.1731	0	0	0	521.719	0	0	
demographic.indicators37	0.0149	0.1211	0	0	0	543.2175	0	0	
demographic.indicators38	0.0189	0.136	0	0	0	548.855	0	0	
demographic.indicators39	0.013	0.1131	0	0	0	507.1114	0	0	
demographic.indicators40	0.0234	0.1511	0	0	0	332.3389	0	0	
demographic.indicators41	0.0164	0.127	0	0	0	767.1559	0	0	
demographic.indicators42	0.0108	0.1034	0	0	0	652.7162	0	0	
demographic.indicators43	7.5907E-3	0.0868	0	0	0	708.7701	0	0	
demographic.indicators44	0.0162	0.1261	0	0	0	514.3575	0	0	
demographic.indicators45	0.0107	0.1028	0	0	0	498.3692	0	0	
demographic.indicators46	0.0176	0.1314	0	0	0	453.2035	0	0	
demographic.indicators47	4.256E-3	0.0651	0	0	0	1212.764	0	0	
demographic.indicators48	8.3867E-3	0.0912	0	0	0	999.6947	0	0	
demographic.indicators49	0.012	0.109	0	0	0	607.3357	0	0	
demographic.indicators50	0.0111	0.1046	0	0	0	672.2156	0	0	
demographic.indicators51	0.0149	0.1211	0	0	0	780.6941	0	0	
demographic.indicators52	0.0144	0.1192	0	0	0	711.5727	0	0	
demographic.indicators53	9.792E-3	0.0985	0	0	0	1542.8499	0	0	
demographic.indicators54	0.0181	0.1335	0	0	0	678.4839	0	0	
demographic.indicators55	0.0127	0.1121	0	0	0	541.0004	0	0	
demographic.indicators56	0.0117	0.1074	0	0	0	755.9113	0	0	
demographic.indicators57	0.012	0.109	0	0	0	913.8179	0	0	
demographic.indicators58	0.0147	0.1205	0	0	0	569.5382	0	0	
demographic.indicators59	0.0131	0.1136	0	0	0	1205.9704	0	0	
demographic.indicators60	6.7587E-3	0.0819	0	0	0	1845.9804	0	0	
demographic.indicators61	5.1093E-3	0.0713	0	0	0	1259.117	0	0	
demographic.indicators62	0.0226	0.1485	0	0	0	451.1971	0	0	
demographic.indicators63	0.016	0.1255	0	0	0	599.6037	0	0	
demographic.indicators64	0.0172	0.1302	0	0	0	690.5533	0	0	
demographic.indicators65	7.5667E-3	0.0867	0	0	0	1212.7231	0	0	
demographic.indicators66	0.0164	0.1268	0	0	0	511.5665	0	0	
demographic.indicators67	0.0145	0.1194	0	0	0	685.0143	0	0	
demographic.indicators68	0.0135	0.1153	0	0	0	639.1511	0	0	
demographic.indicators69	0.0184	0.1344	0	0	0	612.663	0	0	
demographic.indicators70	0.0119	0.1083	0	0	0	839.6563	0	0	
demographic.indicators71	9.12E-3	0.0951	0	0	0	1211.2506	0	0	
demographic.indicators72	0.0235	0.1515	0	0	0	779.2705	0	0	
demographic.indicators73	9.1E-3	0.095	0	0	0	463.334	0	0	
demographic.indicators74	0.0133	0.1146	0	0	0	989.9739	0	0	
demographic.indicators75	0.023	0.15	0	0	0	429.8667	0	0	
demographic.indicators76	9.8627E-3	0.0988	0	0	0	517.0982	0	0	
demographic.indicators77	4.9413E-3	0.0701	0	0	0	701.6539	0	0	
demographic.indicators78	9.564E-3	0.0973	0	0	0	620.1696	0	0	
demographic.indicators79	6.4027E-3	0.0798	0	0	0	655.5374	0	0	
demographic.indicators80	7.572E-3	0.0867	0	0	0	1095.6428	0	0	
demographic.indicators81	0.0128	0.1124	0	0	0	538.7535	0	0	
demographic.indicators82	9.4173E-3	0.0966	0	0	0	847.3366	0	0	
demographic.indicators83	9.428E-3	0.0966	0	0	0	890.5367	0	0	
demographic.indicators84	7.8933E-3	0.0885	0	0	0	1263.2652	0	0	
demographic.indicators85	9.1973E-3	0.0955	0	0	0	897.8521	0	0	
demographic.indicators86	6.2427E-3	0.0788	0	0	0	769.6503	0	0	
demographic.indicators87	0.0101	0.1001	0	0	0	436.9683	0	0	
demographic.indicators88	0.0115	0.1064	0	0	0	569.559	0	0	
demographic.indicators89	9.0987E-3	0.095	0	0	0	804.8179	0	0	
demographic.indicators90	0.0178	0.1321	0	0	0	612.2627	0	0	
demographic.indicators91	8.616E-3	0.0924	0	0	0	1002.6962	0	0	
demographic.indicators92	0.0133	0.1145	0	0	0	641.2383	0	0	
demographic.indicators93	6.9107E-3	0.0828	0	0	0	1445.3625	0	0	
demographic.indicators94	5.512E-3	0.074	0	0	0	1687.7487	0	0	
demographic.indicators95	4.3573E-3	0.0659	0	0	0	2312.9277	0	0	
demographic.indicators96	9.7133E-3	0.0981	0	0	0	819.2858	0	0	
demographic.indicators97	6.8547E-3	0.0825	0	0	0	1517.4942	0	0	
demographic.indicators98	8.3613E-3	0.0911	0	0	0	789.0336	0	0	
demographic.indicators99	0.0115	0.1066	0	0	0	596.2519	0	0	
demographic.indicators100	4.4427E-3	0.0665	0	0	0	870.681	0	0	
demographic.indicators101	8.9347E-3	0.0941	0	0	0	1055.0681	0	0	
demographic.indicators102	3.324E-3	0.0576	0	0	0	4315.035	0	0	
demographic.indicators103	6.04E-3	0.0775	0	0	0	935.4782	0	0	
demographic.indicators104	7.4667E-3	0.0861	0	0	0	502.2972	0	0	
demographic.indicators105	3.6053E-3	0.0599	0	0	0	3672.7627	0	0	
demographic.indicators106	9.3573E-3	0.0963	0	0	0	806.7744	0	0	
demographic.indicators107	4.7453E-3	0.0687	0	0	0	1329.4704	0	0	
demographic.indicators108	6.5427E-3	0.0806	0	0	0	1924.8042	0	0	
demographic.indicators109	4.044E-3	0.0635	0	0	0	1651.8074	0	0	
demographic.indicators110	8.62E-3	0.0924	0	0	0	830.8255	0	0	
demographic.indicators111	0.0106	0.1024	0	0	0	487.2838	0	0	
demographic.indicators112	5.1493E-3	0.0716	0	0	0	1572.1068	0	0	
demographic.indicators113	3.3467E-3	0.0578	0	0	0	2749.0493	0	0	
demographic.indicators114	8.4227E-3	0.0914	0	0	0	1143.9831	0	0	
demographic.indicators115	8.7267E-3	0.093	0	0	0	933.5364	0	0	
demographic.indicators116	7.764E-3	0.0878	0	0	0	933.2456	0	0	
demographic.indicators117	5.9547E-3	0.0769	0	0	0	373.2566	0	0	
demographic.indicators118	7.4547E-3	0.086	0	0	0	1694.321	0	0	
demographic.indicators119	6.2067E-3	0.0785	0	0	0	1130.4455	0	0	
demographic.indicators120	4.2733E-3	0.0652	0	0	0	2004.5454	0	0	
demographic.indicators121	6.4627E-3	0.0801	0	0	0	695.7167	0	0	
demographic.indicators122	3.4187E-3	0.0584	0	0	0	5733.2124	0	0	
demographic.indicators123	2.5893E-3	0.0508	0	0	0	3140.3997	0	0	
demographic.indicators124	0.0119	0.1082	0	0	0	683.1076	0	0	
demographic.indicators125	3.1987E-3	0.0565	0	0	0	2446.2243	0	0	
demographic.indicators126	3.2387E-3	0.0568	0	0	0	3169.5627	0	0	
demographic.indicators127	5.868E-3	0.0764	0	0	0	1369.9893	0	0	
demographic.indicators128	6.4813E-3	0.0802	0	0	0	997.4654	0	0	
demographic.indicators129	0.0109	0.1039	0	0	0	734.9132	0	0	
demographic.indicators130	6.232E-3	0.0787	0	0	0	1323.8278	0	0	
demographic.indicators131	0.013	0.1134	0	0	0	488.6529	0	0	
demographic.indicators132	3.2253E-3	0.0567	0	0	0	2971.8729	0	0	
demographic.indicators133	6.6533E-3	0.0813	0	0	0	1363.3716	0	0	
demographic.indicators134	5.2333E-3	0.0722	0	0	0	1764.24	0	0	
demographic.indicators135	6.1987E-3	0.0785	0	0	0	782.6205	0	0	
demographic.indicators136	6.3813E-3	0.0796	0	0	0	1656.9634	0	0	
demographic.indicators137	1.9667E-3	0.0443	0	0	0	4319.0974	0	0	
demographic.indicators138	7.172E-3	0.0844	0	0	0	1422.3014	0	0	
demographic.indicators139	6.228E-3	0.0787	0	0	0	812.4934	0	0	
demographic.indicators140	3.7653E-3	0.0612	0	0	0	2948.5023	0	0	
demographic.indicators141	2.1853E-3	0.0467	0	0	0	8027.4658	0	0	
demographic.indicators142	4.3947E-3	0.0661	0	0	0	1812.2863	0	0	
demographic.indicators143	7.1813E-3	0.0844	0	0	0	1712.2965	0	0	
demographic.indicators144	4.1093E-3	0.064	0	0	0	1271.0333	0	0	
demographic.indicators145	7.5347E-3	0.0865	0	0	0	795.1703	0	0	
demographic.indicators146	1.364E-3	0.0369	0	0	0	25224.2125	0	0	
demographic.indicators147	3.8307E-3	0.0618	0	0	0	3424.9718	0	0	
demographic.indicators148	4.152E-3	0.0643	0	0	0	2735.0028	0	0	
demographic.indicators149	4.5827E-3	0.0675	0	0	0	2081.5794	0	0	
demographic.indicators150	2.332E-3	0.0482	0	0	0	4519.725	0	0	
demographic.indicators151	3.7693E-3	0.0613	0	0	0	3934.2515	0	0	
demographic.indicators152	4.5747E-3	0.0675	0	0	0	5155.2049	0	0	
demographic.indicators153	7.0867E-3	0.0839	0	0	0	2140.8279	0	0	
demographic.indicators154	5.1707E-3	0.0717	0	0	0	1790.9028	0	0	
demographic.indicators155	3.8453E-3	0.0619	0	0	0	1703.2193	0	0	
demographic.indicators156	7.5667E-3	0.0867	0	0	0	1819.8818	0	0	
demographic.indicators157	3.56E-3	0.0596	0	0	0	3680.1183	0	0	
demographic.indicators158	3.944E-3	0.0627	0	0	0	1908.6531	0	0	
demographic.indicators159	3.372E-3	0.058	0	0	0	3242.8749	0	0	
demographic.indicators160	6.3867E-3	0.0797	0	0	0	1984.4838	0	0	
demographic.indicators161	7.2733E-3	0.085	0	0	0	1993.0539	0	0	
demographic.indicators162	4.564E-3	0.0674	0	0	0	1869.8473	0	0	
demographic.indicators163	5.6733E-3	0.0751	0	0	0	1747.5166	0	0	
demographic.indicators164	3.9347E-3	0.0626	0	0	0	3035.9226	0	0	
demographic.indicators165	4.036E-3	0.0634	0	0	0	4152.9112	0	0	
demographic.indicators166	3.984E-3	0.063	0	0	0	5213.4558	0	0	
demographic.indicators167	4.396E-3	0.0662	0	0	0	3173.8606	0	0	
demographic.indicators168	5.6693E-3	0.0751	0	0	0	2114.4237	0	0	
demographic.indicators169	3.0013E-3	0.0547	0	0	0	5408.8156	0	0	
demographic.indicators170	2.6E-3	0.0509	0	0	0	10116.6202	0	0	
demographic.indicators171	4.956E-3	0.0702	0	0	0	3869.6634	0	0	
demographic.indicators172	6.5893E-3	0.0809	0	0	0	1853.7104	0	0	
demographic.indicators173	4.2627E-3	0.0651	0	0	0	3128.81	0	0	
demographic.indicators174	5.7027E-3	0.0753	0	0	0	2313.7722	0	0	
demographic.indicators175	4.948E-3	0.0702	0	0	0	2938.9803	0	0	
demographic.indicators176	5.8693E-3	0.0764	0	0	0	3185.2845	0	0	
demographic.indicators177	6.5587E-3	0.0807	0	0	0	2290.72	0	0	
demographic.indicators178	3.8493E-3	0.0619	0	0	0	4841.6135	0	0	
demographic.indicators179	4.664E-3	0.0681	0	0	0	2529.4234	0	0	
demographic.indicators180	6.1387E-3	0.0781	0	0	0	1198.9555	0	0	
demographic.indicators181	5.0173E-3	0.0707	0	0	0	4185.3365	0	0	
demographic.indicators182	7.5413E-3	0.0865	0	0	0	1850.9648	0	0	
demographic.indicators183	6.252E-3	0.0788	0	0	0	2703.9611	0	0	
demographic.indicators184	7.0293E-3	0.0835	0	0	0	2694.176	0	0	
demographic.indicators185	4.3893E-3	0.0661	0	0	0	5677.6749	0	0	
demographic.indicators186	6.344E-3	0.0794	0	0	0	2742.3367	0	0	
demographic.indicators187	6.2027E-3	0.0785	0	0	0	4378.8069	0	0	
demographic.indicators188	5.9587E-3	0.077	0	0	0	7225.169	0	0	
demographic.indicators189	6.068E-3	0.0777	0	0	0	4825.4316	0	0	
demographic.indicators190	6.684E-3	0.0815	0	0	0	2332.7644	0	0	
demographic.indicators191	0.0103	0.101	0	0	0	2398.8938	0	0	
demographic.indicators192	0.0128	0.1124	0	0	0	910.2485	0	0	
demographic.indicators193	9.3467E-3	0.0962	0	0	0	6079.9755	0	0	
demographic.indicators194	0.0113	0.1058	0	0	0	3520.6441	0	0	
demographic.indicators195	0.0157	0.1242	0	0	0	2321.8679	0	0	
demographic.indicators196	0.0171	0.1296	0	0	0	2587.3268	0	0	
demographic.indicators197	0.0249	0.1557	0	0	0	2121.9686	0	0	
demographic.indicators198	0.0326	0.1775	0	0	0	1846.0733	0	0	
demographic.indicators199	0.0424	0.2015	0	0	0	1977.6314	0	0	
kappa	2.2299	0.1444	2.2253	1.9581	2.518	32626.6171	2.123	2.318	
frequencies1	0.2781	0.0106	0.2781	0.2572	0.2987	12429.5167	0.2714	0.2856	
frequencies2	0.1981	9.2327E-3	0.198	0.1803	0.2166	13558.1289	0.191	0.2032	
frequencies3	0.1911	8.8634E-3	0.1909	0.1741	0.2088	14321.6568	0.1843	0.1961	
frequencies4	0.3327	0.0116	0.3326	0.3102	0.3555	11946.7788	0.3244	0.3401	
alpha	0.4295	0.0345	0.4283	0.3637	0.4981	33684.4999	0.4016	0.4474	
default.ucld.mean	1.4146E-3	3.8641E-4	1.3435E-3	7.8177E-4	2.1977E-3	240.977	1.0439E-3	1.4763E-3	
default.ucld.stdev	6.18E-3	3.4607E-3	5.3258E-3	1.7181E-3	0.0127	295.9791	2.9767E-3	6.033E-3	
host_groups.ucld.mean	0.0107	2.6169E-3	0.0105	6.0522E-3	0.016	436.2987	8.441E-3	0.0118	
host_groups.ucld.stdev	0.0101	9.541E-3	7.6036E-3	1.7489E-8	0.0278	646.8763	1.5672E-6	7.6042E-3	
default.meanRate	9.3472E-4	1.6274E-4	9.2209E-4	6.3507E-4	1.2588E-3	243.1292	7.8718E-4	1.0057E-3	
default.coefficientOfVariation	2.4924	0.5384	2.3874	1.6531	3.619	279.1822	1.8938	2.5247	
default.covariance	0.0417	0.0523	0.0326	-0.0439	0.1514	670.8443	-0.0092	0.051	
host_groups.meanRate	0.0112	3.0118E-3	0.0108	5.9805E-3	0.0172	476.6243	8.3615E-3	0.012	
host_groups.coefficientOfVariation	0.863	0.6603	0.7289	8.6529E-7	2.1385	575.7991	3.2397E-4	0.7291	
host_groups.covariance	-0.0037	0.0486	-0.0068	-0.0945	0.0954	17096.481	-0.0444	0.0191	
host_groups.rates.Amaranthaceae.Brassicaceae	0.8359	0.674	0.6794	4.083E-4	2.0683	7300.3018	0.1721	0.802	
host_groups.rates.Amaranthaceae.Fabaceae	1.3204	0.7586	1.1852	0.1072	2.8259	3015.0735	0.5599	1.4359	
host_groups.rates.Amaranthaceae.Poaceae	1.6877	0.8671	1.5376	0.2761	3.4203	3324.1998	0.7945	1.808	
host_groups.rates.Amaranthaceae.Solanaceae	0.8537	0.9003	0.5635	6.7087E-5	2.6627	9464.3268	4.7879E-4	0.5638	
host_groups.rates.Brassicaceae.Fabaceae	0.894	0.9319	0.601	3.5792E-4	2.7476	10253.733	6.8125E-4	0.6012	
host_groups.rates.Brassicaceae.Poaceae	0.8743	0.6488	0.7233	8.0099E-3	2.1095	4389.3805	0.1861	0.8283	
host_groups.rates.Brassicaceae.Solanaceae	1.3072	0.9296	1.1463	1.7267E-4	3.0488	3332.0294	0.292	1.407	
host_groups.rates.Fabaceae.Poaceae	0.9211	0.7292	0.7535	4.7094E-5	2.2833	6059.5689	0.1625	0.88	
host_groups.rates.Fabaceae.Solanaceae	0.9082	0.9698	0.5904	5.2316E-6	2.8481	8643.1375	4.7235E-6	0.5904	
host_groups.rates.Poaceae.Solanaceae	1.2573	0.7493	1.1125	0.1004	2.7312	3716.2755	0.482	1.3248	
host_groups.rates.Brassicaceae.Amaranthaceae	0.8386	0.9198	0.53	1.2093E-4	2.6911	9329.4835	2.2732E-4	0.5301	
host_groups.rates.Fabaceae.Amaranthaceae	0.8202	0.8642	0.5534	8.6125E-5	2.5174	9129.9044	4.8865E-4	0.5537	
host_groups.rates.Poaceae.Amaranthaceae	0.8045	0.8306	0.5519	5.5267E-5	2.43	9926.8369	2.0619E-4	0.552	
host_groups.rates.Solanaceae.Amaranthaceae	0.8292	0.9275	0.5148	1.6287E-5	2.6991	8609.1575	1.6287E-5	0.5148	
host_groups.rates.Fabaceae.Brassicaceae	0.7863	0.7225	0.5925	3.2234E-5	2.1482	6174.0479	0.0522	0.6369	
host_groups.rates.Poaceae.Brassicaceae	1.2059	0.7507	1.0669	1.6056E-3	2.6255	4029.936	0.4546	1.3073	
host_groups.rates.Solanaceae.Brassicaceae	0.9287	0.8098	0.7295	2.1686E-5	2.4507	9217.3502	6.4618E-3	0.7355	
host_groups.rates.Poaceae.Fabaceae	1.1972	0.8911	1.0165	2.6118E-5	2.8909	2646.4703	0.2043	1.1952	
host_groups.rates.Solanaceae.Fabaceae	0.8041	0.6041	0.6652	2.8514E-4	1.9279	12302.9518	0.1919	0.7726	
host_groups.rates.Solanaceae.Poaceae	0.8881	0.9476	0.578	4.6011E-5	2.8004	9486.2671	4.6858E-5	0.578	
host_groups.indicators.Amaranthaceae.Brassicaceae	0.7705	0.4205	1	0	1	1483.4355	1	1	
host_groups.indicators.Amaranthaceae.Fabaceae	0.9745	0.1577	1	1	1	2037.3243	1	1	
host_groups.indicators.Amaranthaceae.Poaceae	0.9973	0.0515	1	1	1	7313.98	1	1	
host_groups.indicators.Amaranthaceae.Solanaceae	0.3039	0.4599	0	0	1	4687.8122	0	0	
host_groups.indicators.Brassicaceae.Fabaceae	0.2291	0.4203	0	0	1	13167.5095	0	0	
host_groups.indicators.Brassicaceae.Poaceae	0.9381	0.241	1	0	1	2024.4064	1	1	
host_groups.indicators.Brassicaceae.Solanaceae	0.7492	0.4334	1	0	1	832.931	1	1	
host_groups.indicators.Fabaceae.Poaceae	0.7582	0.4282	1	0	1	1586.0129	1	1	
host_groups.indicators.Fabaceae.Solanaceae	0.1388	0.3457	0	0	1	13290.9848	0	0	
host_groups.indicators.Poaceae.Solanaceae	0.9849	0.122	1	1	1	3327.3956	1	1	
host_groups.indicators.Brassicaceae.Amaranthaceae	0.2777	0.4478	0	0	1	8295.0186	0	0	
host_groups.indicators.Fabaceae.Amaranthaceae	0.3999	0.4899	0	0	1	4723.5848	0	0	
host_groups.indicators.Poaceae.Amaranthaceae	0.455	0.498	0	0	1	4067.0058	0	0	
host_groups.indicators.Solanaceae.Amaranthaceae	0.2469	0.4312	0	0	1	9647.3788	0	0	
host_groups.indicators.Fabaceae.Brassicaceae	0.6971	0.4595	1	0	1	1848.3783	1	1	
host_groups.indicators.Poaceae.Brassicaceae	0.9467	0.2246	1	0	1	1228.4785	1	1	
host_groups.indicators.Solanaceae.Brassicaceae	0.5849	0.4927	1	0	1	1241.6911	1	1	
host_groups.indicators.Poaceae.Fabaceae	0.7535	0.431	1	0	1	745.5824	1	1	
host_groups.indicators.Solanaceae.Fabaceae	0.9093	0.2872	1	0	1	2624.6208	1	1	
host_groups.indicators.Solanaceae.Poaceae	0.1693	0.375	0	0	1	18085.667	0	0	
host_groups.nonZeroRates	12.2848	1.6939	12	9	15	2472.6397	10	12	
default.treeLikelihood	-7419.9846	13.9981	-7419.5699	-7447.6289	-7392.9937	937.0567	-7428.3064	-7409.3935	
default.branchRates	-2382.6079	0	0	0	0	NaN	0	0	
host_groups.branchRates	-2382.6079	0	0	0	0	NaN	0	0	
c_host_groups.count[1]	47.4259	4.7701	47	38	56	1364.7247	43	48	
c_allTransitions[1]	47.4685	4.7846	47	38	56	1358.599	43	48	
coalescent	-1178.7643	36.9144	-1180.7819	-1248.3099	-1104.4198	229.3748	-1208.2012	-1159.1184	

