burnIn   <= 25000000,   maxState  = 100000000
statistic	mean	stdErr	median	hpdLower	hpdUpper	ESS	50hpdLower	50hpdUpper
joint	-15214.312	147.7791	-15212.9644	-15500.9764	-14916.8463	237.9161	-15320.9613	-15117.5489	
prior	-7176.6129	147.737	-7175.5936	-7466.7383	-6882.6633	235.0847	-7278.8287	-7077.1071	
likelihood	-8037.6991	16.962	-8037.499	-8071.3618	-8004.775	726.5444	-8048.4653	-8025.8394	
treeModel.rootHeight	222.9955	73.4438	213.741	94.5214	356.9424	269.6924	154.9617	243.919	
age(root)	1800.0045	73.4438	1809.259	1666.0576	1928.4786	269.6924	1779.081	1868.0383	
treeLength	2902.3922	615.139	2823.0581	1818.6537	4113.4044	207.4405	2370.5804	3084.5972	
tmrca(ingroup)	222.9955	73.4438	213.741	94.5214	356.9424	269.6924	154.9617	243.919	
age(ingroup)	1800.0045	73.4438	1809.259	1666.0576	1928.4786	269.6924	1779.081	1868.0383	
demographic.populationSizeChanges	2.5287	0.669	2	2	4	598.6607	2	2	
demographic.populationMean	134.6575	95.7803	108.4842	16.9346	325.3108	272.0689	35.7487	118.4518	
demographic.popSize1	138.4482	130.976	102.7077	1.6815	370.3214	278.5578	14.9571	109.4508	
demographic.popSize2	136.7922	188.8239	71.9092	4.9717E-3	488.2021	947.186	0.0259	71.9205	
demographic.popSize3	135.1607	193.3024	72.1134	0.0151	472.5417	985.4063	0.0231	72.1134	
demographic.popSize4	134.6277	191.4004	69.9788	9.6265E-3	469.2925	936.7051	0.038	69.9944	
demographic.popSize5	133.7868	192.1002	70.0862	1.2393E-3	474.8361	971.2206	0.0195	70.0938	
demographic.popSize6	131.692	196.3399	68.3378	4.3735E-3	477.6765	1004.6879	0.0167	68.3378	
demographic.popSize7	129.3653	187.1141	67.5831	4.4082E-4	462.4511	947.7739	6.6284E-3	67.5831	
demographic.popSize8	137.2163	198.2872	70.8862	0.0105	486.8176	930.5289	0.0105	70.8862	
demographic.popSize9	132.4452	183.2504	70.6729	5.0047E-3	471.0428	1011.9602	5.0047E-3	70.6729	
demographic.popSize10	128.3828	183.568	67.0335	7.3838E-3	463.406	949.9604	0.0301	67.0338	
demographic.popSize11	125.3918	185.8988	63.5765	2.3182E-3	455.0364	931.0707	3.8286E-3	63.5765	
demographic.popSize12	125.1144	178.6899	66.6493	9.3174E-3	444.4594	999.6127	0.084	66.7031	
demographic.popSize13	132.6497	191.5918	68.757	7.468E-3	475.4426	940.7463	0.0172	68.757	
demographic.popSize14	129.8777	187.3155	67.537	6.5254E-3	467.5514	915.4018	0.1065	67.6042	
demographic.popSize15	121.9372	187.9406	58.8883	3.5348E-3	448.4072	795.5442	0.0209	58.8883	
demographic.popSize16	99.1697	163.7036	41.283	0.0148	395.0145	713.4452	4.7767E-3	41.283	
demographic.popSize17	112.2453	174.8983	50.6719	5.6428E-3	435.6442	729.5496	0.1117	50.7683	
demographic.popSize18	132.4419	189.0371	69.8586	1.5814E-3	470.0154	971.735	7.2024E-3	69.8586	
demographic.popSize19	127.2887	181.5084	65.976	1.2045E-3	459.9015	895.7401	1.2045E-3	65.976	
demographic.popSize20	131.8311	185.2938	68.0822	0.0125	479.4474	923.857	0.0689	68.1241	
demographic.popSize21	126.9047	182.7534	64.8908	4.7832E-3	459.4589	957.232	4.7832E-3	64.8908	
demographic.popSize22	134.2919	190.3571	71.2439	7.485E-3	472.3589	1003.3532	0.0242	71.2439	
demographic.popSize23	130.8853	192.0978	66.0121	0.0251	468.5333	961.2465	0.0264	66.0163	
demographic.popSize24	132.018	186.9085	70.3516	5.1664E-4	471.5809	1013.1398	0.0202	70.3516	
demographic.popSize25	132.9591	193.2891	68.7356	0.011	471.0197	928.0558	0.011	68.7356	
demographic.popSize26	132.515	193.8375	67.5091	2.5361E-3	473.9745	941.3549	0.0234	67.5261	
demographic.popSize27	133.8248	191.4201	70.849	1.001E-3	478.661	968.0738	8.8532E-3	70.8545	
demographic.popSize28	134.184	197.2131	68.6365	1.7364E-3	468.8633	972.8772	7.7312E-3	68.6365	
demographic.popSize29	133.4336	193.407	71.5616	8.0355E-4	466.4676	1026.3995	4.5939E-3	71.5616	
demographic.popSize30	133.3949	189.0105	69.9674	1.5106E-3	462.9391	961.0571	1.5106E-3	69.9674	
demographic.popSize31	134.6033	187.5325	72.5575	0.0131	474.4104	1002.5053	6.6217E-3	72.5575	
demographic.popSize32	133.5279	187.7432	72.3018	0.0114	467.0565	995.9963	0.0715	72.3289	
demographic.popSize33	135.8719	197.8397	73.2583	2.8044E-3	475.1556	984.3493	0.0585	73.2755	
demographic.popSize34	136.3365	192.9316	73.4948	2.0769E-3	476.063	939.1778	2.0769E-3	73.4948	
demographic.popSize35	133.9713	192.013	70.7565	2.9553E-3	480.2756	1018.9217	0.0115	70.7565	
demographic.popSize36	135.5004	193.5821	71.7418	4.9627E-3	479.9259	976.6967	0.0348	71.7489	
demographic.popSize37	134.1521	183.6343	71.2657	0.0232	480.4821	982.9462	0.0232	71.2657	
demographic.popSize38	131.9059	183.6389	70.9657	0.0129	459.7065	1079.0882	0.027	70.9735	
demographic.popSize39	134.3331	191.2879	71.4825	5.0612E-3	475.4916	1082.0229	0.0143	71.4825	
demographic.popSize40	136.2246	191.4418	72.5261	7.5766E-4	481.0412	984.4328	1.6949E-3	72.5261	
demographic.popSize41	132.7642	187.3113	72.1746	2.0789E-3	466.4302	1025.1363	4.6912E-3	72.1746	
demographic.popSize42	139.2426	191.2294	77.8837	5.3335E-4	480.8415	1000.8372	5.3335E-4	77.8837	
demographic.popSize43	137.1475	190.5225	74.7694	7.3594E-4	488.128	972.9605	9.2689E-3	74.7759	
demographic.popSize44	131.9245	180.6954	73.0391	8.7852E-4	460.6246	1009.2331	5.7853E-3	73.0391	
demographic.popSize45	136.5613	194.2691	73.4274	6.4432E-3	482.5131	1026.6029	0.0169	73.4274	
demographic.popSize46	134.6841	193.5963	70.33	0.0239	472.6271	1028.8946	0.0239	70.33	
demographic.popSize47	136.9185	188.7383	75.2903	1.982E-3	480.198	989.9001	1.982E-3	75.2903	
demographic.popSize48	130.5613	177.5065	70.1228	9.993E-3	457.4352	1044.6969	9.993E-3	70.1275	
demographic.popSize49	134.8621	183.7627	73.1287	9.2677E-4	471.0481	1023.8682	0.036	73.1449	
demographic.popSize50	134.1583	186.0682	72.2735	0.0174	473.8912	1004.2644	5.4537E-3	72.2735	
demographic.popSize51	133.4162	188.0011	72.694	9.2093E-3	461.1773	1019.3399	9.2093E-3	72.694	
demographic.popSize52	135.285	191.8076	73.783	1.4448E-4	475.6475	1034.2836	0.0172	73.7969	
demographic.popSize53	135.6188	189.8185	72.5177	3.6832E-5	472.7832	961.8894	3.6832E-5	72.5177	
demographic.popSize54	134.5856	187.7072	74.132	6.7495E-3	463.5126	1073.4434	7.9714E-4	74.132	
demographic.popSize55	135.8617	193.242	76.1193	3.9932E-3	450.8824	1037.3895	0.0158	76.1226	
demographic.popSize56	134.76	187.1999	75.2509	8.9956E-3	456.3328	990.0336	0.0277	75.2734	
demographic.popSize57	133.8765	183.1665	73.8077	3.3443E-3	472.3145	995.7053	0.01	73.8112	
demographic.popSize58	138.5358	191.0806	76.1914	3.8572E-3	476.0182	996.9037	0.088	76.2249	
demographic.popSize59	134.3135	188.0982	73.1712	4.9962E-3	458.4037	1000.1349	0.0118	73.1758	
demographic.popSize60	135.6475	190.262	74.6971	3.5378E-4	460.0891	1000.0178	0.0113	74.6971	
demographic.popSize61	132.6674	179.9036	73.3745	4.5965E-4	459.7086	993.4898	2.0252E-3	73.3745	
demographic.popSize62	138.5988	192.756	78.617	3.8828E-3	469.9392	983.5491	0.0858	78.6433	
demographic.popSize63	135.8288	184.9055	74.8953	5.3611E-4	464.5482	940.5101	0.0104	74.8976	
demographic.popSize64	135.7757	188.5139	74.8366	0.0122	467.3851	1045.585	0.0122	74.8366	
demographic.popSize65	135.6951	190.1509	73.025	9.0549E-3	473.3035	928.2074	9.0549E-3	73.025	
demographic.popSize66	133.2854	187.2723	74.3128	3.6613E-3	465.4281	1033.7024	2.4383E-3	74.3128	
demographic.popSize67	138.8319	199.9148	72.3498	3.7359E-4	485.8466	970.5966	3.7359E-4	72.3498	
demographic.popSize68	134.1253	185.0667	74.3164	9.0805E-4	465.4895	971.9804	9.0805E-4	74.3164	
demographic.popSize69	133.8671	186.5727	73.0137	1.0846E-3	456.4515	1077.7075	1.0846E-3	73.0137	
demographic.popSize70	138.9684	194.019	74.8837	8.9109E-3	485.9361	981.8403	2.3928E-3	74.8837	
demographic.popSize71	134.4953	184.7241	74.4392	3.6976E-3	462.6509	973.7295	5.4047E-3	74.4405	
demographic.popSize72	135.1758	189.8265	73.8447	0.0103	462.7293	1037.4153	0.0284	73.8542	
demographic.popSize73	134.0562	191.1653	72.62	6.5297E-3	472.3518	1022.5491	0.0307	72.6432	
demographic.popSize74	135.9395	193.4127	74.1959	7.4336E-3	470.8596	1025.2572	0.0172	74.1959	
demographic.popSize75	136.9263	192.6801	74.2941	0.0136	474.094	1064.0179	0.0136	74.2941	
demographic.popSize76	135.17	189.1084	73.074	5.6756E-3	462.4643	1028.9909	0.0355	73.0752	
demographic.popSize77	137.1273	195.1136	73.8603	2.6827E-3	470.1789	971.0488	2.6827E-3	73.8603	
demographic.popSize78	134.9088	189.5521	73.3473	8.9892E-3	465.5849	1031.5636	0.0378	73.3701	
demographic.popSize79	135.7805	192.2777	72.7071	0.0232	475.8064	995.1887	0.022	72.7195	
demographic.popSize80	131.3232	180.5109	72.0703	0.0184	459.2401	1006.8149	0.1025	72.1455	
demographic.popSize81	135.0149	183.7554	72.7632	0.0263	462.8405	1057.0169	0.0319	72.7632	
demographic.popSize82	136.9015	189.7301	73.8369	7.748E-3	476.6219	936.1431	7.748E-3	73.8369	
demographic.popSize83	135.7766	190.9256	72.2613	0.0153	476.3589	937.5692	0.0813	72.3086	
demographic.popSize84	138.7579	187.7672	75.0955	0.0119	478.7669	969.7904	0.0119	75.0955	
demographic.popSize85	132.3279	185.0368	71.5656	2.2665E-3	455.4387	1017.137	0.0108	71.5656	
demographic.popSize86	133.2334	181.6624	72.961	2.7798E-3	453.387	1010.4637	1.427E-3	72.961	
demographic.popSize87	133.6293	186.4472	70.4553	0.0153	466.1109	1052.4463	0.012	70.4553	
demographic.popSize88	133.7144	187.9294	72.7985	0.0285	455.393	1020.9306	0.0366	72.8025	
demographic.popSize89	134.3634	185.0154	71.8076	0.0311	474.3135	998.8051	0.0296	71.8172	
demographic.popSize90	134.6264	184.9327	71.3363	4.9986E-3	469.1819	962.9688	2.6198E-3	71.3363	
demographic.popSize91	133.8449	187.258	71.1768	3.7271E-3	465.6352	965.5134	3.7271E-3	71.1768	
demographic.popSize92	135.1341	193.4514	71.444	0.0258	472.8335	946.2186	0.0143	71.444	
demographic.popSize93	132.7475	188.0268	71.6972	8.3384E-4	455.3149	1037.2959	5.7156E-4	71.6972	
demographic.popSize94	136.5648	188.2061	73.5608	0.0142	474.55	984.8145	0.0142	73.5608	
demographic.popSize95	132.1237	185.2531	70.1097	8.4987E-3	461.3932	1021.9061	8.4987E-3	70.1097	
demographic.popSize96	132.5572	185.8443	70.9028	5.4287E-3	463.1483	1028.9856	5.4287E-3	70.9028	
demographic.popSize97	135.2953	185.3765	73.8781	0.0107	474.9071	939.8377	7.8002E-3	73.883	
demographic.popSize98	133.7696	187.8851	71.1851	7.8983E-4	472.7471	1000.5227	2.2259E-3	71.1851	
demographic.popSize99	136.6287	197.0622	71.3116	4.6037E-3	471.7585	903.8659	4.6037E-3	71.3116	
demographic.popSize100	134.1038	182.9722	71.5584	3.7335E-3	468.5182	984.4205	0.0201	71.5695	
demographic.popSize101	134.6276	187.8335	71.662	6.4757E-3	475.6732	952.7665	8.8295E-3	71.662	
demographic.popSize102	137.771	194.3051	73.7361	8.58E-3	486.9166	986.5377	0.027	73.7565	
demographic.popSize103	134.9455	191.133	71.0728	8.0354E-3	478.1705	921.3995	0.0212	71.0828	
demographic.popSize104	135.9002	188.8747	72.7101	1.9201E-3	486.9742	952.2704	1.9201E-3	72.7101	
demographic.popSize105	134.1475	182.8184	75.032	9.6224E-3	458.064	994.3239	8.5487E-3	75.0323	
demographic.popSize106	136.3499	192.354	72.3766	1.8863E-3	493.5959	955.7996	1.1164E-4	72.3766	
demographic.popSize107	132.0615	183.5553	70.5664	4.1207E-4	462.3079	1043.0594	4.1207E-4	70.5664	
demographic.popSize108	137.0502	197.2183	71.9176	3.8523E-3	482.1128	935.6929	0.0166	71.9262	
demographic.popSize109	132.7505	186.874	69.4905	2.7867E-3	473.1204	985.6672	7.0453E-3	69.4907	
demographic.popSize110	133.0926	185.7193	72.0091	1.5208E-3	462.2998	976.535	1.5208E-3	72.0091	
demographic.popSize111	135.2469	186.9783	71.9525	3.9428E-3	477.7474	1003.318	3.9428E-3	71.9525	
demographic.popSize112	136.0961	192.6722	70.7452	0.0231	479.7162	975.9574	0.0257	70.7452	
demographic.popSize113	134.9874	194.8864	70.6242	0.0101	474.8834	974.5484	8.9837E-3	70.6242	
demographic.popSize114	132.8292	182.6733	71.7644	9.3177E-3	461.9328	1003.7923	9.3177E-3	71.7644	
demographic.popSize115	135.6671	195.1064	71.67	5.5798E-4	472.9499	1021.4651	5.5798E-4	71.67	
demographic.popSize116	133.3965	181.3217	72.3867	0.0138	475.2064	983.5396	0.0138	72.3867	
demographic.popSize117	135.8725	190.5778	73.6648	0.0247	468.2427	1021.3871	0.05	73.6861	
demographic.popSize118	135.2212	187.1095	72.0008	9.7168E-3	475.784	966.7141	9.7168E-3	72.0008	
demographic.popSize119	134.8685	192.315	70.5356	3.164E-4	478.8608	995.9177	3.164E-4	70.5356	
demographic.popSize120	137.1328	206.1774	72.3813	4.7187E-3	486.4587	1014.5426	4.7187E-3	72.3813	
demographic.popSize121	132.9466	187.8257	72.594	1.0726E-3	455.8103	1023.5434	1.0726E-3	72.594	
demographic.popSize122	134.4298	194.8047	70.9541	0.018	471.1445	1026.6078	0.0129	70.9541	
demographic.popSize123	133.1025	189.4941	70.7726	0.0243	465.9371	976.0098	0.0243	70.7726	
demographic.popSize124	131.4864	183.5	68.7015	4.0533E-3	465.57	985.0709	4.0533E-3	68.7015	
demographic.popSize125	137.45	200.0882	73.5147	2.7624E-3	477.1686	1043.989	0.012	73.5189	
demographic.popSize126	136.9493	190.6697	73.9464	1.9261E-3	475.8157	948.2281	1.9261E-3	73.9464	
demographic.popSize127	135.6924	192.8261	70.5505	7.0112E-3	474.8353	1023.0191	0.0106	70.5505	
demographic.popSize128	133.7534	202.1357	71.5917	4.1546E-3	461.3061	1057.1	4.1546E-3	71.5917	
demographic.popSize129	136.2172	193.7868	72.4965	4.1236E-3	481.7883	963.2909	0.0585	72.5016	
demographic.popSize130	136.401	191.5699	72.1764	0.0229	480.8362	996.2879	0.0421	72.1778	
demographic.popSize131	134.2115	186.6878	73.0427	5.8385E-4	470.7121	935.7631	0.0407	73.0538	
demographic.popSize132	131.9434	181.9288	70.7237	0.0143	462.7713	980.2173	0.043	70.7373	
demographic.popSize133	134.9961	188.5756	72.0115	0.0143	481.7727	970.0854	0.0761	72.0476	
demographic.popSize134	137.8835	193.9422	73.2881	8.723E-4	485.3589	959.1557	1.8279E-3	73.2881	
demographic.popSize135	136.8301	194.8036	72.3063	6.4399E-3	487.4906	965.2588	6.4399E-3	72.3063	
demographic.popSize136	136.4314	187.5301	74.4716	4.6013E-4	480.6229	915.8986	4.6013E-4	74.4716	
demographic.popSize137	135.3077	191.7814	70.8647	6.9172E-3	481.5182	927.0453	6.9172E-3	70.8647	
demographic.popSize138	133.6809	187.699	69.8469	1.1888E-3	473.287	969.0346	2.1028E-3	69.8469	
demographic.popSize139	136.3845	194.1528	71.8877	5.391E-3	478.0115	933.4073	0.021	71.8913	
demographic.popSize140	134.5393	185.8348	72.2771	3.0878E-3	475.5527	943.7314	3.0878E-3	72.2771	
demographic.popSize141	138.7215	199.6015	72.8266	5.5134E-5	499.8483	934.6298	5.5134E-5	72.8266	
demographic.popSize142	136.5027	193.4787	71.8491	6.6483E-4	487.0402	955.3406	1.3858E-3	71.8491	
demographic.popSize143	134.7195	185.3935	73.7832	3.7505E-3	472.6655	987.2043	0.0524	73.8185	
demographic.popSize144	135.2983	195.2371	71.5507	0.015	470.9961	943.5806	0.0422	71.5618	
demographic.popSize145	133.4289	186.2928	70.959	1.0104E-3	480.1504	1004.5458	4.9576E-3	70.959	
demographic.popSize146	133.432	187.9791	71.9908	5.3855E-3	467.5364	976.8779	5.3855E-3	71.9908	
demographic.popSize147	135.7317	191.968	72.0249	0.0135	479.1366	956.0448	0.0245	72.0249	
demographic.popSize148	132.6036	191.3232	69.599	7.2605E-3	468.5851	1034.4601	7.2605E-3	69.599	
demographic.popSize149	133.2222	179.8178	72.6765	4.8619E-4	472.9093	981.1454	4.8619E-4	72.6765	
demographic.popSize150	133.8643	187.2037	72.7	2.024E-3	473.6703	980.1969	0.0135	72.7	
demographic.popSize151	134.609	195.2325	72.5391	5.4039E-3	468.2216	1037.7158	0.04	72.5593	
demographic.popSize152	134.142	187.3459	71.3444	0.0247	463.0948	985.3787	9.0637E-3	71.3444	
demographic.popSize153	135.5235	187.4223	72.5491	0.0133	472.0944	1010.399	0.0189	72.5498	
demographic.popSize154	137.0262	197.1928	73.1203	3.8235E-3	478.08	1036.8284	0.0732	73.1809	
demographic.popSize155	134.7055	190.7657	71.7389	0.0205	483.0387	1013.7774	3.3956E-3	71.7389	
demographic.popSize156	134.7228	187.9642	71.5401	0.0119	470.4272	987.2523	0.0119	71.5401	
demographic.popSize157	135.1094	193.06	71.3617	0.0105	468.6002	932.4245	0.0105	71.3617	
demographic.popSize158	135.3446	192.1976	73.5754	0.0191	472.4177	1017.321	9.7226E-3	73.5754	
demographic.popSize159	134.5697	191.4385	69.3181	4.2085E-3	486.3012	1009.6471	0.0209	69.3181	
demographic.popSize160	135.7616	191.913	71.1744	7.7191E-3	479.1476	969.3548	6.2373E-3	71.1744	
demographic.popSize161	135.313	186.3049	72.6289	5.8939E-3	474.8287	996.6431	5.8939E-3	72.6289	
demographic.popSize162	136.5687	190.0299	72.8991	8.3222E-3	482.6833	945.3037	0.0138	72.8991	
demographic.popSize163	131.1177	177.1133	70.7087	7.462E-3	458.1559	1033.9273	9.2634E-3	70.7087	
demographic.popSize164	134.9467	194.1132	71.3107	1.2665E-3	478.1639	1012.0417	0.0112	71.3122	
demographic.popSize165	135.4012	194.7736	71.3435	1.118E-3	478.7261	996.447	0.0704	71.4079	
demographic.popSize166	131.9843	191.1916	70.7028	0.0125	458.6752	993.2942	0.01	70.7028	
demographic.popSize167	131.8337	181.9402	71.4082	0.0204	464.458	1023.8336	0.0425	71.4251	
demographic.popSize168	137.2527	198.991	72.4767	0.0199	483.6655	966.8934	0.0199	72.4813	
demographic.popSize169	134.9595	184.8737	72.7805	2.0658E-3	473.8292	1015.8552	0.0148	72.7805	
demographic.popSize170	132.9275	183.3234	71.0982	2.3843E-3	468.5257	1013.7042	2.3843E-3	71.0982	
demographic.popSize171	135.8907	189.0715	71.3909	0.0105	476.0282	961.6989	0.0105	71.3909	
demographic.popSize172	134.2087	188.5806	71.366	1.6938E-3	474.4899	980.961	0.0528	71.4171	
demographic.popSize173	136.2537	194.3364	70.5435	3.1344E-3	481.478	1019.3396	0.1364	70.6629	
demographic.popSize174	134.9208	183.1612	72.1929	0.0244	483.8428	953.7648	0.0244	72.1933	
demographic.popSize175	137.1751	191.4684	71.8998	8.5996E-4	505.5781	952.9524	7.037E-3	71.8998	
demographic.popSize176	132.07	180.3338	71.3338	6.4089E-3	466.8971	1051.5208	6.4089E-3	71.3338	
demographic.popSize177	135.7872	191.7044	74.4369	7.267E-3	468.1316	924.6649	0.0395	74.4425	
demographic.popSize178	134.3324	183.5898	71.6766	0.0195	474.2429	1030.7982	7.4843E-3	71.6766	
demographic.popSize179	132.5466	187.4742	71.8642	0.0105	464.8175	1039.9759	0.0468	71.8947	
demographic.popSize180	135.5912	194.2485	71.8496	6.9344E-5	479.8122	1008.0076	6.9344E-5	71.8496	
demographic.popSize181	133.3886	182.4272	73.4215	3.6174E-3	465.779	929.8611	3.6174E-3	73.4215	
demographic.popSize182	133.6234	186.3164	72.5281	0.0136	469.5255	1009.0997	0.0136	72.5281	
demographic.popSize183	136.6762	191.1498	71.8702	0.0377	496.3805	968.5567	0.1172	71.9178	
demographic.popSize184	133.4784	185.2853	70.7942	1.903E-3	464.1118	1050.0651	1.903E-3	70.7942	
demographic.popSize185	135.9859	196.6553	72.6177	0.0363	466.4758	1001.5497	0.0363	72.6177	
demographic.popSize186	133.9614	191.752	69.0842	0.0137	479.0101	963.1353	0.0456	69.1002	
demographic.popSize187	132.9151	191.4036	70.3341	5.2671E-4	470.9375	1023.7897	4.0371E-3	70.3341	
demographic.popSize188	131.6239	181.3874	71.7103	6.0696E-3	454.529	1089.2809	0.0226	71.7132	
demographic.popSize189	133.3295	184.662	71.8995	2.4418E-3	467.4781	1000.2756	2.4418E-3	71.8995	
demographic.popSize190	133.0535	187.2995	70.7503	0.0171	468.535	985.0989	0.0171	70.7564	
demographic.popSize191	135.9442	195.3609	72.6345	4.023E-3	470.4641	1043.3777	0.0279	72.6345	
demographic.popSize192	135.9511	187.836	73.6028	2.2318E-3	475.7487	1047.6805	2.2318E-3	73.6028	
demographic.popSize193	135.1551	195.3289	70.7875	0.0129	475.5298	992.4738	3.1261E-3	70.7875	
demographic.popSize194	134.4188	189.9139	70.9107	4.8956E-3	479.2931	945.7888	0.0457	70.9387	
demographic.popSize195	134.274	193.0144	71.5214	0.0105	473.1486	1045.3401	0.0195	71.5237	
demographic.popSize196	133.709	196.8009	70.2067	4.4362E-3	466.4375	1019.7815	4.4362E-3	70.2067	
demographic.popSize197	132.6534	193.0662	68.6925	2.2126E-3	467.5282	1015.5198	0.0464	68.7235	
demographic.popSize198	132.2869	193.3714	69.6731	5.3877E-3	457.8974	1000.2725	0.0211	69.6731	
demographic.popSize199	129.6428	188.8194	66.2196	6.4845E-4	480.3272	1014.1717	6.4845E-4	66.2196	
demographic.popSize200	131.2972	202.5163	65.9357	1.2382E-3	475.899	1071.3717	0.1882	66.0913	
demographic.indicators1	3.9547E-3	0.0628	0	0	0	3271.8007	0	0	
demographic.indicators2	2.356E-3	0.0485	0	0	0	3833.5618	0	0	
demographic.indicators3	0.0185	0.1349	0	0	0	274.1369	0	0	
demographic.indicators4	0.0111	0.1046	0	0	0	491.6347	0	0	
demographic.indicators5	0.0209	0.1431	0	0	0	249.9437	0	0	
demographic.indicators6	0.0305	0.1719	0	0	0	210.2261	0	0	
demographic.indicators7	0.0225	0.1484	0	0	0	242.3916	0	0	
demographic.indicators8	5.1107E-3	0.0713	0	0	0	524.2684	0	0	
demographic.indicators9	0.0305	0.1721	0	0	0	240.434	0	0	
demographic.indicators10	0.0515	0.221	0	0	1	224.2227	0	0	
demographic.indicators11	0.0412	0.1988	0	0	0	248.417	0	0	
demographic.indicators12	0.0273	0.1629	0	0	0	257.9546	0	0	
demographic.indicators13	0.0334	0.1797	0	0	0	250.7655	0	0	
demographic.indicators14	0.0986	0.2981	0	0	1	214.2198	0	0	
demographic.indicators15	0.2073	0.4054	0	0	1	197.3473	0	0	
demographic.indicators16	0.1655	0.3716	0	0	1	213.7746	0	0	
demographic.indicators17	9.912E-3	0.0991	0	0	0	293.6409	0	0	
demographic.indicators18	0.0548	0.2275	0	0	1	257.1595	0	0	
demographic.indicators19	0.0302	0.1711	0	0	0	332.1554	0	0	
demographic.indicators20	0.0523	0.2227	0	0	1	240.6381	0	0	
demographic.indicators21	4.6907E-3	0.0683	0	0	0	881.625	0	0	
demographic.indicators22	0.0392	0.194	0	0	0	243.7777	0	0	
demographic.indicators23	5.9693E-3	0.077	0	0	0	935.8845	0	0	
demographic.indicators24	0.0183	0.1341	0	0	0	282.6579	0	0	
demographic.indicators25	0.0186	0.135	0	0	0	261.1521	0	0	
demographic.indicators26	6.176E-3	0.0783	0	0	0	493.355	0	0	
demographic.indicators27	9.504E-3	0.097	0	0	0	417.7231	0	0	
demographic.indicators28	9.6013E-3	0.0975	0	0	0	456.1556	0	0	
demographic.indicators29	5.432E-3	0.0735	0	0	0	631.1093	0	0	
demographic.indicators30	6.3893E-3	0.0797	0	0	0	393.1021	0	0	
demographic.indicators31	0.0157	0.1242	0	0	0	399.0316	0	0	
demographic.indicators32	0.0149	0.121	0	0	0	298.926	0	0	
demographic.indicators33	3.6227E-3	0.0601	0	0	0	1583.654	0	0	
demographic.indicators34	8.616E-3	0.0924	0	0	0	897.8584	0	0	
demographic.indicators35	3.5947E-3	0.0598	0	0	0	980.8043	0	0	
demographic.indicators36	1.6013E-3	0.04	0	0	0	8833.7575	0	0	
demographic.indicators37	5.3573E-3	0.073	0	0	0	920.1816	0	0	
demographic.indicators38	4.056E-3	0.0636	0	0	0	2501.5482	0	0	
demographic.indicators39	5.9893E-3	0.0772	0	0	0	512.4837	0	0	
demographic.indicators40	8.104E-3	0.0897	0	0	0	535.6434	0	0	
demographic.indicators41	0.0376	0.1902	0	0	0	238.3855	0	0	
demographic.indicators42	0.0144	0.1193	0	0	0	444.6421	0	0	
demographic.indicators43	0.0163	0.1265	0	0	0	624.0424	0	0	
demographic.indicators44	0.0152	0.1224	0	0	0	835.2751	0	0	
demographic.indicators45	9.2227E-3	0.0956	0	0	0	772.8576	0	0	
demographic.indicators46	0.0298	0.1702	0	0	0	364.808	0	0	
demographic.indicators47	8.8493E-3	0.0937	0	0	0	695.708	0	0	
demographic.indicators48	0.0144	0.1192	0	0	0	661.8603	0	0	
demographic.indicators49	7.6627E-3	0.0872	0	0	0	1595.9595	0	0	
demographic.indicators50	0.0165	0.1274	0	0	0	563.2876	0	0	
demographic.indicators51	0.0104	0.1016	0	0	0	905.048	0	0	
demographic.indicators52	0.0134	0.115	0	0	0	719.3679	0	0	
demographic.indicators53	0.0286	0.1668	0	0	0	416.0903	0	0	
demographic.indicators54	0.0246	0.1549	0	0	0	439.9485	0	0	
demographic.indicators55	0.0367	0.188	0	0	0	407.0431	0	0	
demographic.indicators56	0.0268	0.1616	0	0	0	497.1188	0	0	
demographic.indicators57	0.0207	0.1422	0	0	0	394.4281	0	0	
demographic.indicators58	0.0176	0.1316	0	0	0	858.1733	0	0	
demographic.indicators59	0.0206	0.1422	0	0	0	504.9844	0	0	
demographic.indicators60	0.0238	0.1524	0	0	0	630.8685	0	0	
demographic.indicators61	0.0468	0.2112	0	0	0	314.2101	0	0	
demographic.indicators62	0.029	0.1679	0	0	0	740.5771	0	0	
demographic.indicators63	0.0243	0.1541	0	0	0	702.6424	0	0	
demographic.indicators64	0.0163	0.1265	0	0	0	499.9351	0	0	
demographic.indicators65	0.0294	0.169	0	0	0	603.8933	0	0	
demographic.indicators66	0.0192	0.1373	0	0	0	734.5529	0	0	
demographic.indicators67	0.0264	0.1603	0	0	0	374.5709	0	0	
demographic.indicators68	0.024	0.153	0	0	0	498.1834	0	0	
demographic.indicators69	0.0256	0.1578	0	0	0	602.9064	0	0	
demographic.indicators70	0.0108	0.1032	0	0	0	702.8797	0	0	
demographic.indicators71	0.02	0.14	0	0	0	633.2682	0	0	
demographic.indicators72	0.0135	0.1156	0	0	0	535.1068	0	0	
demographic.indicators73	0.0191	0.1368	0	0	0	887.7864	0	0	
demographic.indicators74	0.0294	0.169	0	0	0	391.4611	0	0	
demographic.indicators75	0.0113	0.1055	0	0	0	1251.4095	0	0	
demographic.indicators76	0.0209	0.1432	0	0	0	529.7186	0	0	
demographic.indicators77	0.0184	0.1345	0	0	0	711.9184	0	0	
demographic.indicators78	0.0112	0.1053	0	0	0	798.6458	0	0	
demographic.indicators79	0.0116	0.1072	0	0	0	466.1323	0	0	
demographic.indicators80	0.0115	0.1066	0	0	0	1505.7541	0	0	
demographic.indicators81	0.0143	0.1186	0	0	0	445.3415	0	0	
demographic.indicators82	5.144E-3	0.0715	0	0	0	1935.3674	0	0	
demographic.indicators83	0.0187	0.1353	0	0	0	456.3849	0	0	
demographic.indicators84	7.2693E-3	0.0849	0	0	0	1309.0308	0	0	
demographic.indicators85	0.0176	0.1314	0	0	0	524.4481	0	0	
demographic.indicators86	6.692E-3	0.0815	0	0	0	507.7685	0	0	
demographic.indicators87	7.3493E-3	0.0854	0	0	0	1378.7043	0	0	
demographic.indicators88	4.708E-3	0.0685	0	0	0	2172.5371	0	0	
demographic.indicators89	6.036E-3	0.0775	0	0	0	1360.9131	0	0	
demographic.indicators90	8.9427E-3	0.0941	0	0	0	1512.4496	0	0	
demographic.indicators91	5.3493E-3	0.0729	0	0	0	1644.2333	0	0	
demographic.indicators92	2.476E-3	0.0497	0	0	0	2048.9086	0	0	
demographic.indicators93	1.3827E-3	0.0372	0	0	0	8871.9101	0	0	
demographic.indicators94	3.6627E-3	0.0604	0	0	0	1712.7103	0	0	
demographic.indicators95	1.6653E-3	0.0408	0	0	0	8082.1648	0	0	
demographic.indicators96	7.5373E-3	0.0865	0	0	0	757.8481	0	0	
demographic.indicators97	4.1867E-3	0.0646	0	0	0	2382.6037	0	0	
demographic.indicators98	4.8707E-3	0.0696	0	0	0	2101.6801	0	0	
demographic.indicators99	6.4787E-3	0.0802	0	0	0	1158.656	0	0	
demographic.indicators100	1.832E-3	0.0428	0	0	0	7414.4864	0	0	
demographic.indicators101	4.2853E-3	0.0653	0	0	0	1156.4668	0	0	
demographic.indicators102	4.3933E-3	0.0661	0	0	0	949.7682	0	0	
demographic.indicators103	5.708E-3	0.0753	0	0	0	1282.9942	0	0	
demographic.indicators104	2.26E-3	0.0475	0	0	0	5662.4916	0	0	
demographic.indicators105	1.88E-3	0.0433	0	0	0	6224.3477	0	0	
demographic.indicators106	3.5573E-3	0.0595	0	0	0	1876.8898	0	0	
demographic.indicators107	1.3787E-3	0.0371	0	0	0	8090.1687	0	0	
demographic.indicators108	4.0853E-3	0.0638	0	0	0	1939.0484	0	0	
demographic.indicators109	3.8813E-3	0.0622	0	0	0	1600.5804	0	0	
demographic.indicators110	6.2987E-3	0.0791	0	0	0	1238.2399	0	0	
demographic.indicators111	2.8333E-3	0.0532	0	0	0	2379.6073	0	0	
demographic.indicators112	3.72E-3	0.0609	0	0	0	1346.9753	0	0	
demographic.indicators113	2.6413E-3	0.0513	0	0	0	4236.0872	0	0	
demographic.indicators114	7.1093E-3	0.084	0	0	0	508.0933	0	0	
demographic.indicators115	3.9787E-3	0.063	0	0	0	1560.0565	0	0	
demographic.indicators116	4.6453E-3	0.068	0	0	0	719.8835	0	0	
demographic.indicators117	2.1067E-3	0.0459	0	0	0	3893.9121	0	0	
demographic.indicators118	1.492E-3	0.0386	0	0	0	9916.6391	0	0	
demographic.indicators119	4.8547E-3	0.0695	0	0	0	1111.6642	0	0	
demographic.indicators120	2.1627E-3	0.0465	0	0	0	3431.7126	0	0	
demographic.indicators121	1.1693E-3	0.0342	0	0	0	17379.9404	0	0	
demographic.indicators122	1.5227E-3	0.039	0	0	0	9005.8747	0	0	
demographic.indicators123	1.3787E-3	0.0371	0	0	0	9445.3647	0	0	
demographic.indicators124	1.94E-3	0.044	0	0	0	7377.3177	0	0	
demographic.indicators125	3.8133E-3	0.0616	0	0	0	1531.2008	0	0	
demographic.indicators126	1.4333E-3	0.0378	0	0	0	17695.6886	0	0	
demographic.indicators127	2.804E-3	0.0529	0	0	0	3944.9487	0	0	
demographic.indicators128	2.964E-3	0.0544	0	0	0	1388.1229	0	0	
demographic.indicators129	5.0133E-3	0.0706	0	0	0	872.5139	0	0	
demographic.indicators130	2.8693E-3	0.0535	0	0	0	2239.1823	0	0	
demographic.indicators131	2.9733E-3	0.0544	0	0	0	3342.1697	0	0	
demographic.indicators132	3.4187E-3	0.0584	0	0	0	3405.6965	0	0	
demographic.indicators133	2.328E-3	0.0482	0	0	0	5564.4854	0	0	
demographic.indicators134	3.2547E-3	0.057	0	0	0	1469.7713	0	0	
demographic.indicators135	1.512E-3	0.0389	0	0	0	10036.2777	0	0	
demographic.indicators136	2.1747E-3	0.0466	0	0	0	7942.5509	0	0	
demographic.indicators137	1.948E-3	0.0441	0	0	0	6235.4687	0	0	
demographic.indicators138	1.312E-3	0.0362	0	0	0	21083.357	0	0	
demographic.indicators139	1.4747E-3	0.0384	0	0	0	15518.5	0	0	
demographic.indicators140	2.396E-3	0.0489	0	0	0	2299.7749	0	0	
demographic.indicators141	2.0973E-3	0.0457	0	0	0	7987.2317	0	0	
demographic.indicators142	3.7973E-3	0.0615	0	0	0	2334.5291	0	0	
demographic.indicators143	1.712E-3	0.0413	0	0	0	7005.0351	0	0	
demographic.indicators144	2.4213E-3	0.0491	0	0	0	5408.464	0	0	
demographic.indicators145	1.36E-3	0.0369	0	0	0	20990.0266	0	0	
demographic.indicators146	1.804E-3	0.0424	0	0	0	3417.4347	0	0	
demographic.indicators147	1.804E-3	0.0424	0	0	0	4976.4898	0	0	
demographic.indicators148	1.336E-3	0.0365	0	0	0	11699.6859	0	0	
demographic.indicators149	1.6147E-3	0.0402	0	0	0	7265.521	0	0	
demographic.indicators150	2.3533E-3	0.0485	0	0	0	6055.2116	0	0	
demographic.indicators151	1.8653E-3	0.0431	0	0	0	7208.3774	0	0	
demographic.indicators152	2.4107E-3	0.049	0	0	0	4717.3182	0	0	
demographic.indicators153	1.6893E-3	0.0411	0	0	0	15286.9128	0	0	
demographic.indicators154	2.688E-3	0.0518	0	0	0	6482.6969	0	0	
demographic.indicators155	1.9893E-3	0.0446	0	0	0	8944.3495	0	0	
demographic.indicators156	2.152E-3	0.0463	0	0	0	11178.295	0	0	
demographic.indicators157	2.5147E-3	0.0501	0	0	0	2480.1243	0	0	
demographic.indicators158	3.2387E-3	0.0568	0	0	0	4696.6742	0	0	
demographic.indicators159	2.0813E-3	0.0456	0	0	0	5563.6838	0	0	
demographic.indicators160	2.5667E-3	0.0506	0	0	0	5385.9744	0	0	
demographic.indicators161	2.52E-3	0.0501	0	0	0	2263.8619	0	0	
demographic.indicators162	2.796E-3	0.0528	0	0	0	3656.454	0	0	
demographic.indicators163	2.188E-3	0.0467	0	0	0	12413.4179	0	0	
demographic.indicators164	2.6813E-3	0.0517	0	0	0	7004.33	0	0	
demographic.indicators165	2.216E-3	0.047	0	0	0	8909.0635	0	0	
demographic.indicators166	1.6813E-3	0.041	0	0	0	18933.3341	0	0	
demographic.indicators167	2.7267E-3	0.0521	0	0	0	3404.5317	0	0	
demographic.indicators168	2.3013E-3	0.0479	0	0	0	7319.3673	0	0	
demographic.indicators169	2.8533E-3	0.0533	0	0	0	1701.8314	0	0	
demographic.indicators170	3.7387E-3	0.061	0	0	0	3911.5653	0	0	
demographic.indicators171	1.4907E-3	0.0386	0	0	0	29347.5447	0	0	
demographic.indicators172	2.0053E-3	0.0447	0	0	0	7909.7087	0	0	
demographic.indicators173	5.388E-3	0.0732	0	0	0	991.246	0	0	
demographic.indicators174	1.8373E-3	0.0428	0	0	0	18094.086	0	0	
demographic.indicators175	3.936E-3	0.0626	0	0	0	3744.8087	0	0	
demographic.indicators176	2.88E-3	0.0536	0	0	0	6449.8376	0	0	
demographic.indicators177	3.0707E-3	0.0553	0	0	0	10317.8225	0	0	
demographic.indicators178	3.9267E-3	0.0625	0	0	0	4670.3483	0	0	
demographic.indicators179	4.2093E-3	0.0647	0	0	0	6295.866	0	0	
demographic.indicators180	2.7013E-3	0.0519	0	0	0	10848.4198	0	0	
demographic.indicators181	1.7107E-3	0.0413	0	0	0	20825.0578	0	0	
demographic.indicators182	4.8813E-3	0.0697	0	0	0	3262.1865	0	0	
demographic.indicators183	5.412E-3	0.0734	0	0	0	916.0658	0	0	
demographic.indicators184	3.5293E-3	0.0593	0	0	0	4006.5594	0	0	
demographic.indicators185	3.2693E-3	0.0571	0	0	0	12393.6996	0	0	
demographic.indicators186	2.9787E-3	0.0545	0	0	0	18569.1577	0	0	
demographic.indicators187	6.0173E-3	0.0773	0	0	0	3161.7517	0	0	
demographic.indicators188	4.316E-3	0.0656	0	0	0	7877.2137	0	0	
demographic.indicators189	5.6173E-3	0.0747	0	0	0	1724.2149	0	0	
demographic.indicators190	4.5453E-3	0.0673	0	0	0	9276.0583	0	0	
demographic.indicators191	5.9933E-3	0.0772	0	0	0	7349.0093	0	0	
demographic.indicators192	5.9613E-3	0.077	0	0	0	8525.6654	0	0	
demographic.indicators193	7.6667E-3	0.0872	0	0	0	9073.9828	0	0	
demographic.indicators194	0.0113	0.1056	0	0	0	3547.7461	0	0	
demographic.indicators195	0.0135	0.1154	0	0	0	3140.674	0	0	
demographic.indicators196	0.0171	0.1296	0	0	0	3271.2121	0	0	
demographic.indicators197	0.0274	0.1632	0	0	0	1282.1812	0	0	
demographic.indicators198	0.0459	0.2093	0	0	0	834.3644	0	0	
demographic.indicators199	0.0689	0.2532	0	0	1	835.5739	0	0	
kappa	2.3001	0.1438	2.2963	2.0256	2.5871	25041.6308	2.1916	2.3851	
frequencies1	0.2804	9.9457E-3	0.2804	0.2609	0.3	13674.0923	0.2726	0.2862	
frequencies2	0.2063	8.6201E-3	0.2061	0.1892	0.223	9711.7237	0.1991	0.2107	
frequencies3	0.1935	8.394E-3	0.1935	0.1775	0.2104	13879.9055	0.1882	0.1995	
frequencies4	0.3198	0.0105	0.3197	0.2999	0.3414	11227.9317	0.3127	0.3268	
alpha	0.4879	0.0379	0.4864	0.4136	0.5622	38269.836	0.4579	0.5084	
default.ucld.mean	9.9071E-4	2.6852E-4	9.4563E-4	5.3387E-4	1.5143E-3	226.1239	7.4131E-4	1.0468E-3	
default.ucld.stdev	3.303E-3	1.7908E-3	2.8536E-3	1.1103E-3	6.8546E-3	253.7234	1.5244E-3	3.0571E-3	
host_groups.ucld.mean	8.0494E-3	2.2041E-3	7.8313E-3	3.9665E-3	0.0124	359.7742	6.0234E-3	8.8597E-3	
host_groups.ucld.stdev	6.1278E-3	5.7689E-3	4.5318E-3	4.1108E-8	0.0173	793.4599	3.1619E-6	4.5339E-3	
default.meanRate	7.8629E-4	1.6161E-4	7.7497E-4	4.7486E-4	1.1149E-3	223.108	6.5911E-4	8.6523E-4	
default.coefficientOfVariation	2.8665	0.5553	2.803	1.8945	3.991	272.9038	2.3413	3.0665	
default.covariance	0.3295	0.1233	0.3267	0.0639	0.5615	255.9142	0.2616	0.4207	
host_groups.meanRate	8.4239E-3	2.5185E-3	8.1278E-3	3.8838E-3	0.0133	403.2437	6.1546E-3	9.2475E-3	
host_groups.coefficientOfVariation	0.7246	0.5806	0.5877	8.6193E-6	1.869	703.6069	3.5129E-4	0.5879	
host_groups.covariance	-0.0034	0.0496	-0.0057	-0.0983	0.0955	17827.2332	-0.0416	0.0237	
host_groups.rates.Amaranthaceae.Brassicaceae	0.7913	0.6945	0.6161	1.3168E-4	2.0772	9678.8908	0.1295	0.7188	
host_groups.rates.Amaranthaceae.Fabaceae	1.4896	0.8357	1.3484	0.0808	3.1129	2703.7819	0.6487	1.6252	
host_groups.rates.Amaranthaceae.Poaceae	1.0318	0.6601	0.9005	5.8858E-3	2.2851	4390.8143	0.3414	1.0696	
host_groups.rates.Amaranthaceae.Solanaceae	1.0091	0.8273	0.8245	1.632E-4	2.5674	4686.9701	2.0292E-4	0.8245	
host_groups.rates.Brassicaceae.Fabaceae	0.902	0.9545	0.5932	2.0283E-5	2.8286	9108.3767	3.6348E-5	0.5932	
host_groups.rates.Brassicaceae.Poaceae	1.0379	0.8088	0.8592	6.3952E-5	2.5639	4244.0915	0.1842	1.0243	
host_groups.rates.Brassicaceae.Solanaceae	1.0634	0.7688	0.9056	1.3443E-3	2.5126	3855.3057	0.25	1.0858	
host_groups.rates.Fabaceae.Poaceae	0.8454	0.7439	0.6593	3.849E-4	2.2329	7346.1901	0.0625	0.7156	
host_groups.rates.Fabaceae.Solanaceae	0.909	0.9582	0.6022	3.1157E-5	2.8272	8675.0177	3.4184E-5	0.6022	
host_groups.rates.Poaceae.Solanaceae	1.0531	0.7765	0.8937	6.0052E-4	2.5049	4349.1418	0.2512	1.0949	
host_groups.rates.Brassicaceae.Amaranthaceae	0.8708	0.936	0.5632	8.6209E-5	2.758	8144.5163	1.3393E-4	0.5632	
host_groups.rates.Fabaceae.Amaranthaceae	0.8438	0.8455	0.5977	4.5659E-5	2.5074	8576.505	6.3699E-5	0.5978	
host_groups.rates.Poaceae.Amaranthaceae	0.8846	0.9311	0.5864	1.6549E-5	2.7557	8087.5972	2.7095E-5	0.5864	
host_groups.rates.Solanaceae.Amaranthaceae	1.1007	0.8124	0.9534	1.0487E-4	2.6043	4422.816	0.2654	1.1993	
host_groups.rates.Fabaceae.Brassicaceae	0.861	0.87	0.6056	3.6273E-5	2.5793	8008.5132	1.7967E-4	0.6057	
host_groups.rates.Poaceae.Brassicaceae	1.1097	0.7864	0.9413	4.7179E-4	2.6081	1982.6341	0.2377	1.0891	
host_groups.rates.Solanaceae.Brassicaceae	0.9012	0.9139	0.6239	1.7804E-4	2.7074	9438.5649	2.7914E-4	0.6239	
host_groups.rates.Poaceae.Fabaceae	0.904	0.9042	0.64	7.3392E-6	2.6819	8527.4487	7.3392E-6	0.64	
host_groups.rates.Solanaceae.Fabaceae	1.4074	0.7808	1.2607	0.1856	2.964	4600.4663	0.6023	1.493	
host_groups.rates.Solanaceae.Poaceae	0.8762	0.8928	0.6097	1.3274E-4	2.6303	8007.3086	1.9789E-4	0.6098	
host_groups.indicators.Amaranthaceae.Brassicaceae	0.7017	0.4575	1	0	1	816.8986	1	1	
host_groups.indicators.Amaranthaceae.Fabaceae	0.9656	0.1824	1	1	1	746.3757	1	1	
host_groups.indicators.Amaranthaceae.Poaceae	0.9564	0.2043	1	1	1	3496.806	1	1	
host_groups.indicators.Amaranthaceae.Solanaceae	0.6165	0.4862	1	0	1	915.1518	1	1	
host_groups.indicators.Brassicaceae.Fabaceae	0.162	0.3685	0	0	1	4685.4211	0	0	
host_groups.indicators.Brassicaceae.Poaceae	0.7389	0.4392	1	0	1	945.9928	1	1	
host_groups.indicators.Brassicaceae.Solanaceae	0.8511	0.356	1	0	1	2223.3679	1	1	
host_groups.indicators.Fabaceae.Poaceae	0.6841	0.4649	1	0	1	1256.9458	1	1	
host_groups.indicators.Fabaceae.Solanaceae	0.1653	0.3714	0	0	1	7778.6955	0	0	
host_groups.indicators.Poaceae.Solanaceae	0.7839	0.4116	1	0	1	939.8438	1	1	
host_groups.indicators.Brassicaceae.Amaranthaceae	0.1932	0.3948	0	0	1	8256.0346	0	0	
host_groups.indicators.Fabaceae.Amaranthaceae	0.4474	0.4972	0	0	1	1832.9767	0	0	
host_groups.indicators.Poaceae.Amaranthaceae	0.2261	0.4183	0	0	1	7057.219	0	0	
host_groups.indicators.Solanaceae.Amaranthaceae	0.7139	0.452	1	0	1	811.0963	1	1	
host_groups.indicators.Fabaceae.Brassicaceae	0.3628	0.4808	0	0	1	1010.3839	0	0	
host_groups.indicators.Poaceae.Brassicaceae	0.924	0.2649	1	0	1	872.9481	1	1	
host_groups.indicators.Solanaceae.Brassicaceae	0.2653	0.4415	0	0	1	2131.8283	0	0	
host_groups.indicators.Poaceae.Fabaceae	0.324	0.468	0	0	1	2051.1607	0	0	
host_groups.indicators.Solanaceae.Fabaceae	0.9961	0.0621	1	1	1	10109.3028	1	1	
host_groups.indicators.Solanaceae.Poaceae	0.3018	0.4591	0	0	1	1944.115	0	0	
host_groups.nonZeroRates	11.3801	1.6623	11	8	14	2744.5057	9	11	
default.treeLikelihood	-7888.3797	14.3809	-7888.046	-7917.1839	-7860.9318	724.5772	-7897.3628	-7877.965	
default.branchRates	-2382.6079	0	0	0	0	NaN	0	0	
host_groups.branchRates	-2382.6079	0	0	0	0	NaN	0	0	
c_host_groups.count[1]	46.9416	4.6888	46	39	56	1294.2342	42	47	
c_allTransitions[1]	46.9411	4.6951	46	39	56	1298.4934	42	47	
coalescent	-1229.4887	42.3254	-1229.4553	-1308.6891	-1137.6616	214.0602	-1256.8526	-1201.9273	

