burnIn   <= 25000000,   maxState  = 100000000
statistic	mean	stdErr	median	hpdLower	hpdUpper	ESS	50hpdLower	50hpdUpper
joint	-15195.8128	137.9841	-15193.9323	-15453.1233	-14931.6274	249.2208	-15287.4502	-15092.5581	
prior	-7110.0992	136.4999	-7107.9293	-7362.4331	-6850.344	247.4686	-7216.6254	-7022.6763	
likelihood	-8085.7136	18.6498	-8085.9804	-8121.9509	-8048.5965	671.0491	-8098.6178	-8073.8128	
treeModel.rootHeight	215.6049	67.5493	204.1613	107.4345	347.7516	282.3588	144.9729	225.3839	
age(root)	1807.3951	67.5493	1818.8387	1675.2484	1915.5655	282.3588	1797.6161	1878.0271	
treeLength	2759.7149	520.7248	2656.0427	1958.0729	3786.9453	214.5675	2211.8129	2796.7219	
tmrca(ingroup)	215.6049	67.5493	204.1613	107.4345	347.7516	282.3588	144.9729	225.3839	
age(ingroup)	1807.3951	67.5493	1818.8387	1675.2484	1915.5655	282.3588	1797.6161	1878.0271	
demographic.populationSizeChanges	2.5347	0.6577	2	2	4	542.4767	2	2	
demographic.populationMean	109.2264	84.8506	87.6535	15.9321	250.1662	269.962	35.429	97.1355	
demographic.popSize1	66.8763	36.2942	63.3012	4.2007	126.1239	223.7041	46.4497	97.6382	
demographic.popSize2	108.9378	158.9078	58.0401	0.0154	378.5015	942.4598	0.0476	58.0692	
demographic.popSize3	111.9533	171.9785	58.2924	0.0157	385.9374	906.9137	0.0235	58.2999	
demographic.popSize4	110.2036	164.1856	58.3246	9.9398E-4	389.5462	830.0496	9.9398E-4	58.3246	
demographic.popSize5	107.1002	156.2198	58.1745	1.3851E-3	373.8417	986.5463	0.0285	58.1775	
demographic.popSize6	110.6899	167.5324	57.3558	2.6507E-3	394.6451	903.744	2.6507E-3	57.3558	
demographic.popSize7	109.1178	165.4508	57.5471	1.1791E-3	369.0485	907.3527	2.0908E-3	57.5471	
demographic.popSize8	110.1195	158.1955	59.6776	2.3936E-3	379.215	927.176	2.1296E-3	59.6776	
demographic.popSize9	108.8692	158.7818	58.5685	1.6115E-3	376.5824	914.5394	1.6115E-3	58.5685	
demographic.popSize10	109.3755	159.7534	58.8931	6.7263E-3	372.7766	870.4148	0.0111	58.8931	
demographic.popSize11	110.3288	173.7236	59.4808	8.1049E-3	375.5169	835.7094	0.0159	59.4808	
demographic.popSize12	107.6548	155.6426	57.7122	1.6471E-6	373.6861	931.8008	1.6471E-6	57.7122	
demographic.popSize13	111.4134	171.2283	59.4054	0.0158	379.1103	887.5923	0.0333	59.4255	
demographic.popSize14	110.3768	166.0573	59.4471	0.0141	379.1279	906.5948	0.0141	59.4471	
demographic.popSize15	107.3256	152.1463	57.25	3.6167E-4	374.5625	931.3562	3.6167E-4	57.25	
demographic.popSize16	108.2098	159.6432	57.4652	5.7428E-3	379.5979	916.9187	6.2947E-3	57.4666	
demographic.popSize17	108.4877	161.0633	56.8491	2.6837E-3	381.0664	863.1044	2.6837E-3	56.8491	
demographic.popSize18	108.2979	162.9322	57.8547	4.7766E-3	376.6763	875.1165	0.0522	57.8548	
demographic.popSize19	108.5431	177.5695	57.5574	2.0234E-3	371.1841	926.4722	1.2444E-3	57.5574	
demographic.popSize20	107.6951	156.799	57.6427	4.1503E-3	370.432	971.8182	0.0982	57.7292	
demographic.popSize21	108.5811	162.8118	56.8356	7.9681E-3	380.3861	904.0988	0.061	56.849	
demographic.popSize22	97.1265	159.9926	46.4201	0.0151	358.8278	806.5446	0.0126	46.4284	
demographic.popSize23	105.783	158.1926	55.6941	4.4994E-3	375.2332	818.903	4.4994E-3	55.6941	
demographic.popSize24	97.9841	152.8322	48.5226	8.4114E-3	359.0807	767.1333	8.4114E-3	48.5226	
demographic.popSize25	75.5198	151.4705	26.6893	7.0607E-3	309.8274	623.4735	0.0388	26.7188	
demographic.popSize26	99.6119	151.9076	50.1172	2.8643E-3	362.3888	746.5072	0.0183	50.1172	
demographic.popSize27	104.8208	164.6062	54.828	6.9449E-3	365.1332	848.297	0.0171	54.828	
demographic.popSize28	81.9121	133.0012	36.4102	0.015	319.583	744.7623	0.0249	36.417	
demographic.popSize29	109.7944	148.2198	64.633	2.8262E-3	360.6408	931.605	0.0176	64.6423	
demographic.popSize30	110.2745	144.2899	69.0519	9.9757E-5	345.5745	1069.0742	9.9757E-5	69.0519	
demographic.popSize31	112.3945	156.59	66.0924	1.4652E-4	364.6918	942.608	1.4652E-4	66.0924	
demographic.popSize32	111.5613	157.3176	65.6195	7.2974E-4	360.3819	884.5864	7.2974E-4	65.6195	
demographic.popSize33	112.336	162.5424	65.6052	5.9751E-3	368.2954	960.5	5.9751E-3	65.6052	
demographic.popSize34	112.6924	165.029	63.1083	4.4828E-3	369.7781	881.934	4.4828E-3	63.1083	
demographic.popSize35	110.3469	160.7999	63.8784	0.0159	367.4674	833.5516	0.0203	63.8825	
demographic.popSize36	110.5472	160.8134	61.1049	3.5652E-3	376.3504	884.5173	7.2359E-3	61.1053	
demographic.popSize37	110.3058	160.2178	60.9601	4.5761E-4	362.5365	932.3761	8.4156E-3	60.9642	
demographic.popSize38	110.9585	166.9899	59.5988	6.3819E-3	372.2516	832.2088	6.3819E-3	59.5988	
demographic.popSize39	110.4085	157.1096	61.2382	4.5833E-3	382.7175	809.1256	0.1095	61.3431	
demographic.popSize40	109.7712	157.3716	60.2542	0.0115	372.4524	958.443	0.0229	60.2731	
demographic.popSize41	110.7758	155.7123	61.741	5.6932E-3	365.4374	908.2213	5.6932E-3	61.7426	
demographic.popSize42	108.0787	151.3869	59.3562	0.0119	374.6221	971.2653	0.0119	59.3562	
demographic.popSize43	109.9073	166.0637	58.9355	3.0613E-4	384.0314	984.8243	0.0131	58.9457	
demographic.popSize44	109.1173	150.8736	60.366	8.7609E-4	366.5297	953.7192	1.6068E-3	60.366	
demographic.popSize45	108.7787	159.8769	60.0319	7.691E-3	368.655	891.586	2.8714E-3	60.0319	
demographic.popSize46	108.9531	167.8813	59.272	0.0205	367.5468	871.9009	0.0673	59.3237	
demographic.popSize47	109.8143	160.2883	60.6231	3.6482E-4	381.2767	941.9407	3.6482E-4	60.6231	
demographic.popSize48	113.5331	164.6265	61.7614	2.746E-3	384.1	927.7073	9.4389E-3	61.7614	
demographic.popSize49	108.4198	151.956	60.1603	7.5461E-3	365.4516	890.417	0.0348	60.1712	
demographic.popSize50	110.5557	171.1743	60.5507	0.0167	365.7689	884.674	1.9401E-3	60.5507	
demographic.popSize51	107.0163	152.4079	58.9051	9.4604E-4	360.5432	997.9827	9.4604E-4	58.9051	
demographic.popSize52	107.8025	151.9881	58.8998	3.9393E-3	371.7193	975.0694	3.9393E-3	58.8998	
demographic.popSize53	111.7951	163.7126	59.4747	0.0189	377.8085	847.24	8.7073E-3	59.4779	
demographic.popSize54	108.2346	162.2317	57.9168	0.0123	363.4917	906.9869	6.5957E-3	57.9168	
demographic.popSize55	107.9669	153.773	59.2519	9.8209E-4	360.9159	892.3255	9.8209E-4	59.2519	
demographic.popSize56	110.5839	161.2866	60.1379	0.0146	377.5827	950.4429	0.0146	60.1379	
demographic.popSize57	108.712	160.3869	58.0811	6.6749E-3	378.6982	871.7477	6.6749E-3	58.0811	
demographic.popSize58	109.4447	159.6118	58.8943	0.0436	376.4991	923.0002	0.0417	58.8943	
demographic.popSize59	109.8581	161.846	58.9993	7.6404E-3	366.6966	956.1928	0.0849	59.0747	
demographic.popSize60	110.7243	163.8117	59.1404	9.5908E-3	384.451	991.116	9.5908E-3	59.1479	
demographic.popSize61	108.0223	155.1029	59.9113	4.8505E-4	363.2996	898.2435	4.8505E-4	59.9113	
demographic.popSize62	111.2346	166.0148	58.4184	1.9251E-3	383.2463	889.0529	0.0588	58.4691	
demographic.popSize63	109.2424	158.574	58.488	2.3394E-3	372.539	878.0014	2.3394E-3	58.488	
demographic.popSize64	109.8593	158.2015	59.1428	0.0161	371.9152	829.3928	0.0349	59.153	
demographic.popSize65	109.228	154.5878	58.0334	6.5537E-4	371.3213	900.163	6.5537E-4	58.0334	
demographic.popSize66	111.2115	164.2089	59.8289	0.0181	378.3762	903.5544	0.0336	59.844	
demographic.popSize67	108.4936	157.0261	59.3464	4.6E-3	371.4891	890.9837	7.4965E-3	59.3464	
demographic.popSize68	108.7636	157.4603	58.3236	9.8892E-3	374.1297	1016.7904	1.0628E-3	58.3236	
demographic.popSize69	112.8354	174.8353	60.0895	4.6338E-4	383.4713	811.4493	4.6338E-4	60.0895	
demographic.popSize70	107.5318	156.6433	58.1574	6.972E-3	367.6184	939.5886	6.972E-3	58.1574	
demographic.popSize71	109.1541	153.5236	59.6228	0.0139	373.3048	896.8947	0.0139	59.6228	
demographic.popSize72	108.684	160.7047	58.2193	1.7021E-3	368.5783	828.5707	1.7021E-3	58.2193	
demographic.popSize73	108.735	165.3954	57.3056	0.0263	381.9435	867.2619	0.0101	57.3056	
demographic.popSize74	109.5939	158.8943	58.946	9.8293E-3	377.9565	892.3305	0.0292	58.9609	
demographic.popSize75	106.1623	150.7702	57.6288	1.8016E-3	360.939	936.3771	0.065	57.681	
demographic.popSize76	109.621	162.4581	58.6535	0.0125	373.967	936.0168	0.0802	58.7166	
demographic.popSize77	109.8049	165.1576	58.8238	0.0276	368.1764	929.9974	0.0643	58.831	
demographic.popSize78	111.1534	166.9976	60.1528	6.1384E-3	374.7784	810.603	0.0324	60.1705	
demographic.popSize79	109.8925	164.5478	59.7671	9.8019E-3	376.2074	912.0485	9.8019E-3	59.7671	
demographic.popSize80	109.2743	156.0863	59.8426	9.4547E-3	378.3016	955.8856	9.4547E-3	59.8426	
demographic.popSize81	107.7338	155.9256	59.52	0.0104	360.3619	882.212	0.0104	59.52	
demographic.popSize82	110.4781	153.5508	60.1318	1.5447E-3	387.2248	940.665	1.5447E-3	60.1318	
demographic.popSize83	111.0482	164.1479	59.4326	0.0109	394.5031	857.3127	0.0109	59.4326	
demographic.popSize84	109.5054	160.3288	59.2292	0.0199	370.5412	956.0602	0.0405	59.2391	
demographic.popSize85	109.375	154.2848	60.4874	5.4603E-3	374.0521	947.1043	0.0225	60.504	
demographic.popSize86	106.9255	154.815	57.9703	1.0447E-3	369.5304	973.9176	0.0322	57.9833	
demographic.popSize87	109.9012	171.4291	58.8288	2.9115E-4	365.3774	978.0695	2.9115E-4	58.8288	
demographic.popSize88	107.1633	149.7705	59.4149	4.8353E-4	369.5831	998.013	6.2211E-3	59.4149	
demographic.popSize89	110.7075	164.0561	58.9507	6.4743E-3	382.4643	892.2099	6.4743E-3	58.9507	
demographic.popSize90	108.8276	158.4468	58.7823	2.4061E-3	371.6403	937.0977	3.4694E-3	58.7823	
demographic.popSize91	109.7302	159.3095	59.6156	5.5978E-3	386.0878	883.966	0.0128	59.6156	
demographic.popSize92	111.9367	168.1032	60.1353	7.5221E-3	390.1688	859.0995	0.0555	60.1698	
demographic.popSize93	111.9513	174.6925	58.6193	8.2388E-3	387.6828	852.9975	4.5808E-3	58.6193	
demographic.popSize94	108.7117	155.8082	58.0081	6.1133E-3	370.8276	913.9141	0.054	58.0288	
demographic.popSize95	110.2789	165.7181	59.0058	2.1393E-3	379.3356	952.4523	2.1393E-3	59.0058	
demographic.popSize96	110.5931	164.9378	60.0119	4.2052E-4	377.3371	839.8244	4.2052E-4	60.0119	
demographic.popSize97	109.0494	157.6389	58.1361	3.8256E-3	385.0624	976.7826	0.0324	58.1609	
demographic.popSize98	108.7674	159.4852	59.2343	0.022	363.5872	888.9456	0.022	59.2422	
demographic.popSize99	109.2508	155.9955	58.9101	3.1914E-3	373.1346	958.8588	3.1914E-3	58.9101	
demographic.popSize100	109.4227	173.9194	57.5363	2.2356E-3	377.7508	906.6868	0.0109	57.5421	
demographic.popSize101	109.6899	163.4942	57.3203	0.0214	384.8932	955.8196	0.0292	57.3293	
demographic.popSize102	107.0607	154.802	56.8821	4.963E-3	379.0817	897.3218	0.0126	56.8821	
demographic.popSize103	108.3267	155.4602	58.5689	7.3059E-3	371.886	933.6327	7.3059E-3	58.5689	
demographic.popSize104	112.3527	169.0682	60.0544	0.016	384.4447	891.7414	0.0444	60.0778	
demographic.popSize105	109.7434	165.4987	58.9898	3.7759E-3	379.0741	876.4078	0.0173	59.0024	
demographic.popSize106	109.5445	161.4487	58.5356	5.2797E-3	374.5107	799.9876	0.019	58.5423	
demographic.popSize107	107.2236	160.7325	58.5938	2.5743E-3	364.4752	924.7316	2.5743E-3	58.5938	
demographic.popSize108	111.4017	173.2101	60.6929	0.0178	378.3449	951.6241	0.014	60.6936	
demographic.popSize109	111.6522	172.3719	59.0766	9.1504E-3	386.1615	860.0688	9.1504E-3	59.0766	
demographic.popSize110	108.0248	162.19	58.4848	4.7234E-3	362.5473	934.6433	0.0258	58.4861	
demographic.popSize111	110.2376	158.9481	58.4853	0.012	382.0191	946.9847	0.0298	58.4931	
demographic.popSize112	113.018	173.1503	59.7474	6.8039E-4	383.9075	797.7429	6.8039E-4	59.7474	
demographic.popSize113	109.799	167.7095	57.1844	1.3885E-3	379.5297	887.4926	0.0263	57.1849	
demographic.popSize114	109.5744	153.2227	60.5442	0.0669	390.7216	875.4015	1.9001E-3	60.5442	
demographic.popSize115	107.3751	161.1081	57.6081	9.8056E-4	370.6585	875.2953	6.5928E-3	57.6096	
demographic.popSize116	105.151	154.2623	57.4651	2.8627E-3	355.7358	1021.773	2.8627E-3	57.4651	
demographic.popSize117	107.4697	155.0171	58.5569	8.8486E-3	373.807	919.9884	8.8486E-3	58.5569	
demographic.popSize118	110.0888	168.5786	58.5035	0.0127	383.5658	951.3149	0.0127	58.5078	
demographic.popSize119	109.8551	161.6799	59.1813	2.9039E-3	375.9996	902.1591	0.022	59.2005	
demographic.popSize120	110.6591	165.6255	59.9271	2.9582E-3	380.0305	869.7487	5.5198E-3	59.9271	
demographic.popSize121	108.2479	163.223	59.1993	0.0181	368.1137	1005.204	0.099	59.2919	
demographic.popSize122	110.0336	159.9272	60.1988	9.6992E-3	381.0705	905.29	0.0301	60.2188	
demographic.popSize123	111.5073	173.3691	58.6062	1.9895E-3	384.2341	989.717	1.9895E-3	58.6062	
demographic.popSize124	109.1862	160.3756	58.3918	0.0126	377.0391	889.9778	0.0117	58.3918	
demographic.popSize125	110.9679	169.0687	59.3339	3.0269E-3	377.9894	946.3416	0.0269	59.3496	
demographic.popSize126	108.449	158.4754	56.7671	2.4705E-3	385.222	946.5379	2.4705E-3	56.7671	
demographic.popSize127	110.4356	167.5976	57.6851	2.2314E-3	385.5829	933.2764	0.0207	57.6918	
demographic.popSize128	109.9528	157.5649	60.1089	3.3873E-3	380.3585	890.2902	2.7331E-3	60.1089	
demographic.popSize129	110.5426	160.0287	59.7395	0.0168	398.9902	842.0105	0.0177	59.7395	
demographic.popSize130	107.3883	156.3718	57.3436	6.7016E-3	369.1496	965.4862	0.0104	57.3436	
demographic.popSize131	109.0538	157.8485	59.7556	6.752E-3	370.9106	968.7763	0.0457	59.7652	
demographic.popSize132	111.0831	170.0031	58.6939	4.9009E-4	385.7074	901.9305	0.0127	58.6994	
demographic.popSize133	108.5931	161.179	58.3006	1.9378E-3	377.2888	950.8518	4.6113E-3	58.3006	
demographic.popSize134	109.0958	164.8513	58.4064	8.7765E-3	370.7841	933.3818	0.0467	58.4379	
demographic.popSize135	109.0808	156.4728	59.011	0.0144	378.8412	924.7265	2.1833E-3	59.011	
demographic.popSize136	109.135	162.3048	60.408	9.6366E-3	377.4706	955.2113	1.0681E-3	60.408	
demographic.popSize137	109.2742	158.1651	58.4912	6.103E-3	378.1893	909.6888	6.103E-3	58.4912	
demographic.popSize138	106.665	154.0834	57.2044	6.8731E-3	367.8501	962.027	0.043	57.2176	
demographic.popSize139	110.2723	173.703	57.9585	0.0484	380.251	866.7878	0.051	57.9637	
demographic.popSize140	111.512	168.6201	60.2886	5.9378E-3	381.3354	931.0326	0.0662	60.3312	
demographic.popSize141	109.7876	157.8294	59.8162	4.8699E-3	374.1104	905.5275	0.0164	59.8184	
demographic.popSize142	110.2147	156.8808	58.3948	0.0201	381.7516	906.4397	5.0023E-3	58.3948	
demographic.popSize143	108.294	157.7923	58.2895	6.1097E-3	378.1927	921.4282	0.0268	58.2937	
demographic.popSize144	110.0829	174.4324	59.0293	9.8228E-3	378.5065	881.9459	9.8228E-3	59.0293	
demographic.popSize145	108.4955	152.1914	59.2414	6.6926E-4	368.5432	901.6341	6.6926E-4	59.2414	
demographic.popSize146	109.2506	161.3143	58.5983	0.0136	372.1219	913.9836	0.0181	58.6049	
demographic.popSize147	111.2189	169.5473	59.9311	1.3809E-5	381.847	898.4573	1.3809E-5	59.9311	
demographic.popSize148	108.6867	153.7139	58.1132	5.1885E-3	376.9568	936.7913	0.0158	58.1133	
demographic.popSize149	111.0411	171.1855	59.9338	5.5438E-3	377.1127	828.6071	5.5438E-3	59.9338	
demographic.popSize150	108.2991	166.0839	57.2978	0.0138	376.9097	989.4435	0.0381	57.3251	
demographic.popSize151	110.2509	166.0266	59.056	3.4539E-4	386.9501	930.686	3.4539E-4	59.056	
demographic.popSize152	107.8052	163.1771	57.1103	8.8668E-3	368.5779	853.4306	0.0144	57.1103	
demographic.popSize153	110.7906	164.2356	59.0187	2.651E-3	384.0667	903.9553	7.054E-4	59.0187	
demographic.popSize154	110.196	162.9455	59.2005	1.2565E-3	385.0991	860.7833	0.0632	59.235	
demographic.popSize155	109.6346	154.8127	59.8092	4.0309E-3	378.6093	939.38	4.0309E-3	59.8092	
demographic.popSize156	108.355	157.7383	58.5778	0.0104	367.7602	926.5096	0.0104	58.5778	
demographic.popSize157	108.9688	164.6411	58.1039	1.0857E-3	374.8888	919.7654	1.0857E-3	58.1039	
demographic.popSize158	109.1436	160.6908	58.2936	7.0763E-3	378.4026	929.816	0.0204	58.2985	
demographic.popSize159	106.9033	157.1534	57.5634	5.3491E-3	364.183	1018.793	0.0148	57.5634	
demographic.popSize160	110.9145	172.2685	58.6854	0.0103	386.2298	925.9949	6.6477E-3	58.6854	
demographic.popSize161	110.9906	167.7924	59.2242	2.43E-3	386.2195	895.0227	3.9746E-3	59.2242	
demographic.popSize162	110.2742	161.5584	59.6699	0.0164	375.3892	950.1727	9.6437E-4	59.6699	
demographic.popSize163	109.9752	162.8954	57.7466	1.2259E-3	387.867	950.4877	1.2259E-3	57.7466	
demographic.popSize164	108.7093	161.2469	57.7257	0.0152	380.539	856.8202	0.01	57.7261	
demographic.popSize165	109.9454	158.1339	60.3168	0.0186	372.7218	923.9438	0.0388	60.3406	
demographic.popSize166	110.7286	164.0677	59.1141	1.3913E-3	393.3957	877.533	1.3913E-3	59.1141	
demographic.popSize167	109.1386	159.6278	59.9067	4.0746E-3	378.9881	937.7512	4.0746E-3	59.9067	
demographic.popSize168	108.3383	158.7049	58.869	3.3646E-3	370.7301	865.395	6.5699E-3	58.869	
demographic.popSize169	108.7086	160.6029	57.9906	5.2174E-3	375.7665	827.5673	0.0617	58.0165	
demographic.popSize170	109.1533	158.522	59.4851	1.0384E-3	370.2552	931.1119	0.0258	59.5073	
demographic.popSize171	109.8712	157.5193	58.8727	7.5289E-3	382.0388	961.9553	0.0241	58.8794	
demographic.popSize172	109.9284	169.3008	59.0068	3.9365E-3	376.7666	930.3949	0.0457	59.039	
demographic.popSize173	111.3979	170.7507	58.8957	5.7532E-3	390.1072	901.3563	5.7532E-3	58.8957	
demographic.popSize174	109.011	153.349	59.153	6.0022E-3	377.9922	949.4583	0.0194	59.1554	
demographic.popSize175	107.9895	159.1366	57.8859	6.8531E-4	378.3629	961.1626	1.3794E-3	57.8859	
demographic.popSize176	108.6777	161.4109	57.6511	0.0114	373.9478	818.4311	0.0582	57.6963	
demographic.popSize177	109.7906	163.5768	58.9414	3.9029E-3	382.9038	891.5148	3.9029E-3	58.9414	
demographic.popSize178	106.9872	159.7138	58.1259	8.3008E-3	363.9971	927.3301	8.3008E-3	58.1259	
demographic.popSize179	110.222	161.5775	59.1893	7.0053E-3	381.1557	956.9469	9.1345E-3	59.1893	
demographic.popSize180	108.403	164.4451	58.1212	0.0239	370.4992	871.1234	0.1182	58.1767	
demographic.popSize181	108.6139	153.5731	57.8789	7.9001E-3	376.1957	878.0186	0.0104	57.8789	
demographic.popSize182	107.6766	150.5843	59.1562	2.8077E-3	370.114	929.8349	2.8077E-3	59.1577	
demographic.popSize183	108.5576	156.2693	59.1753	0.0119	372.3155	970.1318	0.0462	59.1984	
demographic.popSize184	108.2772	167.4255	58.0865	4.1801E-3	371.0546	994.0028	4.1801E-3	58.0893	
demographic.popSize185	109.8167	162.1862	58.752	9.8985E-4	371.9951	898.2014	0.0254	58.7638	
demographic.popSize186	110.7684	175.2978	58.564	1.7522E-3	383.6604	916.1861	0.0113	58.564	
demographic.popSize187	106.6506	151.8924	59.5998	1.0551E-3	351.0032	934.7427	1.0551E-3	59.5998	
demographic.popSize188	111.373	167.7412	59.081	5.2795E-3	393.4605	940.0885	6.4977E-3	59.081	
demographic.popSize189	109.6192	160.7735	57.8598	0.034	382.583	949.0122	0.052	57.87	
demographic.popSize190	109.304	162.6508	58.52	0.0153	376.6221	812.7712	0.0213	58.5324	
demographic.popSize191	109.3832	161.578	59.5377	4.9373E-3	376.3792	856.4385	0.0176	59.5436	
demographic.popSize192	107.7803	156.8113	57.9919	6.632E-3	368.9668	926.8489	0.0104	57.9919	
demographic.popSize193	109.4206	165.7902	57.2794	2.5237E-3	382.4826	910.4791	0.0482	57.3163	
demographic.popSize194	111.451	175.7469	59.3027	4.4185E-3	382.1318	883.549	4.4185E-3	59.3027	
demographic.popSize195	110.2333	167.8274	58.7392	3.4274E-3	380.9052	921.2291	3.4274E-3	58.7392	
demographic.popSize196	107.4824	155.5004	57.8957	4.6165E-3	366.2552	911.048	4.6165E-3	57.8957	
demographic.popSize197	107.0238	156.6237	57.54	1.1712E-3	360.1547	937.7334	0.0178	57.5456	
demographic.popSize198	109.5175	163.7076	57.2353	7.2968E-3	377.0745	889.489	0.0156	57.2353	
demographic.popSize199	105.8798	151.8803	55.9701	3.5846E-3	369.6063	926.6442	3.0409E-3	55.9701	
demographic.popSize200	105.2706	161.77	53.7925	0.0105	364.9922	876.3632	0.0105	53.7925	
demographic.indicators1	1.0333E-3	0.0321	0	0	0	44364.2209	0	0	
demographic.indicators2	4.7333E-4	0.0218	0	0	0	25040.9649	0	0	
demographic.indicators3	1.36E-3	0.0369	0	0	0	1960.7591	0	0	
demographic.indicators4	3.88E-4	0.0197	0	0	0	37312.225	0	0	
demographic.indicators5	6.0267E-4	0.0245	0	0	0	29513.8499	0	0	
demographic.indicators6	2.1E-3	0.0458	0	0	0	731.2307	0	0	
demographic.indicators7	3.8133E-4	0.0195	0	0	0	46053.8011	0	0	
demographic.indicators8	3.5333E-4	0.0188	0	0	0	47094.887	0	0	
demographic.indicators9	2.4533E-4	0.0157	0	0	0	53198.0279	0	0	
demographic.indicators10	7.5067E-4	0.0274	0	0	0	5826.6545	0	0	
demographic.indicators11	3.16E-4	0.0178	0	0	0	33140.6578	0	0	
demographic.indicators12	4.5333E-4	0.0213	0	0	0	12986.1992	0	0	
demographic.indicators13	3.5467E-4	0.0188	0	0	0	41588.7075	0	0	
demographic.indicators14	2.7867E-4	0.0167	0	0	0	16500.6556	0	0	
demographic.indicators15	5.3027E-3	0.0726	0	0	0	622.264	0	0	
demographic.indicators16	5.2027E-3	0.0719	0	0	0	271.2351	0	0	
demographic.indicators17	8.952E-3	0.0942	0	0	0	222.2132	0	0	
demographic.indicators18	6.1293E-3	0.078	0	0	0	255.2107	0	0	
demographic.indicators19	2.1667E-3	0.0465	0	0	0	932.4962	0	0	
demographic.indicators20	0.0179	0.1328	0	0	0	247.1498	0	0	
demographic.indicators21	0.1238	0.3294	0	0	1	190.0519	0	0	
demographic.indicators22	0.0446	0.2063	0	0	0	209.3546	0	0	
demographic.indicators23	0.1152	0.3193	0	0	1	194.6042	0	0	
demographic.indicators24	0.2928	0.455	0	0	1	190.0503	0	0	
demographic.indicators25	0.0979	0.2972	0	0	1	206.0793	0	0	
demographic.indicators26	0.0751	0.2635	0	0	1	224.8668	0	0	
demographic.indicators27	0.234	0.4234	0	0	1	202.5304	0	0	
demographic.indicators28	0.0671	0.2501	0	0	1	326.3652	0	0	
demographic.indicators29	0.0877	0.2828	0	0	1	294.9713	0	0	
demographic.indicators30	0.0764	0.2656	0	0	1	351.4637	0	0	
demographic.indicators31	0.0649	0.2464	0	0	1	496.8646	0	0	
demographic.indicators32	0.0648	0.2461	0	0	1	366.7136	0	0	
demographic.indicators33	0.0527	0.2233	0	0	1	407.4977	0	0	
demographic.indicators34	0.0415	0.1994	0	0	0	437.1169	0	0	
demographic.indicators35	0.03	0.1707	0	0	0	495.6983	0	0	
demographic.indicators36	0.0287	0.1671	0	0	0	435.9479	0	0	
demographic.indicators37	0.0239	0.1528	0	0	0	516.8931	0	0	
demographic.indicators38	0.0223	0.1477	0	0	0	751.8727	0	0	
demographic.indicators39	0.0286	0.1667	0	0	0	548.6659	0	0	
demographic.indicators40	0.0281	0.1653	0	0	0	462.4739	0	0	
demographic.indicators41	0.0151	0.1218	0	0	0	619.0084	0	0	
demographic.indicators42	0.0176	0.1316	0	0	0	863.8879	0	0	
demographic.indicators43	0.0127	0.1121	0	0	0	1225.4039	0	0	
demographic.indicators44	0.014	0.1177	0	0	0	1088.7859	0	0	
demographic.indicators45	0.0125	0.1109	0	0	0	676.6583	0	0	
demographic.indicators46	0.0146	0.1201	0	0	0	623.8568	0	0	
demographic.indicators47	0.0241	0.1534	0	0	0	451.2356	0	0	
demographic.indicators48	0.015	0.1215	0	0	0	615.5801	0	0	
demographic.indicators49	0.0128	0.1123	0	0	0	764.6341	0	0	
demographic.indicators50	5.9867E-3	0.0771	0	0	0	1482.8653	0	0	
demographic.indicators51	0.0121	0.1094	0	0	0	591.7724	0	0	
demographic.indicators52	8.4827E-3	0.0917	0	0	0	749.2229	0	0	
demographic.indicators53	4.932E-3	0.0701	0	0	0	1427.1683	0	0	
demographic.indicators54	8.4253E-3	0.0914	0	0	0	962.8559	0	0	
demographic.indicators55	0.0103	0.1011	0	0	0	454.0688	0	0	
demographic.indicators56	3.516E-3	0.0592	0	0	0	1291.7594	0	0	
demographic.indicators57	8.1667E-3	0.09	0	0	0	1740.3987	0	0	
demographic.indicators58	8.7107E-3	0.0929	0	0	0	656.3534	0	0	
demographic.indicators59	9.8133E-3	0.0986	0	0	0	707.5938	0	0	
demographic.indicators60	0.0116	0.1071	0	0	0	461.9882	0	0	
demographic.indicators61	0.011	0.1043	0	0	0	904.1118	0	0	
demographic.indicators62	5.052E-3	0.0709	0	0	0	2592.208	0	0	
demographic.indicators63	3.6493E-3	0.0603	0	0	0	2348.521	0	0	
demographic.indicators64	0.0142	0.1184	0	0	0	410.2601	0	0	
demographic.indicators65	8.3933E-3	0.0912	0	0	0	451.4177	0	0	
demographic.indicators66	3.712E-3	0.0608	0	0	0	1199.8041	0	0	
demographic.indicators67	6.1853E-3	0.0784	0	0	0	1011.5956	0	0	
demographic.indicators68	0.0101	0.1001	0	0	0	671.4367	0	0	
demographic.indicators69	4.4467E-3	0.0665	0	0	0	1265.7705	0	0	
demographic.indicators70	1.856E-3	0.043	0	0	0	2920.4758	0	0	
demographic.indicators71	4.496E-3	0.0669	0	0	0	1225.1993	0	0	
demographic.indicators72	4.5907E-3	0.0676	0	0	0	1467.7363	0	0	
demographic.indicators73	5.5773E-3	0.0745	0	0	0	1102.9876	0	0	
demographic.indicators74	3.1707E-3	0.0562	0	0	0	3022.1169	0	0	
demographic.indicators75	5.5867E-3	0.0745	0	0	0	1538.8929	0	0	
demographic.indicators76	5.5427E-3	0.0742	0	0	0	1152.153	0	0	
demographic.indicators77	6.2173E-3	0.0786	0	0	0	1090.4495	0	0	
demographic.indicators78	5.136E-3	0.0715	0	0	0	1193.1415	0	0	
demographic.indicators79	5.7987E-3	0.0759	0	0	0	1192.167	0	0	
demographic.indicators80	5.5587E-3	0.0743	0	0	0	887.4158	0	0	
demographic.indicators81	6.0827E-3	0.0778	0	0	0	1148.7067	0	0	
demographic.indicators82	5.292E-3	0.0726	0	0	0	745.5946	0	0	
demographic.indicators83	7.492E-3	0.0862	0	0	0	873.0643	0	0	
demographic.indicators84	5.628E-3	0.0748	0	0	0	1003.0058	0	0	
demographic.indicators85	1.504E-3	0.0388	0	0	0	7123.472	0	0	
demographic.indicators86	3.8413E-3	0.0619	0	0	0	2044.2854	0	0	
demographic.indicators87	1.044E-3	0.0323	0	0	0	8509.8054	0	0	
demographic.indicators88	6.4147E-3	0.0798	0	0	0	460.8369	0	0	
demographic.indicators89	5.856E-3	0.0763	0	0	0	1038.6652	0	0	
demographic.indicators90	4.6027E-3	0.0677	0	0	0	1628.0033	0	0	
demographic.indicators91	2.7693E-3	0.0526	0	0	0	2828.9276	0	0	
demographic.indicators92	2.9027E-3	0.0538	0	0	0	2111.543	0	0	
demographic.indicators93	6.1573E-3	0.0782	0	0	0	965.2693	0	0	
demographic.indicators94	2.244E-3	0.0473	0	0	0	3797.882	0	0	
demographic.indicators95	9.04E-4	0.0301	0	0	0	16746.6042	0	0	
demographic.indicators96	6.7227E-3	0.0817	0	0	0	517.3708	0	0	
demographic.indicators97	7.016E-3	0.0835	0	0	0	1075.867	0	0	
demographic.indicators98	3.1747E-3	0.0563	0	0	0	2289.0728	0	0	
demographic.indicators99	1.524E-3	0.039	0	0	0	6733.1888	0	0	
demographic.indicators100	2.008E-3	0.0448	0	0	0	3766.6006	0	0	
demographic.indicators101	2.0733E-3	0.0455	0	0	0	2585.6295	0	0	
demographic.indicators102	2.3307E-3	0.0482	0	0	0	2092.2906	0	0	
demographic.indicators103	2.46E-3	0.0495	0	0	0	2434.4588	0	0	
demographic.indicators104	3.3213E-3	0.0575	0	0	0	924.3897	0	0	
demographic.indicators105	3.2667E-3	0.0571	0	0	0	1137.7516	0	0	
demographic.indicators106	1.0147E-3	0.0318	0	0	0	9008.0742	0	0	
demographic.indicators107	6.3787E-3	0.0796	0	0	0	1351.834	0	0	
demographic.indicators108	1.4547E-3	0.0381	0	0	0	9697.6937	0	0	
demographic.indicators109	2.3147E-3	0.0481	0	0	0	3019.0297	0	0	
demographic.indicators110	1.5427E-3	0.0392	0	0	0	6586.2398	0	0	
demographic.indicators111	3.772E-3	0.0613	0	0	0	1585.3505	0	0	
demographic.indicators112	1.7013E-3	0.0412	0	0	0	5442.7748	0	0	
demographic.indicators113	8.5307E-3	0.092	0	0	0	528.5483	0	0	
demographic.indicators114	1.6827E-3	0.041	0	0	0	6699.1865	0	0	
demographic.indicators115	3.7733E-3	0.0613	0	0	0	1670.2547	0	0	
demographic.indicators116	3.3787E-3	0.058	0	0	0	2849.633	0	0	
demographic.indicators117	3.8333E-3	0.0618	0	0	0	457.7117	0	0	
demographic.indicators118	1.5813E-3	0.0397	0	0	0	6824.5042	0	0	
demographic.indicators119	2.8253E-3	0.0531	0	0	0	3982.376	0	0	
demographic.indicators120	4.9067E-3	0.0699	0	0	0	1044.3913	0	0	
demographic.indicators121	2.6667E-3	0.0516	0	0	0	3883.2767	0	0	
demographic.indicators122	3.1933E-3	0.0564	0	0	0	2462.3793	0	0	
demographic.indicators123	9.4933E-4	0.0308	0	0	0	22518.7091	0	0	
demographic.indicators124	2.7467E-3	0.0523	0	0	0	1767.1254	0	0	
demographic.indicators125	3.4587E-3	0.0587	0	0	0	2746.1139	0	0	
demographic.indicators126	2.376E-3	0.0487	0	0	0	2122.6363	0	0	
demographic.indicators127	4.7547E-3	0.0688	0	0	0	1242.8133	0	0	
demographic.indicators128	4.2067E-3	0.0647	0	0	0	999.6726	0	0	
demographic.indicators129	3.4427E-3	0.0586	0	0	0	1239.1946	0	0	
demographic.indicators130	1.2267E-3	0.035	0	0	0	8475.9207	0	0	
demographic.indicators131	1.5427E-3	0.0392	0	0	0	10560.2623	0	0	
demographic.indicators132	1.5067E-3	0.0388	0	0	0	5746.8155	0	0	
demographic.indicators133	2.2133E-3	0.047	0	0	0	2198.9292	0	0	
demographic.indicators134	1.2307E-3	0.0351	0	0	0	9523.129	0	0	
demographic.indicators135	4.0067E-3	0.0632	0	0	0	934.2982	0	0	
demographic.indicators136	1.576E-3	0.0397	0	0	0	6143.5171	0	0	
demographic.indicators137	1.7333E-3	0.0416	0	0	0	5807.7749	0	0	
demographic.indicators138	4.0133E-3	0.0632	0	0	0	1014.503	0	0	
demographic.indicators139	2.9587E-3	0.0543	0	0	0	2191.9493	0	0	
demographic.indicators140	4.4333E-3	0.0664	0	0	0	1945.7571	0	0	
demographic.indicators141	2.9067E-3	0.0538	0	0	0	3079.9535	0	0	
demographic.indicators142	3.1893E-3	0.0564	0	0	0	1281.0092	0	0	
demographic.indicators143	3.1733E-3	0.0562	0	0	0	678.8853	0	0	
demographic.indicators144	3.6813E-3	0.0606	0	0	0	1800.1567	0	0	
demographic.indicators145	2.5693E-3	0.0506	0	0	0	2905.9147	0	0	
demographic.indicators146	3.2627E-3	0.057	0	0	0	1231.7782	0	0	
demographic.indicators147	4.508E-3	0.067	0	0	0	2413.8284	0	0	
demographic.indicators148	3.2773E-3	0.0572	0	0	0	3795.2475	0	0	
demographic.indicators149	1.216E-3	0.0348	0	0	0	11039.0699	0	0	
demographic.indicators150	1.356E-3	0.0368	0	0	0	12782.3117	0	0	
demographic.indicators151	1.8933E-3	0.0435	0	0	0	3600.6197	0	0	
demographic.indicators152	1.7667E-3	0.042	0	0	0	13400.9279	0	0	
demographic.indicators153	2.6987E-3	0.0519	0	0	0	4469.1526	0	0	
demographic.indicators154	2.668E-3	0.0516	0	0	0	3893.0335	0	0	
demographic.indicators155	3.6053E-3	0.0599	0	0	0	6143.0489	0	0	
demographic.indicators156	2.9027E-3	0.0538	0	0	0	4816.5359	0	0	
demographic.indicators157	2.7933E-3	0.0528	0	0	0	3445.0696	0	0	
demographic.indicators158	3.5293E-3	0.0593	0	0	0	2554.4331	0	0	
demographic.indicators159	3.9973E-3	0.0631	0	0	0	2383.6768	0	0	
demographic.indicators160	3.0347E-3	0.055	0	0	0	4525.2131	0	0	
demographic.indicators161	1.492E-3	0.0386	0	0	0	17344.99	0	0	
demographic.indicators162	3.012E-3	0.0548	0	0	0	4118.0676	0	0	
demographic.indicators163	3.0973E-3	0.0556	0	0	0	4614.5236	0	0	
demographic.indicators164	5.3987E-3	0.0733	0	0	0	1091.6121	0	0	
demographic.indicators165	2.0827E-3	0.0456	0	0	0	12146.8056	0	0	
demographic.indicators166	3.056E-3	0.0552	0	0	0	3842.6825	0	0	
demographic.indicators167	3.4333E-3	0.0585	0	0	0	2428.6402	0	0	
demographic.indicators168	2.228E-3	0.0471	0	0	0	6377.2567	0	0	
demographic.indicators169	3.4547E-3	0.0587	0	0	0	4546.2202	0	0	
demographic.indicators170	2.2147E-3	0.047	0	0	0	10516.7893	0	0	
demographic.indicators171	2.6987E-3	0.0519	0	0	0	3687.7246	0	0	
demographic.indicators172	3.1107E-3	0.0557	0	0	0	2402.212	0	0	
demographic.indicators173	3.316E-3	0.0575	0	0	0	2871.4188	0	0	
demographic.indicators174	3.3693E-3	0.0579	0	0	0	3479.4168	0	0	
demographic.indicators175	2.5227E-3	0.0502	0	0	0	7838.5652	0	0	
demographic.indicators176	2.488E-3	0.0498	0	0	0	11536.8341	0	0	
demographic.indicators177	3.7053E-3	0.0608	0	0	0	3208.969	0	0	
demographic.indicators178	2.584E-3	0.0508	0	0	0	13651.982	0	0	
demographic.indicators179	2.4093E-3	0.049	0	0	0	6442.2146	0	0	
demographic.indicators180	2.8267E-3	0.0531	0	0	0	2934.7368	0	0	
demographic.indicators181	4.1387E-3	0.0642	0	0	0	1820.3608	0	0	
demographic.indicators182	3.1173E-3	0.0557	0	0	0	7493.0178	0	0	
demographic.indicators183	5.536E-3	0.0742	0	0	0	2943.4325	0	0	
demographic.indicators184	2.552E-3	0.0505	0	0	0	17627.802	0	0	
demographic.indicators185	3.0627E-3	0.0553	0	0	0	10693.7252	0	0	
demographic.indicators186	5.8733E-3	0.0764	0	0	0	2154.9059	0	0	
demographic.indicators187	7.332E-3	0.0853	0	0	0	1295.3698	0	0	
demographic.indicators188	4.8773E-3	0.0697	0	0	0	5384.1995	0	0	
demographic.indicators189	4.1427E-3	0.0642	0	0	0	5660.5539	0	0	
demographic.indicators190	5.904E-3	0.0766	0	0	0	3426.9826	0	0	
demographic.indicators191	5.7307E-3	0.0755	0	0	0	5672.097	0	0	
demographic.indicators192	5.54E-3	0.0742	0	0	0	7712.7425	0	0	
demographic.indicators193	6.2693E-3	0.0789	0	0	0	11193.9484	0	0	
demographic.indicators194	8.832E-3	0.0936	0	0	0	8352.5556	0	0	
demographic.indicators195	0.0141	0.118	0	0	0	1819.7846	0	0	
demographic.indicators196	0.0132	0.1143	0	0	0	3693.3841	0	0	
demographic.indicators197	0.0195	0.1384	0	0	0	2950.9518	0	0	
demographic.indicators198	0.0374	0.1898	0	0	0	1101.6851	0	0	
demographic.indicators199	0.0557	0.2293	0	0	1	1221.2517	0	0	
kappa	2.5518	0.1622	2.5473	2.2394	2.8748	25877.0979	2.4394	2.6571	
frequencies1	0.2858	9.9851E-3	0.2858	0.2668	0.3057	12305.6169	0.2792	0.2926	
frequencies2	0.1989	8.5046E-3	0.1988	0.1824	0.2155	9566.4932	0.1925	0.2041	
frequencies3	0.2009	8.6253E-3	0.2008	0.1843	0.2179	12127.8202	0.195	0.2067	
frequencies4	0.3143	0.0105	0.3144	0.2934	0.3343	11991.8325	0.3071	0.3213	
alpha	0.5392	0.0429	0.5372	0.456	0.6233	33532.6298	0.5048	0.5617	
default.ucld.mean	1.0705E-3	2.7049E-4	1.0303E-3	5.912E-4	1.632E-3	255.0552	8.2766E-4	1.149E-3	
default.ucld.stdev	3.7655E-3	1.8994E-3	3.3039E-3	1.1469E-3	7.4995E-3	330.6437	1.9263E-3	3.7119E-3	
host_groups.ucld.mean	7.7167E-3	1.9423E-3	7.5592E-3	4.1362E-3	0.0116	469.2175	6.0361E-3	8.5903E-3	
host_groups.ucld.stdev	0.0107	0.0102	8.0617E-3	1.8495E-7	0.0297	587.0481	6.5616E-8	8.0617E-3	
default.meanRate	8.2966E-4	1.4635E-4	8.3242E-4	5.4894E-4	1.1161E-3	236.9152	7.3341E-4	9.381E-4	
default.coefficientOfVariation	2.2666	0.4325	2.1944	1.537	3.1661	339.5225	1.8341	2.3474	
default.covariance	0.0184	0.0552	7.6236E-3	-0.0693	0.1256	1037.9195	-0.0325	0.0239	
host_groups.meanRate	8.1592E-3	2.453E-3	7.8515E-3	3.9201E-3	0.0129	542.3062	5.9644E-3	8.8739E-3	
host_groups.coefficientOfVariation	1.1975	0.8311	1.0684	3.4652E-6	2.7704	502.0863	1.5806E-3	1.0699	
host_groups.covariance	-0.001	0.0493	-0.006	-0.0908	0.1005	11919.3692	-0.0431	0.0176	
host_groups.rates.Amaranthaceae.Brassicaceae	0.8371	0.7728	0.6304	3.8359E-7	2.2941	8214.1752	0.0419	0.6642	
host_groups.rates.Amaranthaceae.Fabaceae	1.9131	0.9644	1.758	0.3238	3.855	4282.7729	0.9593	2.1069	
host_groups.rates.Amaranthaceae.Poaceae	1.2408	0.7416	1.0968	0.0969	2.7218	4100.992	0.4756	1.3065	
host_groups.rates.Amaranthaceae.Solanaceae	0.8701	0.9102	0.5819	1.9124E-5	2.6878	10083.6682	2.0838E-5	0.582	
host_groups.rates.Brassicaceae.Fabaceae	0.8607	0.8744	0.5988	8.8062E-6	2.589	10393.9424	8.8062E-6	0.5988	
host_groups.rates.Brassicaceae.Poaceae	1.1181	0.7198	0.9615	0.0696	2.5256	6192.0537	0.3531	1.1181	
host_groups.rates.Brassicaceae.Solanaceae	1.2861	0.8606	1.1232	2.2115E-4	2.9171	3659.5944	0.3979	1.3762	
host_groups.rates.Fabaceae.Poaceae	1.2493	0.7671	1.1034	0.0395	2.7302	3063.6652	0.4805	1.3363	
host_groups.rates.Fabaceae.Solanaceae	0.8356	0.8297	0.5928	1.2991E-4	2.4634	9489.1004	2.6379E-3	0.5947	
host_groups.rates.Poaceae.Solanaceae	0.9463	0.7997	0.7516	2.8944E-4	2.4622	7860.7024	0.0188	0.769	
host_groups.rates.Brassicaceae.Amaranthaceae	0.8305	0.913	0.5273	8.7819E-7	2.673	7698.7504	8.7819E-7	0.5273	
host_groups.rates.Fabaceae.Amaranthaceae	0.8302	0.8708	0.5633	7.6759E-5	2.5588	8192.7774	3.573E-4	0.5635	
host_groups.rates.Poaceae.Amaranthaceae	0.8438	0.9143	0.5415	3.9429E-5	2.6784	8311.5497	2.8736E-4	0.5416	
host_groups.rates.Solanaceae.Amaranthaceae	0.7747	0.8681	0.482	7.8119E-5	2.528	7987.7283	7.8119E-5	0.482	
host_groups.rates.Fabaceae.Brassicaceae	0.9856	0.756	0.8229	5.1688E-4	2.3958	5490.6421	0.2204	0.9986	
host_groups.rates.Poaceae.Brassicaceae	0.9176	0.7769	0.7182	1.7274E-4	2.4138	3756.6574	0.0806	0.7826	
host_groups.rates.Solanaceae.Brassicaceae	0.9105	0.8784	0.6631	2.6188E-6	2.6191	7206.7047	2.9441E-6	0.6631	
host_groups.rates.Poaceae.Fabaceae	1.0286	0.9067	0.7945	8.7223E-5	2.7915	4353.0934	9.697E-5	0.7946	
host_groups.rates.Solanaceae.Fabaceae	0.8334	0.7964	0.6094	1.6143E-5	2.3675	7914.7825	5.7591E-3	0.615	
host_groups.rates.Solanaceae.Poaceae	0.8506	0.9074	0.5579	1.3467E-4	2.6701	9288.9265	3.0247E-4	0.558	
host_groups.indicators.Amaranthaceae.Brassicaceae	0.5948	0.4909	1	0	1	1213.0383	1	1	
host_groups.indicators.Amaranthaceae.Fabaceae	0.9961	0.0627	1	1	1	4367.1487	1	1	
host_groups.indicators.Amaranthaceae.Poaceae	0.9639	0.1864	1	1	1	1498.566	1	1	
host_groups.indicators.Amaranthaceae.Solanaceae	0.2578	0.4374	0	0	1	2161.586	0	0	
host_groups.indicators.Brassicaceae.Fabaceae	0.3885	0.4874	0	0	1	2957.9924	0	0	
host_groups.indicators.Brassicaceae.Poaceae	0.9924	0.0868	1	1	1	11679.7786	1	1	
host_groups.indicators.Brassicaceae.Solanaceae	0.897	0.304	1	0	1	648.0025	1	1	
host_groups.indicators.Fabaceae.Poaceae	0.9544	0.2086	1	1	1	2197.4153	1	1	
host_groups.indicators.Fabaceae.Solanaceae	0.4376	0.4961	0	0	1	1691.2523	0	0	
host_groups.indicators.Poaceae.Solanaceae	0.664	0.4723	1	0	1	1116.0142	1	1	
host_groups.indicators.Brassicaceae.Amaranthaceae	0.2694	0.4436	0	0	1	9284.9444	0	0	
host_groups.indicators.Fabaceae.Amaranthaceae	0.3928	0.4884	0	0	1	2314.8048	0	0	
host_groups.indicators.Poaceae.Amaranthaceae	0.3091	0.4621	0	0	1	7604.3894	0	0	
host_groups.indicators.Solanaceae.Amaranthaceae	0.386	0.4868	0	0	1	5526.0162	0	0	
host_groups.indicators.Fabaceae.Brassicaceae	0.7485	0.4339	1	0	1	510.9107	1	1	
host_groups.indicators.Poaceae.Brassicaceae	0.7299	0.444	1	0	1	1498.019	1	1	
host_groups.indicators.Solanaceae.Brassicaceae	0.4307	0.4952	0	0	1	1629.9383	0	0	
host_groups.indicators.Poaceae.Fabaceae	0.54	0.4984	1	0	1	1198.3136	1	1	
host_groups.indicators.Solanaceae.Fabaceae	0.5576	0.4967	1	0	1	2273.4242	1	1	
host_groups.indicators.Solanaceae.Poaceae	0.2745	0.4463	0	0	1	3392.3123	0	0	
host_groups.nonZeroRates	11.7849	1.6585	12	9	15	2602.4162	10	12	
default.treeLikelihood	-7945.5986	13.0227	-7945.2819	-7971.6164	-7920.427	1292.8381	-7953.6893	-7936.3597	
default.branchRates	-2382.6079	0	0	0	0	NaN	0	0	
host_groups.branchRates	-2382.6079	0	0	0	0	NaN	0	0	
c_host_groups.count[1]	42.7057	4.8064	42	34	51	1500.3582	38	43	
c_allTransitions[1]	42.7043	4.7988	42	34	51	1494.331	38	43	
coalescent	-1203.7493	39.0017	-1202.6909	-1274.0537	-1127.7262	219.2951	-1230.6901	-1178.1049	

