burnIn   <= 25000000,   maxState  = 100000000
statistic	mean	stdErr	median	hpdLower	hpdUpper	ESS	50hpdLower	50hpdUpper
joint	-14256.8337	134.0962	-14256.1944	-14515.8152	-13995.9958	246.026	-14345.27	-14159.4528	
prior	-6997.5406	133.1814	-6996.2884	-7252.3169	-6737.4823	244.9206	-7083.4258	-6898.4415	
likelihood	-7259.2931	18.0564	-7259.5042	-7294.4137	-7223.5593	695.1283	-7271.8985	-7247.5597	
treeModel.rootHeight	150.5216	51.4949	142.5075	67.3055	249.2048	270.7752	100.8994	161.9848	
age(root)	1872.4784	51.4949	1880.4925	1773.7952	1955.6945	270.7752	1861.0152	1922.1006	
treeLength	1994.776	365.3682	1979.0849	1315.0487	2667.2402	217.2444	1701.052	2223.726	
tmrca(ingroup)	150.5216	51.4949	142.5075	67.3055	249.2048	270.7752	100.8994	161.9848	
age(ingroup)	1872.4784	51.4949	1880.4925	1773.7952	1955.6945	270.7752	1861.0152	1922.1006	
demographic.populationSizeChanges	2.8067	0.7622	3	2	4	485.0637	2	3	
demographic.populationMean	82.2335	59.6273	66.3879	11.8129	194.2175	262.5502	28.9024	73.9263	
demographic.popSize1	61.5465	89.5224	30.3177	0.7366	258.1131	237.6941	1.9707	30.3887	
demographic.popSize2	82.2776	115.5316	44.8687	2.1554E-3	282.1722	1002.7983	2.1554E-3	44.8687	
demographic.popSize3	83.4214	128.3513	44.6685	1.8505E-3	285.1739	888.9935	1.8505E-3	44.6685	
demographic.popSize4	83.3815	123.3904	45.0262	4.7558E-3	292.0787	847.6583	8.3842E-3	45.0262	
demographic.popSize5	79.973	111.9282	44.2338	3.4647E-3	279.3197	921.3075	3.0032E-3	44.2338	
demographic.popSize6	81.2452	116.2768	43.2316	1.889E-3	288.9104	955.9693	1.889E-3	43.2316	
demographic.popSize7	79.7148	125.3907	42.598	1.8541E-3	276.0063	883.8766	0.0377	42.6146	
demographic.popSize8	77.2379	114.8223	40.9249	0.0126	272.357	834.5625	0.0432	40.9456	
demographic.popSize9	80.4952	120.7454	43.509	2.9758E-4	280.488	919.466	4.9405E-3	43.5106	
demographic.popSize10	79.9448	115.4099	43.9487	0.0101	275.661	951.6259	2.3976E-3	43.9487	
demographic.popSize11	81.0842	114.3764	44.1755	3.3096E-3	278.9067	977.4674	3.3096E-3	44.1755	
demographic.popSize12	82.4331	117.7006	43.6887	1.0028E-4	281.0209	930.3998	0.0226	43.7078	
demographic.popSize13	81.1596	117.8152	42.8736	6.7625E-3	285.1778	843.156	6.7625E-3	42.8736	
demographic.popSize14	77.747	110.9339	41.3478	0.0264	279.4008	914.4766	0.2403	41.5629	
demographic.popSize15	80.1198	118.7695	42.5142	0.0183	275.8611	948.1102	0.0183	42.5142	
demographic.popSize16	78.1972	111.8513	41.0435	0.0154	277.3323	808.8573	0.0737	41.0809	
demographic.popSize17	81.7343	122.5183	43.6941	8.5402E-4	286.4158	932.5614	8.5402E-4	43.6941	
demographic.popSize18	66.612	98.3698	34.4836	4.2254E-5	238.0073	884.9625	4.2254E-5	34.4836	
demographic.popSize19	81.1505	119.4052	43.6374	4.7224E-3	274.8337	889.248	0.0368	43.6374	
demographic.popSize20	79.374	114.3151	42.276	4.7672E-3	276.4225	909.3203	6.2189E-3	42.2769	
demographic.popSize21	76.6556	107.9639	40.8677	1.8286E-3	266.2052	911.1754	1.8286E-3	40.8677	
demographic.popSize22	76.6589	111.4475	39.7508	1.2189E-3	272.3044	863.7113	0.0351	39.7646	
demographic.popSize23	76.0868	114.3869	39.2283	5.5311E-3	279.0928	804.5152	0.0583	39.2721	
demographic.popSize24	80.5005	126.444	42.1751	4.3922E-3	282.2987	968.8848	4.3922E-3	42.1751	
demographic.popSize25	80.0672	115.8323	42.0503	7.8237E-3	282.103	899.9576	2.3597E-4	42.0503	
demographic.popSize26	77.9595	114.2023	41.7692	3.2553E-3	272.7331	893.5563	3.2553E-3	41.7692	
demographic.popSize27	79.8842	112.9124	42.7192	6.6072E-3	278.4873	889.2524	9.3214E-3	42.7192	
demographic.popSize28	81.5445	114.7266	45.3365	9.64E-3	279.3779	979.1303	0.0111	45.3365	
demographic.popSize29	82.9559	122.6532	44.3464	4.1647E-3	291.3312	922.0878	5.4224E-3	44.3464	
demographic.popSize30	81.287	112.7902	44.6141	4.4671E-4	281.1754	1005.2105	0.0145	44.6217	
demographic.popSize31	81.2847	117.7464	43.7991	3.8738E-3	272.4621	917.6643	7.2636E-3	43.7991	
demographic.popSize32	82.268	120.0628	44.8177	1.681E-3	283.3918	919.0423	0.0123	44.8223	
demographic.popSize33	82.0118	122.1499	44.7814	2.0383E-3	277.7205	960.5049	2.0383E-3	44.7814	
demographic.popSize34	84.0541	117.0138	46.5592	4.1797E-4	285.5587	941.6574	0.0179	46.5597	
demographic.popSize35	83.7542	120.8221	45.735	1.211E-3	289.0605	925.3854	0.0301	45.7374	
demographic.popSize36	81.8547	115.3417	44.6382	4.8138E-3	282.9416	915.3807	0.0445	44.6652	
demographic.popSize37	82.1894	116.0897	45.1682	6.041E-3	283.2742	864.0058	0.0169	45.1715	
demographic.popSize38	82.7708	118.2958	44.7979	3.9767E-4	285.7367	922.7437	3.9767E-4	44.7979	
demographic.popSize39	82.8439	118.7968	44.6321	1.8478E-3	286.1818	882.6515	1.8478E-3	44.6335	
demographic.popSize40	82.8687	116.0489	45.4829	3.41E-3	290.2942	911.4121	3.41E-3	45.4829	
demographic.popSize41	80.2124	113.46	43.3412	9.2531E-3	274.9545	939.2447	0.015	43.3504	
demographic.popSize42	83.4323	128.2085	44.7216	0.015	285.9745	997.3321	0.0343	44.7377	
demographic.popSize43	83.0228	124.8935	44.4171	6.9788E-3	283.2782	848.014	0.0138	44.4203	
demographic.popSize44	80.7608	113.9437	43.9448	3.573E-3	273.5641	948.519	9.978E-4	43.9448	
demographic.popSize45	82.361	120.8562	43.8309	1.517E-3	283.8935	890.6182	0.0331	43.8551	
demographic.popSize46	80.6835	111.2929	45.0108	0.0213	278.6462	908.6591	0.0326	45.0123	
demographic.popSize47	82.2289	121.9297	44.0167	3.7911E-4	275.5672	946.695	3.7911E-4	44.0167	
demographic.popSize48	83.1332	123.7105	44.7252	1.9127E-3	284.3735	931.8339	0.0335	44.7298	
demographic.popSize49	82.0724	111.2765	45.7533	1.753E-3	282.1148	1051.5192	1.753E-3	45.7533	
demographic.popSize50	81.7036	111.6888	45.3514	3.5775E-3	281.3724	986.969	3.5775E-3	45.3514	
demographic.popSize51	81.3278	112.9822	44.9746	1.6148E-3	283.4027	981.4056	2.9935E-3	44.9746	
demographic.popSize52	80.6049	117.3824	43.951	0.0112	276.318	1011.2941	0.0127	43.9577	
demographic.popSize53	81.3432	117.0616	44.5891	1.4586E-3	277.5601	914.3241	8.0198E-3	44.5944	
demographic.popSize54	80.4879	115.4046	44.0834	6.6015E-3	273.6291	946.3472	1.2508E-4	44.0834	
demographic.popSize55	83.3803	127.2127	45.5737	0.0117	278.4163	831.086	0.0117	45.5737	
demographic.popSize56	81.7827	114.5716	45.1644	0.0122	280.8125	967.3878	0.1071	45.2637	
demographic.popSize57	80.9577	114.6514	44.7419	4.5564E-3	276.037	1003.5578	4.5564E-3	44.7419	
demographic.popSize58	81.225	110.0792	46.3976	2.0591E-3	274.4939	1065.9969	2.7982E-3	46.3979	
demographic.popSize59	80.6158	112.2851	44.949	8.7776E-3	274.657	1015.496	0.0135	44.9511	
demographic.popSize60	81.1491	113.8641	45.3621	9.3316E-3	275.1625	973.6218	0.0372	45.3855	
demographic.popSize61	82.7577	116.3379	45.6304	0.0109	280.5554	831.6704	0.0109	45.6304	
demographic.popSize62	82.4186	115.1229	45.5673	0.0109	286.8079	953.3729	0.0169	45.5786	
demographic.popSize63	81.7924	111.2874	45.8024	9.2759E-3	280.1535	972.9565	0.0299	45.8104	
demographic.popSize64	81.4851	112.0444	45.6731	0.0116	278.8114	942.836	0.0716	45.7119	
demographic.popSize65	80.9203	117.0568	44.6932	3.7498E-3	273.7874	957.3911	3.7498E-3	44.6932	
demographic.popSize66	80.4066	116.1997	44.0249	1.1198E-3	280.0991	959.4777	0.0305	44.045	
demographic.popSize67	81.04	117.191	44.6271	0.0145	275.0852	921.327	0.0165	44.6271	
demographic.popSize68	81.8301	118.3367	46.4852	3.9611E-3	273.0312	997.0017	3.9611E-3	46.4852	
demographic.popSize69	81.5692	119.0639	45.5395	2.1907E-3	281.582	919.8148	0.0522	45.5789	
demographic.popSize70	83.662	114.8725	46.1345	2.8704E-4	290.7195	925.751	2.8704E-4	46.1345	
demographic.popSize71	83.1871	116.4658	46.1037	0.0114	282.4523	979.5932	0.0117	46.1037	
demographic.popSize72	83.9071	119.9484	47.123	1.5667E-3	282.6744	857.2656	1.5667E-3	47.123	
demographic.popSize73	83.0042	114.7461	46.4514	4.4777E-3	280.591	922.0887	7.5998E-3	46.4526	
demographic.popSize74	81.7193	111.5123	45.9789	5.6354E-3	278.4292	923.7619	5.6354E-3	45.9789	
demographic.popSize75	81.6097	112.9772	45.2874	4.4421E-3	283.4925	862.9565	6.7137E-3	45.2874	
demographic.popSize76	82.9247	115.2773	45.8882	8.7756E-6	284.26	898.4962	6.3451E-3	45.8882	
demographic.popSize77	81.8921	113.4346	46.757	1.6766E-4	270.7287	1014.7028	0.0347	46.775	
demographic.popSize78	84.1815	120.7618	46.7499	6.9548E-3	292.1009	986.4998	4.5061E-3	46.7499	
demographic.popSize79	83.169	120.8835	44.8819	3.11E-3	280.6454	977.3069	3.2989E-3	44.8819	
demographic.popSize80	85.4076	117.7304	46.8745	3.3859E-3	291.7983	931.0441	7.0357E-3	46.8745	
demographic.popSize81	82.0758	113.1809	45.3017	3.707E-4	278.0347	1005.3245	0.0524	45.3219	
demographic.popSize82	83.2319	121.8739	45.9044	0.011	280.5658	975.9471	0.0293	45.9179	
demographic.popSize83	83.7346	115.6486	45.723	7.547E-3	290.6626	978.6026	0.0696	45.7508	
demographic.popSize84	82.0894	112.6799	45.3165	7.1374E-3	285.5357	867.1685	7.1374E-3	45.3165	
demographic.popSize85	82.7603	113.8174	46.6311	3.8937E-3	277.6764	1001.3116	0.025	46.6491	
demographic.popSize86	84.8487	118.4314	46.5914	4.1342E-3	295.4906	866.3381	0.0122	46.5914	
demographic.popSize87	81.688	112.5039	46.3759	2.0336E-3	273.2534	936.8102	0.0155	46.3851	
demographic.popSize88	85.3772	126.6076	46.3538	4.9432E-3	289.8088	850.7123	0.0738	46.413	
demographic.popSize89	82.6868	119.1546	46.4429	6.4416E-3	272.2722	965.8959	0.0179	46.4524	
demographic.popSize90	83.9477	115.5045	46.0757	1.3885E-3	292.0272	893.4279	1.3885E-3	46.0757	
demographic.popSize91	83.4792	124.2668	46.1988	2.3774E-3	280.5419	970.5519	2.3774E-3	46.1988	
demographic.popSize92	86.1707	128.5314	47.562	3.4979E-3	292.3329	958.9211	0.0406	47.5862	
demographic.popSize93	82.4954	116.4637	45.3985	3.2708E-3	278.9179	933.1914	0.0323	45.4004	
demographic.popSize94	81.9189	106.1144	47.5926	8.7487E-3	274.0721	963.8994	0.0162	47.5952	
demographic.popSize95	81.4908	108.8451	46.9301	1.0517E-3	273.3948	1036.4699	0.0102	46.935	
demographic.popSize96	83.2948	116.2063	46.67	9.6588E-3	280.7712	946.9967	9.6588E-3	46.67	
demographic.popSize97	84.0402	122.1719	47.0616	3.854E-3	277.3721	956.3622	3.854E-3	47.0616	
demographic.popSize98	84.4227	116.2039	46.4999	8.3654E-3	283.5105	958.4973	8.2122E-3	46.4999	
demographic.popSize99	82.3878	117.1276	46.5981	5.9434E-3	273.7153	915.2678	2.1536E-3	46.5981	
demographic.popSize100	81.9552	114.497	44.5223	8.9461E-3	279.9802	904.4569	8.9461E-3	44.5223	
demographic.popSize101	84.5692	123.7509	46.4271	4.8595E-3	280.7353	864.5228	2.8934E-4	46.4271	
demographic.popSize102	82.8832	116.014	45.7345	0.0114	280.7937	940.1303	0.0416	45.7345	
demographic.popSize103	82.4093	115.021	45.505	6.0095E-4	272.233	957.2948	6.0095E-4	45.505	
demographic.popSize104	83.1231	115.2048	44.6619	2.6563E-3	291.1325	995.0689	0.0108	44.6619	
demographic.popSize105	82.4778	113.6788	46.4404	1.5817E-3	274.1124	972.4303	1.5817E-3	46.4404	
demographic.popSize106	82.7503	125.96	45.7573	4.4557E-3	276.3863	910.2714	4.4557E-3	45.7573	
demographic.popSize107	82.9129	112.9515	46.1811	1.1789E-3	281.7583	985.3323	1.1789E-3	46.1811	
demographic.popSize108	83.1155	116.371	46.0876	3.6622E-3	285.8057	891.3369	1.6451E-3	46.0876	
demographic.popSize109	83.4379	120.2356	45.4247	1.5188E-3	292.1086	997.3748	1.5188E-3	45.4247	
demographic.popSize110	81.6331	110.8039	45.56	5.2081E-3	274.3838	893.7194	0.0105	45.5604	
demographic.popSize111	83.3274	114.7913	46.7841	1.9106E-4	281.1769	959.2736	0.0362	46.8012	
demographic.popSize112	82.7897	121.6675	46.093	2.4906E-3	280.0274	986.8928	0.0236	46.1143	
demographic.popSize113	82.4563	116.4809	45.0944	0.0144	281.9329	924.0425	0.0213	45.0944	
demographic.popSize114	83.1485	114.588	46.5207	1.4855E-3	283.3465	939.0028	0.0116	46.5226	
demographic.popSize115	85.3	119.9941	46.2095	6.4286E-3	293.1068	936.1835	2.5378E-3	46.2095	
demographic.popSize116	81.6029	117.7204	45.4308	2.3191E-3	275.2876	982.9111	2.3191E-3	45.4308	
demographic.popSize117	83.3619	118.8084	45.8844	2.1458E-3	284.8685	910.6012	1.3412E-3	45.8844	
demographic.popSize118	82.8894	123.6531	44.7227	1.709E-3	283.0864	946.8464	1.8385E-3	44.7227	
demographic.popSize119	84.691	126.1911	46.6323	6.8786E-4	283.8465	993.6667	6.8786E-4	46.6323	
demographic.popSize120	83.3721	115.6692	47.0788	1.8615E-4	280.9165	973.0815	1.8615E-4	47.0788	
demographic.popSize121	81.5819	111.8803	46.0284	9.269E-3	271.7396	950.8221	9.269E-3	46.0284	
demographic.popSize122	81.6616	113.1852	45.6509	4.505E-3	278.7217	1000.0853	1.2593E-3	45.6509	
demographic.popSize123	84.5442	116.4303	47.0386	7.8634E-3	283.7805	858.4117	9.4568E-3	47.039	
demographic.popSize124	82.8561	120.3447	45.1014	8.2205E-3	290.9733	976.2576	7.6683E-3	45.1014	
demographic.popSize125	83.4382	120.4708	45.4248	1.5824E-3	281.9881	985.9996	1.5824E-3	45.4248	
demographic.popSize126	82.9783	116.5973	46.0173	5.0347E-3	286.417	1078.481	3.7186E-3	46.0173	
demographic.popSize127	82.5938	120.299	44.4237	3.4109E-3	281.1482	909.8338	0.013	44.4259	
demographic.popSize128	82.5666	117.8498	45.9798	0.0103	278.9332	948.7876	0.0113	45.9798	
demographic.popSize129	83.1587	116.4381	45.5556	8.6572E-4	281.6728	1007.7579	8.6572E-4	45.5556	
demographic.popSize130	80.7189	111.3902	45.4438	2.558E-3	277.2531	982.6061	2.558E-3	45.4438	
demographic.popSize131	82.3913	117.462	45.2503	6.2971E-4	281.3816	925.5265	1.3919E-3	45.2503	
demographic.popSize132	84.0811	122.9816	46.4445	1.0761E-4	285.6893	921.5531	1.0761E-4	46.4445	
demographic.popSize133	83.1982	121.6987	45.2301	1.6081E-4	278.2008	915.2022	0.0393	45.2579	
demographic.popSize134	81.8926	114.7615	45.5837	5.4568E-3	278.694	893.3973	5.4568E-3	45.5837	
demographic.popSize135	82.399	116.3551	45.0184	0.0155	283.6444	937.3785	5.947E-3	45.0184	
demographic.popSize136	82.4974	120.2477	44.818	6.835E-3	279.3463	908.3927	0.0558	44.8469	
demographic.popSize137	80.8588	111.0279	45.6095	0.176	278.155	920.4802	1.9863E-3	45.6095	
demographic.popSize138	82.7215	113.6483	45.6984	4.2234E-3	283.0663	961.1813	0.0238	45.7171	
demographic.popSize139	81.7058	117.5266	44.2064	1.7916E-3	279.2758	990.6153	1.7916E-3	44.2064	
demographic.popSize140	81.7615	115.0588	45.5653	1.6568E-3	282.203	951.9869	1.6568E-3	45.5653	
demographic.popSize141	84.2344	124.0817	46.6112	5.2226E-4	284.2153	838.7672	5.2226E-4	46.6112	
demographic.popSize142	82.0158	115.233	44.9845	1.1999E-3	287.7643	992.2326	0.057	45.0189	
demographic.popSize143	82.3527	115.8654	46.3029	9.0114E-3	277.5335	942.6238	9.0114E-3	46.3043	
demographic.popSize144	81.5539	112.7125	44.8276	1.0086E-3	277.9046	925.8162	1.0086E-3	44.8276	
demographic.popSize145	83.6807	120.2655	44.9403	3.4748E-3	295.1368	870.943	8.5662E-4	44.9403	
demographic.popSize146	81.6139	122.1494	44.0786	2.8394E-3	274.136	891.8817	2.8394E-3	44.0786	
demographic.popSize147	81.0693	111.4908	45.0889	0.013	277.9594	950.2097	0.0145	45.0889	
demographic.popSize148	83.5478	119.9096	45.9438	7.9106E-3	289.3698	886.4015	7.9106E-3	45.9438	
demographic.popSize149	83.4778	121.5471	45.2538	1.3577E-3	286.7821	1013.2074	0.0677	45.3143	
demographic.popSize150	84.3917	127.6079	45.4394	2.1392E-3	294.7588	983.2403	0.018	45.44	
demographic.popSize151	80.2774	111.2352	43.9408	7.1816E-4	280.1462	915.4015	2.0351E-4	43.9408	
demographic.popSize152	81.6295	117.3515	45.2111	0.0104	282.2578	978.2156	0.0184	45.2147	
demographic.popSize153	82.5797	116.3695	46.7854	7.443E-5	279.5654	961.3123	7.443E-5	46.7854	
demographic.popSize154	81.1059	112.2583	45.4175	6.8686E-3	277.1263	891.8229	3.4305E-3	45.4175	
demographic.popSize155	81.4565	113.5689	45.2378	0.0141	280.2407	905.0375	6.6946E-3	45.2378	
demographic.popSize156	83.1108	118.9453	45.4604	7.6011E-3	289.0358	962.5958	7.6011E-3	45.4604	
demographic.popSize157	82.6817	117.8926	45.4504	9.2367E-3	282.4371	854.7004	7.0057E-4	45.4504	
demographic.popSize158	79.2614	110.6777	43.675	0.016	269.3422	944.6807	0.1049	43.7485	
demographic.popSize159	83.4669	122.7242	45.527	1.7589E-3	282.2402	955.8707	0.0151	45.5343	
demographic.popSize160	82.9565	124.3071	45.1909	2.2331E-3	287.1981	990.8423	2.2331E-3	45.1909	
demographic.popSize161	82.3867	114.584	45.8953	3.205E-3	282.4262	1008.2927	3.205E-3	45.8953	
demographic.popSize162	82.4793	122.0771	45.4251	3.5606E-3	280.0445	1007.8839	3.5606E-3	45.4251	
demographic.popSize163	81.4113	116.5131	44.2544	3.4063E-3	271.8595	946.3537	3.4063E-3	44.2544	
demographic.popSize164	82.3727	117.8202	44.9636	3.0216E-3	281.3819	846.8554	0.1126	45.0533	
demographic.popSize165	81.9153	115.4059	45.1925	1.8707E-3	278.8844	983.2293	4.6219E-4	45.1925	
demographic.popSize166	82.441	114.8253	45.7193	8.4676E-3	284.8665	1003.2597	0.0152	45.7193	
demographic.popSize167	81.1559	113.3391	43.8694	6.8258E-4	278.8666	929.612	0.0369	43.8945	
demographic.popSize168	83.6993	122.2426	45.0313	1.4548E-3	287.4278	884.5938	0.0237	45.043	
demographic.popSize169	80.8063	117.7757	44.7375	1.7764E-3	274.1309	998.7234	8.201E-5	44.7375	
demographic.popSize170	81.6185	112.9464	45.0497	1.7559E-3	283.7878	944.0238	9.5873E-3	45.0497	
demographic.popSize171	80.7955	114.3197	44.5491	2.5014E-4	277.1608	1080.3782	0.0131	44.5491	
demographic.popSize172	82.0515	116.085	45.5037	1.6099E-4	283.7605	973.7577	9.4902E-3	45.5037	
demographic.popSize173	80.9618	115.1316	43.8246	0.0113	284.5155	1019.296	0.0113	43.8246	
demographic.popSize174	81.3046	111.8481	44.6579	9.9339E-3	280.7028	903.8647	9.9339E-3	44.6579	
demographic.popSize175	83.9633	120.0734	45.4565	7.1635E-3	287.176	959.5745	7.1635E-3	45.4566	
demographic.popSize176	81.5777	112.1739	45.6051	7.287E-3	277.7592	962.6018	5.5223E-3	45.6051	
demographic.popSize177	82.4032	115.7351	44.5019	2.5587E-4	283.9327	856.5347	5.0709E-3	44.5023	
demographic.popSize178	83.8251	122.3176	45.2611	0.0127	285.6197	908.515	0.011	45.2611	
demographic.popSize179	80.3708	111.3558	44.9535	2.3887E-3	275.273	979.7289	2.3887E-3	44.9535	
demographic.popSize180	81.9289	121.7184	44.7905	0.0136	280.605	923.4429	0.0136	44.7905	
demographic.popSize181	81.9496	118.2814	44.2123	0.0107	282.6772	909.2978	0.0107	44.2123	
demographic.popSize182	81.193	119.7425	42.7669	3.6612E-5	277.2883	939.1197	3.6612E-5	42.7669	
demographic.popSize183	82.6562	121.6874	44.7862	2.0342E-3	283.3703	888.5616	5.5844E-4	44.7862	
demographic.popSize184	81.394	115.1121	44.8532	7.0109E-3	281.8476	935.3537	7.0113E-4	44.8532	
demographic.popSize185	82.8631	114.41	45.8606	2.6089E-4	284.1974	913.9121	6.7042E-3	45.8666	
demographic.popSize186	82.6329	119.727	44.468	1.9073E-3	290.8104	862.7278	4.5578E-4	44.468	
demographic.popSize187	80.1967	110.6808	44.9641	4.2419E-3	267.7729	995.4076	0.0257	44.9802	
demographic.popSize188	80.4948	116.5619	44.876	1.275E-3	272.0029	955.1036	0.0214	44.8895	
demographic.popSize189	83.5877	117.4076	45.4676	5.8019E-3	290.3062	912.1954	5.8019E-3	45.4676	
demographic.popSize190	82.5535	116.4028	45.3993	1.5006E-3	279.8804	864.1236	0.0201	45.4156	
demographic.popSize191	81.0155	117.2338	44.4179	7.0153E-3	274.7953	924.1625	5.8695E-3	44.4179	
demographic.popSize192	81.245	111.4395	45.4582	4.7646E-3	281.3809	948.8137	4.7646E-3	45.4582	
demographic.popSize193	82.4398	116.8184	44.7829	6.69E-4	286.4325	945.8855	5.4053E-3	44.7829	
demographic.popSize194	82.5213	116.7698	45.1607	3.5192E-3	283.7714	1001.3384	3.5192E-3	45.1607	
demographic.popSize195	82.3696	114.6999	45.1653	1.0221E-3	286.3841	964.8793	0.0226	45.1845	
demographic.popSize196	81.2096	120.8526	42.9207	2.7838E-3	284.7565	911.2832	4.385E-3	42.9207	
demographic.popSize197	80.6636	115.2714	43.3052	9.2007E-4	280.112	952.2541	0.1206	43.4196	
demographic.popSize198	79.9143	116.0015	42.6909	2.4655E-3	273.3062	1006.3174	2.4655E-3	42.6909	
demographic.popSize199	79.0957	114.5002	41.0854	4.3546E-4	285.2752	892.5936	1.9772E-6	41.0854	
demographic.popSize200	78.1023	117.9442	40.2941	3.5113E-3	273.5509	951.051	3.5516E-3	40.2941	
demographic.indicators1	2.1613E-3	0.0464	0	0	0	35601.4331	0	0	
demographic.indicators2	1.4293E-3	0.0378	0	0	0	38886.5402	0	0	
demographic.indicators3	4.9907E-3	0.0705	0	0	0	1527.9276	0	0	
demographic.indicators4	0.0126	0.1115	0	0	0	369.0639	0	0	
demographic.indicators5	0.0207	0.1422	0	0	0	250.7914	0	0	
demographic.indicators6	0.023	0.1499	0	0	0	235.5058	0	0	
demographic.indicators7	0.0574	0.2326	0	0	1	212.6208	0	0	
demographic.indicators8	0.0384	0.1921	0	0	0	219.9444	0	0	
demographic.indicators9	0.0124	0.1109	0	0	0	293.0905	0	0	
demographic.indicators10	0.0165	0.1273	0	0	0	271.0137	0	0	
demographic.indicators11	0.0235	0.1516	0	0	0	377.4618	0	0	
demographic.indicators12	0.0314	0.1743	0	0	0	253.3379	0	0	
demographic.indicators13	0.0589	0.2355	0	0	1	256.4502	0	0	
demographic.indicators14	0.0295	0.1692	0	0	0	255.7241	0	0	
demographic.indicators15	0.069	0.2535	0	0	1	256.4386	0	0	
demographic.indicators16	0.0332	0.1792	0	0	0	266.0871	0	0	
demographic.indicators17	0.1233	0.3288	0	0	1	216.3784	0	0	
demographic.indicators18	0.0233	0.151	0	0	0	302.8876	0	0	
demographic.indicators19	0.0335	0.1799	0	0	0	302.328	0	0	
demographic.indicators20	0.0548	0.2275	0	0	1	246.9619	0	0	
demographic.indicators21	0.0615	0.2403	0	0	1	234.7227	0	0	
demographic.indicators22	0.0795	0.2705	0	0	1	226.8844	0	0	
demographic.indicators23	0.0335	0.1799	0	0	0	286.53	0	0	
demographic.indicators24	0.0298	0.1702	0	0	0	268.5323	0	0	
demographic.indicators25	0.0487	0.2152	0	0	0	243.3429	0	0	
demographic.indicators26	0.0344	0.1823	0	0	0	291.1222	0	0	
demographic.indicators27	5.7947E-3	0.0759	0	0	0	784.2826	0	0	
demographic.indicators28	5.9573E-3	0.077	0	0	0	712.3086	0	0	
demographic.indicators29	2.0307E-3	0.045	0	0	0	4644.5025	0	0	
demographic.indicators30	6.6613E-3	0.0813	0	0	0	588.6867	0	0	
demographic.indicators31	4.1333E-3	0.0642	0	0	0	1975.3019	0	0	
demographic.indicators32	7.6453E-3	0.0871	0	0	0	347.0804	0	0	
demographic.indicators33	1.8667E-3	0.0432	0	0	0	19313.4491	0	0	
demographic.indicators34	2.0827E-3	0.0456	0	0	0	6193.551	0	0	
demographic.indicators35	6.192E-3	0.0784	0	0	0	579.5855	0	0	
demographic.indicators36	1.8893E-3	0.0434	0	0	0	20279.5102	0	0	
demographic.indicators37	1.8253E-3	0.0427	0	0	0	36213.4539	0	0	
demographic.indicators38	2.888E-3	0.0537	0	0	0	2530.3856	0	0	
demographic.indicators39	2.0893E-3	0.0457	0	0	0	14751.3176	0	0	
demographic.indicators40	5.3973E-3	0.0733	0	0	0	1912.8665	0	0	
demographic.indicators41	2.476E-3	0.0497	0	0	0	4147.6224	0	0	
demographic.indicators42	9.4987E-3	0.097	0	0	0	471.918	0	0	
demographic.indicators43	3.228E-3	0.0567	0	0	0	6401.2017	0	0	
demographic.indicators44	2.964E-3	0.0544	0	0	0	3685.4298	0	0	
demographic.indicators45	4.2173E-3	0.0648	0	0	0	3629.0511	0	0	
demographic.indicators46	3.688E-3	0.0606	0	0	0	2615.5805	0	0	
demographic.indicators47	6.7987E-3	0.0822	0	0	0	1487.438	0	0	
demographic.indicators48	6.864E-3	0.0826	0	0	0	1603.2208	0	0	
demographic.indicators49	5.976E-3	0.0771	0	0	0	1140.8278	0	0	
demographic.indicators50	6.9933E-3	0.0833	0	0	0	1538.8145	0	0	
demographic.indicators51	0.012	0.1089	0	0	0	368.8113	0	0	
demographic.indicators52	9.304E-3	0.096	0	0	0	694.1007	0	0	
demographic.indicators53	8.6027E-3	0.0924	0	0	0	1395.6289	0	0	
demographic.indicators54	8.9133E-3	0.094	0	0	0	806.1054	0	0	
demographic.indicators55	0.0141	0.1178	0	0	0	503.9683	0	0	
demographic.indicators56	0.0142	0.1182	0	0	0	392.6538	0	0	
demographic.indicators57	0.0135	0.1153	0	0	0	606.6973	0	0	
demographic.indicators58	5.0173E-3	0.0707	0	0	0	2668.8341	0	0	
demographic.indicators59	0.0191	0.137	0	0	0	468.7277	0	0	
demographic.indicators60	0.0147	0.1204	0	0	0	636.5136	0	0	
demographic.indicators61	7.2413E-3	0.0848	0	0	0	1374.9967	0	0	
demographic.indicators62	0.0148	0.1208	0	0	0	539.5285	0	0	
demographic.indicators63	0.0105	0.1021	0	0	0	748.9186	0	0	
demographic.indicators64	0.012	0.109	0	0	0	716.1884	0	0	
demographic.indicators65	8.7387E-3	0.0931	0	0	0	1370.0011	0	0	
demographic.indicators66	0.0144	0.1189	0	0	0	667.5025	0	0	
demographic.indicators67	0.0152	0.1224	0	0	0	561.9548	0	0	
demographic.indicators68	0.014	0.1175	0	0	0	633.2529	0	0	
demographic.indicators69	0.0133	0.1145	0	0	0	1076.8779	0	0	
demographic.indicators70	0.0165	0.1273	0	0	0	628.3195	0	0	
demographic.indicators71	0.0239	0.1526	0	0	0	393.2188	0	0	
demographic.indicators72	0.0183	0.1339	0	0	0	599.1781	0	0	
demographic.indicators73	0.0109	0.1037	0	0	0	771.8704	0	0	
demographic.indicators74	0.0142	0.1183	0	0	0	683.4353	0	0	
demographic.indicators75	0.0182	0.1336	0	0	0	595.6491	0	0	
demographic.indicators76	0.0217	0.1458	0	0	0	477.0666	0	0	
demographic.indicators77	0.0219	0.1465	0	0	0	564.6102	0	0	
demographic.indicators78	8.224E-3	0.0903	0	0	0	873.6342	0	0	
demographic.indicators79	0.0219	0.1463	0	0	0	637.895	0	0	
demographic.indicators80	0.0155	0.1236	0	0	0	1227.8872	0	0	
demographic.indicators81	0.0168	0.1286	0	0	0	673.2177	0	0	
demographic.indicators82	0.0105	0.102	0	0	0	1264.1404	0	0	
demographic.indicators83	0.0172	0.1299	0	0	0	655.0057	0	0	
demographic.indicators84	0.0194	0.138	0	0	0	804.9825	0	0	
demographic.indicators85	0.0101	0.1002	0	0	0	829.2653	0	0	
demographic.indicators86	0.0167	0.128	0	0	0	612.5318	0	0	
demographic.indicators87	0.0171	0.1297	0	0	0	728.8769	0	0	
demographic.indicators88	0.014	0.1175	0	0	0	775.0281	0	0	
demographic.indicators89	0.0142	0.1184	0	0	0	1048.9764	0	0	
demographic.indicators90	9.5253E-3	0.0971	0	0	0	1194.9274	0	0	
demographic.indicators91	0.023	0.15	0	0	0	443.1679	0	0	
demographic.indicators92	0.0133	0.1145	0	0	0	1157.7471	0	0	
demographic.indicators93	0.0323	0.1767	0	0	0	461.3429	0	0	
demographic.indicators94	0.0232	0.1505	0	0	0	1011.1714	0	0	
demographic.indicators95	0.0125	0.1112	0	0	0	984.6706	0	0	
demographic.indicators96	0.0229	0.1495	0	0	0	432.2586	0	0	
demographic.indicators97	0.0169	0.129	0	0	0	575.7011	0	0	
demographic.indicators98	8.9693E-3	0.0943	0	0	0	714.4442	0	0	
demographic.indicators99	0.0149	0.1211	0	0	0	781.8376	0	0	
demographic.indicators100	0.0104	0.1014	0	0	0	1130.4132	0	0	
demographic.indicators101	0.0141	0.1178	0	0	0	490.2556	0	0	
demographic.indicators102	0.0196	0.1386	0	0	0	790.9937	0	0	
demographic.indicators103	7.76E-3	0.0877	0	0	0	1130.182	0	0	
demographic.indicators104	0.0178	0.1322	0	0	0	528.1729	0	0	
demographic.indicators105	0.012	0.1087	0	0	0	846.3758	0	0	
demographic.indicators106	0.0103	0.101	0	0	0	1320.79	0	0	
demographic.indicators107	0.0134	0.1148	0	0	0	681.5888	0	0	
demographic.indicators108	0.0106	0.1023	0	0	0	1140.8448	0	0	
demographic.indicators109	0.0138	0.1166	0	0	0	479.0742	0	0	
demographic.indicators110	0.011	0.1043	0	0	0	1189.1756	0	0	
demographic.indicators111	0.018	0.1331	0	0	0	458.6949	0	0	
demographic.indicators112	0.0169	0.129	0	0	0	754.2935	0	0	
demographic.indicators113	0.0132	0.114	0	0	0	829.5846	0	0	
demographic.indicators114	0.0182	0.1336	0	0	0	552.882	0	0	
demographic.indicators115	8.8267E-3	0.0935	0	0	0	1079.1531	0	0	
demographic.indicators116	0.0108	0.1033	0	0	0	1196.0785	0	0	
demographic.indicators117	3.1E-3	0.0556	0	0	0	3423.1249	0	0	
demographic.indicators118	0.0154	0.1233	0	0	0	639.1704	0	0	
demographic.indicators119	0.0135	0.1154	0	0	0	529.7157	0	0	
demographic.indicators120	0.0109	0.1037	0	0	0	884.8969	0	0	
demographic.indicators121	0.0102	0.1007	0	0	0	858.039	0	0	
demographic.indicators122	0.0105	0.1021	0	0	0	671.4015	0	0	
demographic.indicators123	3.2467E-3	0.0569	0	0	0	3026.1668	0	0	
demographic.indicators124	0.0136	0.1157	0	0	0	605.8567	0	0	
demographic.indicators125	0.0123	0.1102	0	0	0	723.5026	0	0	
demographic.indicators126	5.2253E-3	0.0721	0	0	0	1664.1149	0	0	
demographic.indicators127	7.4307E-3	0.0859	0	0	0	1090.8187	0	0	
demographic.indicators128	5.9893E-3	0.0772	0	0	0	2276.6307	0	0	
demographic.indicators129	5.284E-3	0.0725	0	0	0	1866.3471	0	0	
demographic.indicators130	9.416E-3	0.0966	0	0	0	746.1544	0	0	
demographic.indicators131	0.0115	0.1067	0	0	0	846.6758	0	0	
demographic.indicators132	0.0147	0.1202	0	0	0	701.0026	0	0	
demographic.indicators133	9.26E-3	0.0958	0	0	0	1064.935	0	0	
demographic.indicators134	8.6907E-3	0.0928	0	0	0	839.6165	0	0	
demographic.indicators135	4.416E-3	0.0663	0	0	0	3698.2331	0	0	
demographic.indicators136	5.1467E-3	0.0716	0	0	0	1036.7085	0	0	
demographic.indicators137	8.4987E-3	0.0918	0	0	0	1002.0383	0	0	
demographic.indicators138	5.248E-3	0.0723	0	0	0	2284.7467	0	0	
demographic.indicators139	6.8267E-3	0.0823	0	0	0	1396.8645	0	0	
demographic.indicators140	7.7067E-3	0.0874	0	0	0	1037.677	0	0	
demographic.indicators141	4.5933E-3	0.0676	0	0	0	4130.1835	0	0	
demographic.indicators142	0.0102	0.1003	0	0	0	552.4289	0	0	
demographic.indicators143	4.332E-3	0.0657	0	0	0	5266.0715	0	0	
demographic.indicators144	5.1267E-3	0.0714	0	0	0	1081.6749	0	0	
demographic.indicators145	3.9387E-3	0.0626	0	0	0	3272.4834	0	0	
demographic.indicators146	7.736E-3	0.0876	0	0	0	1197.2463	0	0	
demographic.indicators147	2.476E-3	0.0497	0	0	0	4559.3844	0	0	
demographic.indicators148	4.452E-3	0.0666	0	0	0	2403.6082	0	0	
demographic.indicators149	4.3773E-3	0.066	0	0	0	1201.7755	0	0	
demographic.indicators150	4.8893E-3	0.0698	0	0	0	1902.0288	0	0	
demographic.indicators151	4.2933E-3	0.0654	0	0	0	3053.0618	0	0	
demographic.indicators152	4.888E-3	0.0697	0	0	0	3741.4514	0	0	
demographic.indicators153	5.9653E-3	0.077	0	0	0	2434.8099	0	0	
demographic.indicators154	5.8973E-3	0.0766	0	0	0	1987.6347	0	0	
demographic.indicators155	4.6067E-3	0.0677	0	0	0	1812.1099	0	0	
demographic.indicators156	4.0947E-3	0.0639	0	0	0	3315.705	0	0	
demographic.indicators157	5.732E-3	0.0755	0	0	0	1333.9028	0	0	
demographic.indicators158	7.7773E-3	0.0878	0	0	0	726.6355	0	0	
demographic.indicators159	6.484E-3	0.0803	0	0	0	564.3712	0	0	
demographic.indicators160	8.1827E-3	0.0901	0	0	0	1949.2353	0	0	
demographic.indicators161	4.192E-3	0.0646	0	0	0	4458.1679	0	0	
demographic.indicators162	4.8693E-3	0.0696	0	0	0	4076.6993	0	0	
demographic.indicators163	2.9347E-3	0.0541	0	0	0	4816.1801	0	0	
demographic.indicators164	6.14E-3	0.0781	0	0	0	574.3922	0	0	
demographic.indicators165	4.6133E-3	0.0678	0	0	0	3528.8767	0	0	
demographic.indicators166	3.7747E-3	0.0613	0	0	0	4136.8505	0	0	
demographic.indicators167	4.8307E-3	0.0693	0	0	0	2922.5876	0	0	
demographic.indicators168	4.3787E-3	0.066	0	0	0	3808.1778	0	0	
demographic.indicators169	9.524E-3	0.0971	0	0	0	724.0911	0	0	
demographic.indicators170	0.0117	0.1074	0	0	0	671.3156	0	0	
demographic.indicators171	5.928E-3	0.0768	0	0	0	696.3766	0	0	
demographic.indicators172	4.684E-3	0.0683	0	0	0	3280.2235	0	0	
demographic.indicators173	5.3533E-3	0.073	0	0	0	2010.1501	0	0	
demographic.indicators174	7.5027E-3	0.0863	0	0	0	1364.7294	0	0	
demographic.indicators175	3.464E-3	0.0588	0	0	0	8422.4641	0	0	
demographic.indicators176	4.8573E-3	0.0695	0	0	0	3406.3481	0	0	
demographic.indicators177	5.7613E-3	0.0757	0	0	0	3628.367	0	0	
demographic.indicators178	4.284E-3	0.0653	0	0	0	5370.2991	0	0	
demographic.indicators179	4.744E-3	0.0687	0	0	0	4360.5261	0	0	
demographic.indicators180	6.5333E-3	0.0806	0	0	0	3833.0654	0	0	
demographic.indicators181	5.2627E-3	0.0724	0	0	0	2147.6548	0	0	
demographic.indicators182	4.0827E-3	0.0638	0	0	0	3876.2867	0	0	
demographic.indicators183	7.9387E-3	0.0887	0	0	0	3279.2007	0	0	
demographic.indicators184	6.632E-3	0.0812	0	0	0	1758.7153	0	0	
demographic.indicators185	4.9907E-3	0.0705	0	0	0	5429.7126	0	0	
demographic.indicators186	5.632E-3	0.0748	0	0	0	6106.4063	0	0	
demographic.indicators187	9.1333E-3	0.0951	0	0	0	2006.2895	0	0	
demographic.indicators188	0.0104	0.1014	0	0	0	512.4197	0	0	
demographic.indicators189	7.356E-3	0.0855	0	0	0	3467.0132	0	0	
demographic.indicators190	0.0104	0.1014	0	0	0	4376.3131	0	0	
demographic.indicators191	9.396E-3	0.0965	0	0	0	3288.605	0	0	
demographic.indicators192	0.0116	0.1069	0	0	0	3313.3426	0	0	
demographic.indicators193	0.013	0.1135	0	0	0	2666.6689	0	0	
demographic.indicators194	0.0145	0.1195	0	0	0	2602.1808	0	0	
demographic.indicators195	0.032	0.1759	0	0	0	878.2282	0	0	
demographic.indicators196	0.0336	0.1802	0	0	0	856.5334	0	0	
demographic.indicators197	0.0429	0.2026	0	0	0	1128.7211	0	0	
demographic.indicators198	0.0607	0.2387	0	0	1	866.8504	0	0	
demographic.indicators199	0.0618	0.2409	0	0	1	1625.7773	0	0	
kappa	2.2216	0.1485	2.2169	1.9443	2.5221	28574.0294	2.1071	2.3064	
frequencies1	0.2774	0.0103	0.2774	0.2575	0.2977	13769.1433	0.2701	0.2841	
frequencies2	0.2111	8.9469E-3	0.2109	0.1939	0.2291	11679.9065	0.2048	0.2167	
frequencies3	0.1951	8.776E-3	0.195	0.1783	0.2128	14359.7445	0.1885	0.2002	
frequencies4	0.3164	0.011	0.3162	0.2955	0.3385	11517.8822	0.3074	0.3224	
alpha	0.6063	0.0539	0.6034	0.504	0.7137	28508.2073	0.5636	0.6351	
default.ucld.mean	1.3927E-3	4.3327E-4	1.2995E-3	7.4027E-4	2.2895E-3	226.4062	9.7208E-4	1.4097E-3	
default.ucld.stdev	8.5524E-3	5.8129E-3	6.9283E-3	2.1963E-3	0.0199	268.4284	3.7628E-3	7.6575E-3	
host_groups.ucld.mean	0.0117	2.9423E-3	0.0113	6.3884E-3	0.0175	401.6704	8.8559E-3	0.0126	
host_groups.ucld.stdev	0.0124	0.0109	9.7334E-3	2.6722E-7	0.0328	663.2139	4.0772E-6	9.7369E-3	
default.meanRate	1.0518E-3	2.04E-4	1.024E-3	6.9767E-4	1.4642E-3	229.2834	8.3585E-4	1.1038E-3	
default.coefficientOfVariation	2.7577	0.4549	2.6687	2.0057	3.6972	366.1447	2.3174	2.8128	
default.covariance	0.013	0.049	2.3555E-3	-0.0629	0.1148	1292.5282	-0.0334	0.0157	
host_groups.meanRate	0.0123	3.4942E-3	0.0118	6.346E-3	0.0192	437.4002	9.0579E-3	0.0133	
host_groups.coefficientOfVariation	0.9755	0.6905	0.8612	1.024E-5	2.2785	583.6662	2.7343E-5	0.8612	
host_groups.covariance	-0.0054	0.0481	-0.0089	-0.095	0.0927	13951.4579	-0.0451	0.0174	
host_groups.rates.Amaranthaceae.Brassicaceae	0.7695	0.8391	0.4956	3.1925E-7	2.4421	8026.9573	3.1925E-7	0.4956	
host_groups.rates.Amaranthaceae.Fabaceae	1.3236	0.7539	1.1909	0.1032	2.8201	5723.636	0.5625	1.4295	
host_groups.rates.Amaranthaceae.Poaceae	0.7899	0.7438	0.5839	6.3661E-5	2.2105	10377.4473	0.0509	0.628	
host_groups.rates.Amaranthaceae.Solanaceae	1.4971	0.7425	1.3657	0.2996	2.9636	8694.2558	0.7546	1.6142	
host_groups.rates.Brassicaceae.Fabaceae	0.8459	0.8711	0.5793	9.6387E-5	2.5591	9879.3623	2.2956E-4	0.5794	
host_groups.rates.Brassicaceae.Poaceae	1.339	0.8457	1.174	0.0387	2.9635	2586.0561	0.4556	1.4026	
host_groups.rates.Brassicaceae.Solanaceae	0.8699	0.9141	0.5814	4.2026E-5	2.6917	9131.6651	5.8098E-5	0.5814	
host_groups.rates.Fabaceae.Poaceae	1.274	0.7508	1.1341	0.0679	2.7328	3027.4989	0.5065	1.3607	
host_groups.rates.Fabaceae.Solanaceae	0.9046	0.9526	0.5972	1.0867E-4	2.8092	8637.0404	1.2034E-4	0.5972	
host_groups.rates.Poaceae.Solanaceae	0.8768	0.8733	0.6209	2.6618E-5	2.5794	9006.5108	2.6618E-5	0.6209	
host_groups.rates.Brassicaceae.Amaranthaceae	0.8064	0.9138	0.4915	4.3502E-5	2.6492	6869.6679	4.4859E-5	0.4915	
host_groups.rates.Fabaceae.Amaranthaceae	0.7861	0.798	0.5554	4.59E-5	2.3192	7887.6642	7.1223E-5	0.5554	
host_groups.rates.Poaceae.Amaranthaceae	0.8021	0.9108	0.4864	1.0545E-5	2.6564	7367.8404	1.4331E-5	0.4865	
host_groups.rates.Solanaceae.Amaranthaceae	0.8518	0.9403	0.5345	9.5247E-5	2.7556	8427.3294	1.6809E-4	0.5345	
host_groups.rates.Fabaceae.Brassicaceae	0.9202	0.9197	0.6458	4.542E-5	2.7362	9448.1576	2.2403E-4	0.6459	
host_groups.rates.Poaceae.Brassicaceae	1.2896	0.8242	1.1295	1.7017E-4	2.8479	2154.4047	0.4623	1.3756	
host_groups.rates.Solanaceae.Brassicaceae	0.8388	0.6138	0.7061	1.8465E-3	1.9631	9026.255	0.2427	0.8559	
host_groups.rates.Poaceae.Fabaceae	0.8832	0.9366	0.5789	1.3765E-5	2.7568	9455.0185	1.3765E-5	0.5789	
host_groups.rates.Solanaceae.Fabaceae	1.3675	0.7475	1.2319	0.1868	2.8422	5919.5168	0.6044	1.4615	
host_groups.rates.Solanaceae.Poaceae	0.8493	0.8012	0.6292	4.06E-5	2.403	9796.2905	4.9951E-5	0.6292	
host_groups.indicators.Amaranthaceae.Brassicaceae	0.4411	0.4965	0	0	1	2279.037	0	0	
host_groups.indicators.Amaranthaceae.Fabaceae	0.9699	0.1709	1	1	1	2000.2839	1	1	
host_groups.indicators.Amaranthaceae.Poaceae	0.608	0.4882	1	0	1	1475.6159	1	1	
host_groups.indicators.Amaranthaceae.Solanaceae	0.9999	0.0105	1	1	1	34425.2059	1	1	
host_groups.indicators.Brassicaceae.Fabaceae	0.3852	0.4866	0	0	1	1990.0857	0	0	
host_groups.indicators.Brassicaceae.Poaceae	0.9386	0.2401	1	0	1	690.2713	1	1	
host_groups.indicators.Brassicaceae.Solanaceae	0.277	0.4475	0	0	1	1725.9149	0	0	
host_groups.indicators.Fabaceae.Poaceae	0.9682	0.1756	1	1	1	1832.946	1	1	
host_groups.indicators.Fabaceae.Solanaceae	0.1822	0.386	0	0	1	8630.6227	0	0	
host_groups.indicators.Poaceae.Solanaceae	0.4016	0.4902	0	0	1	983.5527	0	0	
host_groups.indicators.Brassicaceae.Amaranthaceae	0.304	0.46	0	0	1	3873.4295	0	0	
host_groups.indicators.Fabaceae.Amaranthaceae	0.5455	0.4979	1	0	1	1402.7063	1	1	
host_groups.indicators.Poaceae.Amaranthaceae	0.3027	0.4594	0	0	1	5137.0593	0	0	
host_groups.indicators.Solanaceae.Amaranthaceae	0.193	0.3946	0	0	1	10846.78	0	0	
host_groups.indicators.Fabaceae.Brassicaceae	0.2745	0.4463	0	0	1	1252.5559	0	0	
host_groups.indicators.Poaceae.Brassicaceae	0.9304	0.2544	1	0	1	737.3958	1	1	
host_groups.indicators.Solanaceae.Brassicaceae	0.8801	0.3248	1	0	1	851.7833	1	1	
host_groups.indicators.Poaceae.Fabaceae	0.2109	0.4079	0	0	1	6823.9827	0	0	
host_groups.indicators.Solanaceae.Fabaceae	0.9974	0.0511	1	1	1	14929.4455	1	1	
host_groups.indicators.Solanaceae.Poaceae	0.513	0.4998	1	0	1	1094.9495	1	1	
host_groups.nonZeroRates	11.323	1.6867	11	8	14	1515.9992	9	11	
default.treeLikelihood	-7111.3806	13.1798	-7111.0461	-7137.6257	-7085.9518	881.812	-7119.3128	-7101.6029	
default.branchRates	-2382.6079	0	0	0	0	NaN	0	0	
host_groups.branchRates	-2382.6079	0	0	0	0	NaN	0	0	
c_host_groups.count[1]	46.7497	4.5687	46	38	55	1032.0336	42	47	
c_allTransitions[1]	46.7446	4.5678	46	38	55	1033.6548	42	47	
coalescent	-1142.7016	40.5989	-1143.1534	-1215.4043	-1065.0864	225.7555	-1173.8745	-1113.4703	

