burnIn   <= 25000000,   maxState  = 100000000
statistic	mean	stdErr	median	hpdLower	hpdUpper	ESS	50hpdLower	50hpdUpper
joint	-14472.0275	147.5994	-14468.4105	-14760.8719	-14183.4519	239.1712	-14562.1128	-14366.5489	
prior	-7120.0819	146.9451	-7115.8714	-7412.4369	-6838.2754	237.3068	-7207.0122	-7012.7708	
likelihood	-7351.9456	16.5224	-7351.8629	-7384.2692	-7319.7208	1063.6567	-7362.7677	-7340.4311	
treeModel.rootHeight	208.6063	69.1381	197.2517	95.8123	343.8755	298.1054	141.8323	223.6989	
age(root)	1814.3937	69.1381	1825.7483	1679.1245	1927.1877	298.1054	1799.3011	1881.1677	
treeLength	2645.5254	528.1651	2571.5713	1729.6305	3762.6378	217.4313	2109.1834	2762.2782	
tmrca(ingroup)	208.6063	69.1381	197.2517	95.8123	343.8755	298.1054	141.8323	223.6989	
age(ingroup)	1814.3937	69.1381	1825.7483	1679.1245	1927.1877	298.1054	1799.3011	1881.1677	
demographic.populationSizeChanges	2.6532	0.6793	3	2	4	539.2024	2	3	
demographic.populationMean	129.1792	121.9224	98.1712	15.8681	317.973	243.6446	35.9103	107.7937	
demographic.popSize1	122.6498	164.6757	75.7221	0.6209	385.9725	241.4203	6.6551	81.3682	
demographic.popSize2	128.9071	206.5102	65.3314	0.0187	453.5823	731.9615	0.0187	65.3431	
demographic.popSize3	128.0475	214.817	63.221	5.9501E-5	444.6037	730.6756	5.9501E-5	63.221	
demographic.popSize4	129.4266	240.174	63.3932	2.6485E-3	460.5927	722.4222	0.0102	63.3932	
demographic.popSize5	129.9085	217.7205	65.4583	4.1106E-3	453.4642	654.7806	0.0151	65.4583	
demographic.popSize6	129.1499	219.2366	66.134	1.8674E-4	452.9038	754.004	0.022	66.134	
demographic.popSize7	129.5644	225.5097	64.9688	1.2139E-3	448.7246	682.3154	5.8574E-3	64.9721	
demographic.popSize8	125.134	205.7398	62.6967	0.0117	443.6133	712.6378	9.4649E-3	62.6967	
demographic.popSize9	113.0449	197.3142	54.8095	1.5713E-3	401.4217	634.6239	9.8855E-3	54.8095	
demographic.popSize10	128.8733	226.9847	63.1287	1.3778E-3	456.9489	716.7795	1.3778E-3	63.1287	
demographic.popSize11	121.5229	228.0916	56.7947	3.5571E-3	437.8664	610.8669	5.1301E-4	56.7947	
demographic.popSize12	128.8442	212.9859	64.1956	3.3862E-4	441.9658	701.4195	3.3862E-4	64.1956	
demographic.popSize13	125.6534	212.7336	60.9777	2.1956E-3	452.4153	676.3681	2.6912E-3	60.9777	
demographic.popSize14	125.6953	227.898	61.7366	0.0117	440.8891	692.5414	0.0144	61.7366	
demographic.popSize15	119.4971	209.0379	56.6163	0.0474	427.8477	635.211	0.0108	56.6163	
demographic.popSize16	122.2001	217.4523	59.8821	5.0034E-3	434.7425	653.2476	0.0465	59.913	
demographic.popSize17	118.2553	244.7756	53.3014	1.4778E-3	421.8673	615.8919	1.4778E-3	53.3014	
demographic.popSize18	126.1115	203.3057	64.0373	0.014	445.9907	730.3668	8.6625E-3	64.0373	
demographic.popSize19	126.4098	203.9985	64.1095	6.914E-3	438.3373	755.8789	0.1077	64.2087	
demographic.popSize20	124.3514	229.4034	60.2053	5.8729E-3	441.7946	710.2098	5.8729E-3	60.2053	
demographic.popSize21	129.6327	220.8211	64.6335	5.0637E-3	454.0921	671.7129	9.9769E-3	64.6335	
demographic.popSize22	109.3611	173.2744	53.0397	0.0184	399.4842	769.3607	0.065	53.0685	
demographic.popSize23	128.6548	229.4668	62.9435	8.6834E-3	455.2056	641.0576	0.0262	62.9452	
demographic.popSize24	115.3419	192.9337	53.8261	0.02	419.1605	640.4804	0.0255	53.8261	
demographic.popSize25	122.0238	229.9879	58.43	1.7975E-3	435.9155	677.4589	1.7975E-3	58.43	
demographic.popSize26	128.9724	208.1098	64.2823	1.6305E-3	463.2773	729.0858	0.0138	64.2823	
demographic.popSize27	128.1937	209.6193	64.5502	0.012	461.4723	595.0457	3.7318E-3	64.5502	
demographic.popSize28	126.3732	214.9749	63.2942	1.9403E-3	443.494	656.7695	7.4814E-3	63.2995	
demographic.popSize29	128.7758	220.1246	63.2391	0.0188	452.2256	661.5652	0.0188	63.2469	
demographic.popSize30	124.5064	205.0189	61.7894	1.3464E-3	448.032	697.7534	0.0628	61.8335	
demographic.popSize31	129.581	200.817	67.6649	5.2775E-3	455.4695	784.883	5.2775E-3	67.6649	
demographic.popSize32	129.4612	209.3022	65.1573	0.0261	456.1569	709.7474	0.0344	65.1573	
demographic.popSize33	126.7709	198.35	64.2232	0.0401	443.4022	758.8752	5.4397E-3	64.2232	
demographic.popSize34	128.7278	227.7098	65.5358	7.4199E-3	447.5794	736.4849	7.4199E-3	65.5358	
demographic.popSize35	129.6475	208.0715	66.6021	1.4055E-4	446.9874	696.5876	1.4055E-4	66.6021	
demographic.popSize36	129.0455	220.994	66.7475	7.3713E-3	442.17	807.3975	0.0136	66.7509	
demographic.popSize37	127.6309	199.4812	66.6731	5.4605E-3	448.1563	761.3458	0.024	66.6731	
demographic.popSize38	130.9399	220.5044	66.4186	2.3907E-3	470.9324	687.3973	5.8856E-5	66.4186	
demographic.popSize39	128.2626	210.1972	65.8004	9.4906E-3	449.8977	777.6276	0.0359	65.8004	
demographic.popSize40	128.0709	205.7794	64.6757	0.0181	456.2452	707.5591	0.011	64.6757	
demographic.popSize41	130.2922	210.3099	66.9248	0.0182	452.5258	770.4802	0.0182	66.9248	
demographic.popSize42	127.5736	196.5729	67.8402	0.0149	449.7665	681.0224	0.0257	67.8434	
demographic.popSize43	125.8763	193.2894	66.5939	2.7627E-3	435.5285	850.4847	8.6153E-5	66.5939	
demographic.popSize44	127.8408	207.4175	65.3538	1.5373E-3	450.5087	736.835	0.0103	65.3538	
demographic.popSize45	131.1214	215.8732	66.2446	1.8344E-3	457.4352	696.4988	1.8344E-3	66.2446	
demographic.popSize46	130.5754	207.6891	68.0782	5.6695E-4	447.1366	694.8488	5.6695E-4	68.0782	
demographic.popSize47	131.916	214.9471	67.493	4.0101E-3	453.9705	732.1211	4.0101E-3	67.493	
demographic.popSize48	130.243	222.0326	65.5235	2.5822E-4	443.7177	675.701	0.0406	65.5337	
demographic.popSize49	128.6406	207.7454	66.3677	1.7748E-3	449.3024	746.2591	0.0136	66.3677	
demographic.popSize50	130.2281	247.193	65.4196	2.4308E-3	442.8985	721.6158	0.0144	65.4196	
demographic.popSize51	127.2271	196.8422	65.8568	4.6194E-3	445.0482	745.8105	0.0152	65.8619	
demographic.popSize52	129.6424	215.3087	66.2654	6.996E-3	443.4606	701.8294	0.0139	66.2654	
demographic.popSize53	131.4659	220.308	67.1611	2.7193E-3	457.1247	710.4981	8.386E-3	67.1611	
demographic.popSize54	133.2731	228.5324	66.8754	0.0137	459.9942	667.0154	0.0137	66.8754	
demographic.popSize55	129.9378	213.6192	66.5836	0.0124	454.8094	777.3886	0.0142	66.5836	
demographic.popSize56	128.2428	210.3417	66.7443	2.3516E-3	440.2899	725.8385	0.0722	66.8047	
demographic.popSize57	130.5858	255.289	65.5505	3.0231E-3	441.8037	787.2655	3.0231E-3	65.5505	
demographic.popSize58	131.2631	215.9862	69.9363	5.5114E-3	449.1375	727.256	0.0113	69.9429	
demographic.popSize59	126.868	196.0499	66.2024	3.1213E-3	444.8703	881.1313	0.0156	66.2067	
demographic.popSize60	133.2617	231.1176	67.7303	8.6226E-3	464.7295	678.8956	0.0356	67.7543	
demographic.popSize61	132.1943	230.6997	67.3723	1.2154E-3	455.4245	613.2393	0.0214	67.3754	
demographic.popSize62	125.9585	196.0709	65.3505	0.0149	436.7035	702.2531	0.0146	65.3537	
demographic.popSize63	130.5443	206.2271	68.0155	2.9217E-3	453.8643	722.6123	7.3262E-3	68.0155	
demographic.popSize64	131.1651	215.3545	68.7219	0.0171	447.4238	782.7975	0.0171	68.7219	
demographic.popSize65	130.4479	215.8444	68.0117	5.7975E-3	445.5478	675.5228	5.7975E-3	68.0117	
demographic.popSize66	129.0539	226.6929	68.4144	0.0361	435.9738	812.9099	0.0418	68.4162	
demographic.popSize67	129.1386	205.6204	67.7532	1.6814E-3	437.8932	685.9645	0.0595	67.8075	
demographic.popSize68	132.3804	236.5114	66.4406	0.0226	455.9528	685.4769	0.0226	66.4406	
demographic.popSize69	130.3865	221.9177	67.5734	0.0143	451.7542	741.2953	5.6546E-3	67.5734	
demographic.popSize70	128.0673	197.9987	69.1027	6.7665E-3	422.6504	751.5295	0.019	69.1081	
demographic.popSize71	130.0331	211.902	65.7422	3.5949E-4	455.0106	686.0268	3.603E-3	65.745	
demographic.popSize72	130.3065	209.0451	67.3485	0.0275	441.3368	731.2185	0.04	67.3771	
demographic.popSize73	129.082	209.865	67.1566	0.0112	448.9567	738.7685	0.0565	67.1896	
demographic.popSize74	126.7646	202.9903	67.2634	3.0126E-3	432.0415	649.7249	8.5424E-3	67.2654	
demographic.popSize75	128.7815	198.3689	69.3824	3.0326E-3	438.6877	676.4805	0.0411	69.3956	
demographic.popSize76	126.9208	205.9032	66.9419	4.1054E-3	428.5019	753.5028	0.044	66.9716	
demographic.popSize77	128.1135	203.248	67.0972	5.2818E-3	444.2533	713.9441	6.8161E-3	67.0982	
demographic.popSize78	127.214	208.289	64.7993	7.8868E-3	443.8897	807.4474	0.0135	64.8063	
demographic.popSize79	126.9307	210.2143	65.1994	0.0166	436.3357	752.3911	0.0254	65.1994	
demographic.popSize80	129.1233	205.5245	66.5236	0.012	444.152	717.5606	0.012	66.5236	
demographic.popSize81	131.404	211.9586	68.543	0.0117	446.7125	755.1858	0.0117	68.543	
demographic.popSize82	129.1024	214.0769	67.1384	7.7061E-3	437.4026	694.9183	7.7061E-3	67.1384	
demographic.popSize83	127.5922	200.6864	67.5801	5.7485E-3	422.0405	784.8942	0.0488	67.5839	
demographic.popSize84	129.1549	214.6484	65.6096	0.0305	447.4441	697.4588	0.0164	65.6121	
demographic.popSize85	130.5003	215.4891	68.3562	2.3305E-3	441.1201	660.519	2.7115E-3	68.3562	
demographic.popSize86	130.9524	215.289	68.4493	0.012	454.3067	598.1373	0.0175	68.452	
demographic.popSize87	131.3259	210.6897	67.4766	0.0133	458.9408	714.8654	0.0103	67.4773	
demographic.popSize88	132.8678	222.9491	67.66	0.0118	452.8202	709.2982	0.0118	67.66	
demographic.popSize89	128.5964	201.1418	66.8579	1.4531E-3	439.6234	702.2628	5.3103E-3	66.8611	
demographic.popSize90	129.9873	213.5404	65.8061	0.011	456.1388	667.2414	0.011	65.8061	
demographic.popSize91	132.8256	241.3479	69.1682	4.5491E-3	447.2702	896.2067	4.5491E-3	69.1682	
demographic.popSize92	130.5613	212.0154	68.0334	2.9815E-3	450.6722	700.3126	2.9815E-3	68.0334	
demographic.popSize93	130.101	205.5676	66.3962	5.427E-3	455.1176	717.9911	0.0132	66.3962	
demographic.popSize94	129.7634	206.0255	66.1385	2.444E-3	449.8446	707.5219	2.444E-3	66.1385	
demographic.popSize95	127.4377	201.9139	66.0004	8.0419E-3	438.4911	695.6118	0.012	66.0012	
demographic.popSize96	131.683	223.9302	67.095	2.6027E-3	452.5838	706.573	2.6027E-3	67.095	
demographic.popSize97	126.93	199.6396	64.2551	6.0615E-5	442.338	721.6247	6.0615E-5	64.2551	
demographic.popSize98	131.0223	218.4962	65.882	6.9996E-3	459.242	714.861	0.0446	65.882	
demographic.popSize99	132.3804	219.0609	66.9585	6.2286E-3	458.0018	733.6479	7.1105E-3	66.9585	
demographic.popSize100	130.9218	238.0853	65.1551	3.027E-3	458.0414	740.617	3.027E-3	65.1551	
demographic.popSize101	128.9921	205.425	64.5453	0.0249	455.0646	731.6635	3.3924E-3	64.5453	
demographic.popSize102	131.1339	210.8487	66.9365	8.8723E-3	458.2865	676.1301	0.0153	66.9445	
demographic.popSize103	127.9361	206.551	65.8853	8.7676E-3	431.4732	691.4404	0.0745	65.9418	
demographic.popSize104	129.8261	212.9535	68.0548	1.8449E-3	440.9595	725.6236	0.0582	68.0641	
demographic.popSize105	129.5229	209.6713	66.5004	4.4135E-3	458.8232	743.0716	0.0252	66.5006	
demographic.popSize106	132.5799	227.4377	67.4123	6.3801E-3	456.9209	674.5991	6.3801E-3	67.4154	
demographic.popSize107	128.7464	223.4392	65.517	8.0712E-3	432.7559	738.2326	8.0712E-3	65.517	
demographic.popSize108	132.1182	212.0469	67.7178	0.0107	464.146	716.7078	9.8997E-3	67.7178	
demographic.popSize109	129.0831	218.9855	66.5701	3.2831E-3	444.6729	727.7236	2.4787E-3	66.5701	
demographic.popSize110	129.0425	211.9551	66.255	0.0454	444.7349	708.3027	0.0313	66.2572	
demographic.popSize111	130.2649	231.2125	65.5852	8.6349E-4	442.6101	577.1909	4.5342E-3	65.5852	
demographic.popSize112	130.8094	222.4317	65.3522	3.6653E-3	457.2499	707.2014	4.9882E-3	65.3522	
demographic.popSize113	128.5924	198.0778	68.6063	0.012	444.534	736.0873	0.0827	68.6731	
demographic.popSize114	129.8032	209.7211	68.0386	6.4368E-3	440.2151	707.9296	6.4368E-3	68.0386	
demographic.popSize115	130.9957	213.914	66.0325	3.4139E-3	462.2192	680.3147	0.0103	66.0417	
demographic.popSize116	130.2748	215.2301	65.9846	0.0299	453.6232	712.0645	0.0103	65.9846	
demographic.popSize117	132.3777	232.4954	66.3038	9.4872E-3	451.5212	649.3228	9.4872E-3	66.3038	
demographic.popSize118	131.023	211.1472	66.558	5.8096E-3	460.7298	697.3301	5.8096E-3	66.558	
demographic.popSize119	128.0148	209.1064	65.2261	0.019	449.2576	751.0253	8.41E-3	65.2261	
demographic.popSize120	130.988	208.6995	67.0047	3.4223E-3	450.8484	723.5666	0.0349	67.0292	
demographic.popSize121	127.7245	208.9194	64.5112	4.3557E-3	450.7816	742.4254	4.3557E-3	64.5112	
demographic.popSize122	125.1863	203.468	65.2554	0.0207	436.3202	713.5071	0.0178	65.2554	
demographic.popSize123	129.2059	214.0571	65.4658	4.1917E-4	450.2766	720.9015	4.1917E-4	65.4658	
demographic.popSize124	129.2893	203.9649	65.9246	0.0136	445.451	692.0329	2.6565E-3	65.9246	
demographic.popSize125	130.5806	213.4547	66.7308	5.4295E-3	447.4142	678.0932	0.0514	66.7644	
demographic.popSize126	124.8766	196.5976	63.3231	7.8153E-3	432.8979	743.5651	0.067	63.3575	
demographic.popSize127	127.0863	218.919	65.8721	0.0147	429.5646	620.7232	0.0232	65.8721	
demographic.popSize128	128.9083	218.6279	64.9539	0.0142	436.7243	729.459	6.734E-3	64.9539	
demographic.popSize129	126.4777	204.9947	65.719	0.0206	435.1725	794.3076	0.0133	65.719	
demographic.popSize130	129.6757	211.1168	65.3343	2.8965E-3	457.0175	688.5405	0.0491	65.3657	
demographic.popSize131	129.4253	207.1784	66.5205	2.1827E-3	453.8921	727.9283	0.0184	66.5232	
demographic.popSize132	130.6081	205.0913	67.7088	2.8401E-3	448.1882	705.6717	0.0241	67.7148	
demographic.popSize133	128.1259	204.0226	66.692	3.2069E-3	449.7422	739.5912	3.2069E-3	66.692	
demographic.popSize134	130.3368	207.5551	66.2184	0.0177	455.2853	702.9469	0.0239	66.2191	
demographic.popSize135	128.1125	206.0728	64.7049	1.6221E-3	463.3448	740.4689	4.5295E-3	64.7049	
demographic.popSize136	128.1093	211.2261	65.8575	3.7915E-3	437.3693	789.1639	3.7915E-3	65.8575	
demographic.popSize137	129.5688	208.3015	65.0509	0.0166	452.6252	797.3467	0.0357	65.0509	
demographic.popSize138	128.6558	214.1136	64.926	4.1029E-3	436.2228	635.4859	0.0158	64.9307	
demographic.popSize139	128.0563	209.6394	66.3119	0.0112	443.449	804.6219	0.0223	66.3124	
demographic.popSize140	126.7624	205.9327	64.8874	0.0107	434.6321	830.9936	9.1142E-3	64.8874	
demographic.popSize141	131.4538	228.4411	67.1024	8.6413E-4	464.2932	717.0226	8.6413E-4	67.1024	
demographic.popSize142	127.3754	201.0855	66.3462	3.5658E-3	452.9531	720.0022	3.3269E-3	66.3462	
demographic.popSize143	127.428	204.6465	65.526	2.363E-3	448.3548	710.5021	2.363E-3	65.526	
demographic.popSize144	129.3471	215.2356	67.7681	2.7719E-3	440.5304	628.7006	3.3539E-3	67.7681	
demographic.popSize145	127.6929	210.0048	64.5492	1.343E-3	448.9309	726.6149	0.0742	64.6011	
demographic.popSize146	130.3558	219.3981	66.8409	0.0156	452.026	707.8496	1.7105E-3	66.8409	
demographic.popSize147	129.2385	234.0732	65.4558	2.8327E-3	435.6814	687.2946	6.6387E-3	65.4596	
demographic.popSize148	128.7275	211.3301	66.1097	4.2986E-4	453.5042	768.2642	6.1908E-3	66.1097	
demographic.popSize149	131.752	230.1036	65.8802	0.0181	454.7659	679.736	0.0102	65.8802	
demographic.popSize150	128.8334	247.4246	64.4397	5.2513E-3	449.049	809.5613	5.2513E-3	64.4399	
demographic.popSize151	129.4092	215.1482	65.6551	4.8887E-3	444.2959	772.5262	4.8887E-3	65.6551	
demographic.popSize152	126.3447	211.8045	64.317	1.5579E-4	442.1006	707.0017	0.042	64.3347	
demographic.popSize153	126.9364	197.7703	66.2847	4.2055E-3	443.0495	777.5825	9.4694E-3	66.2847	
demographic.popSize154	131.1454	214.3775	67.3203	5.053E-3	455.9155	685.5462	1.8737E-3	67.3203	
demographic.popSize155	123.5005	192.0353	65.5226	0.0585	430.5671	703.1891	0.0585	65.5226	
demographic.popSize156	125.3714	208.1977	62.6383	0.0265	435.7427	687.6704	0.0265	62.6612	
demographic.popSize157	128.7701	214.2098	65.5659	0.0116	453.8907	779.2728	9.0163E-3	65.5659	
demographic.popSize158	127.0637	206.5084	66.0172	9.2635E-3	436.8986	831.7225	0.0364	66.0326	
demographic.popSize159	129.6514	222.3914	63.6473	4.6465E-3	456.2957	667.8115	4.6465E-3	63.6473	
demographic.popSize160	127.3587	203.0826	65.8453	0.0283	446.7834	740.5006	0.0221	65.8466	
demographic.popSize161	128.9106	212.3551	65.9736	2.3698E-3	460.2141	684.8573	2.3698E-3	65.9736	
demographic.popSize162	131.7665	228.9664	66.0525	5.4349E-3	459.1214	743.9321	9.9808E-3	66.0525	
demographic.popSize163	128.0947	209.8085	65.9019	2.1776E-3	441.4512	821.8849	1.2312E-3	65.9019	
demographic.popSize164	128.4723	196.5885	66.3904	3.3093E-3	446.7644	723.524	9.3104E-3	66.3904	
demographic.popSize165	129.7095	215.2176	66.3639	0.0106	456.1002	662.4829	0.0106	66.3639	
demographic.popSize166	129.2349	225.1426	64.5012	2.7559E-3	452.7026	706.5524	0.0108	64.5012	
demographic.popSize167	129.5474	226.5459	67.7695	0.0125	440.5079	699.2577	0.0125	67.7695	
demographic.popSize168	128.8592	207.1412	66.3618	0.0102	450.9988	749.5907	0.0102	66.3618	
demographic.popSize169	127.4168	207.7344	63.3056	3.2858E-3	447.9406	738.6016	0.012	63.3133	
demographic.popSize170	129.1782	205.8873	65.6427	4.3607E-3	458.7444	712.4492	4.3607E-3	65.6427	
demographic.popSize171	128.9209	213.9999	65.7053	6.9855E-3	443.5359	726.5909	0.0786	65.7392	
demographic.popSize172	126.1719	206.8281	64.3779	8.8877E-4	439.6441	764.405	0.0181	64.3921	
demographic.popSize173	128.0588	216.5063	65.3264	6.0023E-3	442.1125	690.6756	0.0299	65.3468	
demographic.popSize174	128.7632	207.2427	65.5127	0.0104	449.2044	693.5112	0.0212	65.5127	
demographic.popSize175	130.5609	223.5218	66.209	6.0403E-4	463.2764	670.6378	6.0403E-4	66.209	
demographic.popSize176	127.9066	211.5569	64.2039	2.4422E-3	450.5995	714.4795	0.0182	64.2085	
demographic.popSize177	131.1977	229.435	65.6976	1.9106E-3	458.5547	654.6696	0.1076	65.7779	
demographic.popSize178	130.1279	216.5313	65.7283	2.1235E-3	447.6067	685.168	2.1235E-3	65.7283	
demographic.popSize179	130.3709	215.5903	66.7827	2.9436E-3	448.1371	661.0823	1.6674E-3	66.7827	
demographic.popSize180	127.7873	210.5892	65.1172	2.4806E-3	447.406	742.1938	2.4806E-3	65.1172	
demographic.popSize181	129.0368	226.9409	64.5146	5.7008E-3	436.5005	665.5969	0.0259	64.5365	
demographic.popSize182	127.0815	211.951	65.2963	0.021	436.3073	758.9923	0.0451	65.3292	
demographic.popSize183	129.9934	218.8159	66.3322	9.7622E-4	464.9015	802.0871	6.4758E-3	66.3326	
demographic.popSize184	128.8524	223.3492	65.0224	5.1195E-3	448.8951	652.3493	0.0533	65.0444	
demographic.popSize185	127.5715	213.7443	65.0028	1.6043E-3	450.3662	827.9707	7.6275E-3	65.0028	
demographic.popSize186	129.026	201.7744	67.6386	0.0197	452.4506	811.1115	0.0229	67.6386	
demographic.popSize187	128.2276	199.7045	67.8599	3.0685E-3	446.5153	694.9808	0.0335	67.8894	
demographic.popSize188	126.9537	212.5016	65.6519	0.0142	432.702	736.8289	0.0395	65.658	
demographic.popSize189	129.5172	222.0408	66.8345	2.2927E-4	442.2967	727.8611	2.2927E-4	66.8345	
demographic.popSize190	130.7698	206.9846	66.996	9.6661E-5	456.5337	708.5363	1.0034E-3	66.996	
demographic.popSize191	130.7336	216.1822	65.6154	7.2731E-4	460.9975	657.7404	7.2731E-4	65.6154	
demographic.popSize192	127.6591	219.5233	64.6399	2.9867E-3	438.377	721.6336	0.0177	64.6399	
demographic.popSize193	127.6399	209.3656	65.3361	1.2043E-4	442.5823	741.5669	0.0155	65.3361	
demographic.popSize194	127.6427	212.8669	64.6558	0.0147	449.149	788.9816	0.0129	64.6558	
demographic.popSize195	128.0487	210.4742	64.1121	0.0266	457.1342	767.1408	0.0973	64.1202	
demographic.popSize196	130.9736	230.3763	64.219	1.5756E-3	460.9983	675.2049	1.5756E-3	64.219	
demographic.popSize197	129.9936	218.5688	66.299	4.1082E-3	451.4983	725.2011	0.0737	66.3592	
demographic.popSize198	127.5477	211.3594	63.3484	2.2584E-3	446.4354	714.1553	2.2584E-3	63.3484	
demographic.popSize199	126.2099	207.5688	61.3223	5.1181E-3	450.5109	780.995	0.0125	61.3258	
demographic.popSize200	126.6512	198.6945	62.4253	0.0122	454.7147	706.1057	0.017	62.4295	
demographic.indicators1	4.3787E-3	0.066	0	0	0	1183.6448	0	0	
demographic.indicators2	9.3493E-3	0.0962	0	0	0	373.0328	0	0	
demographic.indicators3	0.0302	0.1712	0	0	0	234.9511	0	0	
demographic.indicators4	3.7493E-3	0.0611	0	0	0	328.5788	0	0	
demographic.indicators5	8.8587E-3	0.0937	0	0	0	257.3904	0	0	
demographic.indicators6	1.8067E-3	0.0425	0	0	0	1044.9473	0	0	
demographic.indicators7	0.0217	0.1456	0	0	0	228.4877	0	0	
demographic.indicators8	0.0782	0.2685	0	0	1	202.9801	0	0	
demographic.indicators9	9.6067E-3	0.0975	0	0	0	222.2624	0	0	
demographic.indicators10	0.0684	0.2524	0	0	1	206.7205	0	0	
demographic.indicators11	2.028E-3	0.045	0	0	0	860.2861	0	0	
demographic.indicators12	0.0234	0.1511	0	0	0	215.7029	0	0	
demographic.indicators13	0.0524	0.2228	0	0	1	214.596	0	0	
demographic.indicators14	0.0619	0.241	0	0	1	211.3091	0	0	
demographic.indicators15	0.0444	0.2059	0	0	0	207.883	0	0	
demographic.indicators16	0.0886	0.2842	0	0	1	209.1131	0	0	
demographic.indicators17	6.1067E-4	0.0247	0	0	0	5900.4047	0	0	
demographic.indicators18	0.0158	0.1247	0	0	0	241.7599	0	0	
demographic.indicators19	0.0587	0.2351	0	0	1	210.6169	0	0	
demographic.indicators20	6.752E-3	0.0819	0	0	0	608.3761	0	0	
demographic.indicators21	0.1184	0.3231	0	0	1	202.8702	0	0	
demographic.indicators22	0.0217	0.1457	0	0	0	225.3799	0	0	
demographic.indicators23	0.0852	0.2792	0	0	1	202.8315	0	0	
demographic.indicators24	0.0515	0.2211	0	0	1	198.2877	0	0	
demographic.indicators25	0.0208	0.1427	0	0	0	290.0186	0	0	
demographic.indicators26	0.0194	0.1379	0	0	0	271.7058	0	0	
demographic.indicators27	0.0197	0.1388	0	0	0	227.008	0	0	
demographic.indicators28	0.0302	0.1712	0	0	0	241.3627	0	0	
demographic.indicators29	0.0631	0.2431	0	0	1	205.4373	0	0	
demographic.indicators30	0.0119	0.1082	0	0	0	392.1031	0	0	
demographic.indicators31	3.5453E-3	0.0594	0	0	0	1615.6096	0	0	
demographic.indicators32	7.3853E-3	0.0856	0	0	0	361.3244	0	0	
demographic.indicators33	6.6107E-3	0.081	0	0	0	799.0881	0	0	
demographic.indicators34	7.1E-3	0.084	0	0	0	553.8787	0	0	
demographic.indicators35	0.0114	0.106	0	0	0	686.5976	0	0	
demographic.indicators36	0.0105	0.1019	0	0	0	630.3315	0	0	
demographic.indicators37	5.848E-3	0.0762	0	0	0	750.3383	0	0	
demographic.indicators38	9.8733E-3	0.0989	0	0	0	334.7064	0	0	
demographic.indicators39	7.4413E-3	0.0859	0	0	0	521.2057	0	0	
demographic.indicators40	0.01	0.0996	0	0	0	711.5153	0	0	
demographic.indicators41	0.0274	0.1632	0	0	0	310.5955	0	0	
demographic.indicators42	7.3027E-3	0.0851	0	0	0	923.1217	0	0	
demographic.indicators43	2.684E-3	0.0517	0	0	0	2373.1284	0	0	
demographic.indicators44	0.0126	0.1117	0	0	0	381.0885	0	0	
demographic.indicators45	0.0163	0.1265	0	0	0	463.8377	0	0	
demographic.indicators46	7.532E-3	0.0865	0	0	0	1446.7725	0	0	
demographic.indicators47	0.0124	0.1107	0	0	0	447.7828	0	0	
demographic.indicators48	0.0168	0.1285	0	0	0	416.0046	0	0	
demographic.indicators49	0.0159	0.1251	0	0	0	604.0709	0	0	
demographic.indicators50	7.2587E-3	0.0849	0	0	0	960.635	0	0	
demographic.indicators51	7.588E-3	0.0868	0	0	0	1453.7016	0	0	
demographic.indicators52	0.0218	0.1461	0	0	0	642.6088	0	0	
demographic.indicators53	0.0148	0.1208	0	0	0	681.7646	0	0	
demographic.indicators54	7.816E-3	0.0881	0	0	0	1254.0971	0	0	
demographic.indicators55	0.0165	0.1273	0	0	0	598.6868	0	0	
demographic.indicators56	0.0101	0.1001	0	0	0	581.519	0	0	
demographic.indicators57	0.0395	0.1948	0	0	0	293.2033	0	0	
demographic.indicators58	0.0187	0.1354	0	0	0	554.4483	0	0	
demographic.indicators59	5.3267E-3	0.0728	0	0	0	1682.2872	0	0	
demographic.indicators60	9.8147E-3	0.0986	0	0	0	1368.9268	0	0	
demographic.indicators61	0.0147	0.1203	0	0	0	1074.3405	0	0	
demographic.indicators62	0.0247	0.1553	0	0	0	554.3179	0	0	
demographic.indicators63	0.0225	0.1482	0	0	0	532.0254	0	0	
demographic.indicators64	0.0189	0.1362	0	0	0	897.1455	0	0	
demographic.indicators65	0.0249	0.1558	0	0	0	492.7921	0	0	
demographic.indicators66	9.884E-3	0.0989	0	0	0	723.2154	0	0	
demographic.indicators67	0.0202	0.1406	0	0	0	862.2398	0	0	
demographic.indicators68	0.012	0.1089	0	0	0	830.9645	0	0	
demographic.indicators69	0.0275	0.1635	0	0	0	456.6967	0	0	
demographic.indicators70	9.5293E-3	0.0972	0	0	0	812.0173	0	0	
demographic.indicators71	0.0189	0.136	0	0	0	445.8711	0	0	
demographic.indicators72	0.0205	0.1416	0	0	0	779.9243	0	0	
demographic.indicators73	0.0247	0.1553	0	0	0	594.7173	0	0	
demographic.indicators74	0.0219	0.1462	0	0	0	592.5394	0	0	
demographic.indicators75	0.0147	0.1203	0	0	0	430.7681	0	0	
demographic.indicators76	8.3133E-3	0.0908	0	0	0	1348.5071	0	0	
demographic.indicators77	8.1187E-3	0.0897	0	0	0	815.0766	0	0	
demographic.indicators78	0.0134	0.1152	0	0	0	732.7791	0	0	
demographic.indicators79	0.0147	0.1203	0	0	0	730.0344	0	0	
demographic.indicators80	0.0224	0.1479	0	0	0	526.8511	0	0	
demographic.indicators81	0.0115	0.1065	0	0	0	900.0539	0	0	
demographic.indicators82	0.0168	0.1286	0	0	0	586.6043	0	0	
demographic.indicators83	4.7307E-3	0.0686	0	0	0	1957.1163	0	0	
demographic.indicators84	0.02	0.1399	0	0	0	662.5092	0	0	
demographic.indicators85	0.019	0.1364	0	0	0	719.0595	0	0	
demographic.indicators86	0.0151	0.1219	0	0	0	419.7222	0	0	
demographic.indicators87	0.0156	0.124	0	0	0	778.7508	0	0	
demographic.indicators88	0.0109	0.1041	0	0	0	737.7607	0	0	
demographic.indicators89	0.0209	0.1431	0	0	0	482.2964	0	0	
demographic.indicators90	7.9787E-3	0.089	0	0	0	680.4475	0	0	
demographic.indicators91	0.0128	0.1122	0	0	0	599.8367	0	0	
demographic.indicators92	0.012	0.1088	0	0	0	706.3674	0	0	
demographic.indicators93	6.6893E-3	0.0815	0	0	0	1543.7062	0	0	
demographic.indicators94	9.732E-3	0.0982	0	0	0	913.5274	0	0	
demographic.indicators95	8.3547E-3	0.091	0	0	0	1012.837	0	0	
demographic.indicators96	4.7013E-3	0.0684	0	0	0	1772.3397	0	0	
demographic.indicators97	3.0587E-3	0.0552	0	0	0	1567.874	0	0	
demographic.indicators98	7.172E-3	0.0844	0	0	0	1418.0072	0	0	
demographic.indicators99	4.4613E-3	0.0666	0	0	0	563.2326	0	0	
demographic.indicators100	5.6373E-3	0.0749	0	0	0	1494.7868	0	0	
demographic.indicators101	9.4347E-3	0.0967	0	0	0	1030.0553	0	0	
demographic.indicators102	7.364E-3	0.0855	0	0	0	1361.5512	0	0	
demographic.indicators103	0.0158	0.1249	0	0	0	401.1752	0	0	
demographic.indicators104	8.316E-3	0.0908	0	0	0	956.658	0	0	
demographic.indicators105	0.0116	0.1071	0	0	0	1020.1778	0	0	
demographic.indicators106	6.0387E-3	0.0775	0	0	0	1638.8947	0	0	
demographic.indicators107	6.68E-3	0.0815	0	0	0	1267.4915	0	0	
demographic.indicators108	4.828E-3	0.0693	0	0	0	1194.1883	0	0	
demographic.indicators109	3.724E-3	0.0609	0	0	0	2046.2225	0	0	
demographic.indicators110	6.608E-3	0.081	0	0	0	1553.2866	0	0	
demographic.indicators111	2.508E-3	0.05	0	0	0	3104.3066	0	0	
demographic.indicators112	0.0102	0.1007	0	0	0	833.6702	0	0	
demographic.indicators113	9.8053E-3	0.0985	0	0	0	494.354	0	0	
demographic.indicators114	4.8627E-3	0.0696	0	0	0	1131.4419	0	0	
demographic.indicators115	2.0187E-3	0.0449	0	0	0	5101.1922	0	0	
demographic.indicators116	4.932E-3	0.0701	0	0	0	1076.4333	0	0	
demographic.indicators117	3.448E-3	0.0586	0	0	0	3300.5768	0	0	
demographic.indicators118	2.664E-3	0.0515	0	0	0	4352.0129	0	0	
demographic.indicators119	5.416E-3	0.0734	0	0	0	1143.2696	0	0	
demographic.indicators120	3.3053E-3	0.0574	0	0	0	5380.0497	0	0	
demographic.indicators121	1.1467E-3	0.0338	0	0	0	17281.624	0	0	
demographic.indicators122	5.9293E-3	0.0768	0	0	0	1003.3423	0	0	
demographic.indicators123	3.3293E-3	0.0576	0	0	0	2642.451	0	0	
demographic.indicators124	6.2347E-3	0.0787	0	0	0	1142.7732	0	0	
demographic.indicators125	5.8053E-3	0.076	0	0	0	1446.2798	0	0	
demographic.indicators126	4.1013E-3	0.0639	0	0	0	1712.667	0	0	
demographic.indicators127	5.1467E-3	0.0716	0	0	0	1034.2352	0	0	
demographic.indicators128	5.0707E-3	0.071	0	0	0	1771.8413	0	0	
demographic.indicators129	4.0267E-3	0.0633	0	0	0	1444.0832	0	0	
demographic.indicators130	4.9067E-3	0.0699	0	0	0	3119.0516	0	0	
demographic.indicators131	2.804E-3	0.0529	0	0	0	2732.1699	0	0	
demographic.indicators132	6.72E-3	0.0817	0	0	0	1328.7307	0	0	
demographic.indicators133	4.3533E-3	0.0658	0	0	0	3826.1274	0	0	
demographic.indicators134	2.7973E-3	0.0528	0	0	0	2784.0627	0	0	
demographic.indicators135	4.844E-3	0.0694	0	0	0	746.0932	0	0	
demographic.indicators136	5.1013E-3	0.0712	0	0	0	1826.6673	0	0	
demographic.indicators137	5.9867E-3	0.0771	0	0	0	1416.1167	0	0	
demographic.indicators138	5.3453E-3	0.0729	0	0	0	2291.1779	0	0	
demographic.indicators139	4.0453E-3	0.0635	0	0	0	1955.3505	0	0	
demographic.indicators140	4.792E-3	0.0691	0	0	0	2156.0912	0	0	
demographic.indicators141	7.8027E-3	0.088	0	0	0	571.6536	0	0	
demographic.indicators142	3.0867E-3	0.0555	0	0	0	3818.2243	0	0	
demographic.indicators143	3.4973E-3	0.059	0	0	0	1565.085	0	0	
demographic.indicators144	7.5707E-3	0.0867	0	0	0	1087.0261	0	0	
demographic.indicators145	3.48E-3	0.0589	0	0	0	2275.0979	0	0	
demographic.indicators146	6.748E-3	0.0819	0	0	0	1467.9008	0	0	
demographic.indicators147	2.7787E-3	0.0526	0	0	0	4896.6007	0	0	
demographic.indicators148	5.1667E-3	0.0717	0	0	0	2220.8203	0	0	
demographic.indicators149	4.5187E-3	0.0671	0	0	0	2864.0857	0	0	
demographic.indicators150	4.9227E-3	0.07	0	0	0	3082.5812	0	0	
demographic.indicators151	0.0103	0.1008	0	0	0	628.3554	0	0	
demographic.indicators152	6.324E-3	0.0793	0	0	0	2402.2949	0	0	
demographic.indicators153	4.692E-3	0.0683	0	0	0	2470.283	0	0	
demographic.indicators154	5.3693E-3	0.0731	0	0	0	1076.978	0	0	
demographic.indicators155	4.8813E-3	0.0697	0	0	0	2535.8919	0	0	
demographic.indicators156	5.792E-3	0.0759	0	0	0	2168.0117	0	0	
demographic.indicators157	8.1E-3	0.0896	0	0	0	1576.6372	0	0	
demographic.indicators158	3.5827E-3	0.0597	0	0	0	2505.1641	0	0	
demographic.indicators159	3.2053E-3	0.0565	0	0	0	3250.2687	0	0	
demographic.indicators160	4.9027E-3	0.0698	0	0	0	2437.9182	0	0	
demographic.indicators161	6.8227E-3	0.0823	0	0	0	2022.1959	0	0	
demographic.indicators162	0.0104	0.1015	0	0	0	1644.6804	0	0	
demographic.indicators163	7.2707E-3	0.085	0	0	0	1324.6925	0	0	
demographic.indicators164	4.6053E-3	0.0677	0	0	0	5032.9869	0	0	
demographic.indicators165	3.556E-3	0.0595	0	0	0	4250.1812	0	0	
demographic.indicators166	6.3787E-3	0.0796	0	0	0	1979.9178	0	0	
demographic.indicators167	4.132E-3	0.0641	0	0	0	6003.3649	0	0	
demographic.indicators168	5.2387E-3	0.0722	0	0	0	1674.8091	0	0	
demographic.indicators169	4.4427E-3	0.0665	0	0	0	3958.1145	0	0	
demographic.indicators170	7.7973E-3	0.088	0	0	0	927.3949	0	0	
demographic.indicators171	7.6253E-3	0.087	0	0	0	1682.0583	0	0	
demographic.indicators172	4.476E-3	0.0668	0	0	0	4810.2074	0	0	
demographic.indicators173	6.9453E-3	0.083	0	0	0	2051.6626	0	0	
demographic.indicators174	8.2093E-3	0.0902	0	0	0	1474.7348	0	0	
demographic.indicators175	7.452E-3	0.086	0	0	0	1481.8451	0	0	
demographic.indicators176	5.6267E-3	0.0748	0	0	0	4119.3237	0	0	
demographic.indicators177	3.568E-3	0.0596	0	0	0	6336.4241	0	0	
demographic.indicators178	5.1213E-3	0.0714	0	0	0	3818.0191	0	0	
demographic.indicators179	5.0613E-3	0.071	0	0	0	4396.7464	0	0	
demographic.indicators180	4.3493E-3	0.0658	0	0	0	4526.9646	0	0	
demographic.indicators181	6.6613E-3	0.0813	0	0	0	2129.643	0	0	
demographic.indicators182	4.684E-3	0.0683	0	0	0	4124.5842	0	0	
demographic.indicators183	4.8227E-3	0.0693	0	0	0	2582.3094	0	0	
demographic.indicators184	6.2307E-3	0.0787	0	0	0	3546.0755	0	0	
demographic.indicators185	4.7867E-3	0.069	0	0	0	8308.307	0	0	
demographic.indicators186	5.0333E-3	0.0708	0	0	0	6850.2786	0	0	
demographic.indicators187	5.8307E-3	0.0761	0	0	0	4006.1646	0	0	
demographic.indicators188	8.0653E-3	0.0894	0	0	0	1249.1747	0	0	
demographic.indicators189	6.5707E-3	0.0808	0	0	0	4705.9825	0	0	
demographic.indicators190	7.0813E-3	0.0839	0	0	0	3662.3815	0	0	
demographic.indicators191	8.9067E-3	0.094	0	0	0	3145.937	0	0	
demographic.indicators192	0.0102	0.1007	0	0	0	2923.3274	0	0	
demographic.indicators193	0.011	0.1042	0	0	0	2983.5419	0	0	
demographic.indicators194	0.0142	0.1185	0	0	0	1645.9559	0	0	
demographic.indicators195	0.0141	0.1179	0	0	0	4107.7048	0	0	
demographic.indicators196	0.0193	0.1377	0	0	0	3343.6918	0	0	
demographic.indicators197	0.0226	0.1485	0	0	0	2373.4489	0	0	
demographic.indicators198	0.0407	0.1975	0	0	0	1208.2995	0	0	
demographic.indicators199	0.0446	0.2064	0	0	0	1885.0091	0	0	
kappa	2.3276	0.1535	2.3237	2.0384	2.6359	35943.5255	2.2172	2.4234	
frequencies1	0.2842	0.0105	0.284	0.2634	0.3045	12787.4291	0.2772	0.2914	
frequencies2	0.2063	9.0395E-3	0.2063	0.189	0.2243	10499.09	0.1998	0.2119	
frequencies3	0.1872	8.6284E-3	0.1871	0.1712	0.2046	14297.3974	0.181	0.1927	
frequencies4	0.3223	0.0112	0.3221	0.3008	0.3448	12095.8015	0.3151	0.3302	
alpha	0.8305	0.2435	0.8058	0.3896	1.2794	2423.2283	0.5799	0.9063	
pInv	0.2492	0.08	0.262	0.0806	0.384	2072.3782	0.2321	0.3318	
default.ucld.mean	1.0562E-3	3.1499E-4	9.9855E-4	5.5619E-4	1.6848E-3	235.2954	6.9647E-4	1.0795E-3	
default.ucld.stdev	3.5975E-3	2.1254E-3	3.0462E-3	9.8022E-4	7.6176E-3	289.4113	1.4709E-3	3.2906E-3	
host_groups.ucld.mean	8.0971E-3	2.1023E-3	7.8941E-3	4.239E-3	0.0122	435.8658	6.2577E-3	8.9988E-3	
host_groups.ucld.stdev	6.9943E-3	6.6458E-3	5.2096E-3	1.1617E-7	0.0195	828.1893	1.4577E-6	5.2103E-3	
default.meanRate	7.8848E-4	1.5843E-4	7.8004E-4	4.874E-4	1.0939E-3	233.7632	6.616E-4	8.7789E-4	
default.coefficientOfVariation	2.2439	0.4085	2.1784	1.5606	3.0632	367.4287	1.8619	2.3227	
default.covariance	0.0175	0.0482	8.6728E-3	-0.0594	0.1136	1183.1005	-0.0299	0.0232	
host_groups.meanRate	8.4769E-3	2.4465E-3	8.1734E-3	4.1075E-3	0.0132	493.0067	6.2413E-3	9.2077E-3	
host_groups.coefficientOfVariation	0.8014	0.6134	0.676	5.4925E-6	1.9927	802.9187	2.1021E-4	0.6762	
host_groups.covariance	-0.0039	0.0492	-0.0067	-0.0962	0.0955	17419.0807	-0.0442	0.0205	
host_groups.rates.Amaranthaceae.Brassicaceae	1.0274	0.5983	0.9097	0.1135	2.2086	6138.9772	0.422	1.0786	
host_groups.rates.Amaranthaceae.Fabaceae	1.1018	0.777	0.9451	3.1036E-4	2.5689	3039.082	0.3029	1.1525	
host_groups.rates.Amaranthaceae.Poaceae	1.4736	0.7543	1.3376	0.2646	2.9726	6775.1158	0.7181	1.5882	
host_groups.rates.Amaranthaceae.Solanaceae	1.0936	0.6086	0.9777	0.1416	2.2981	8749.7776	0.4752	1.1592	
host_groups.rates.Brassicaceae.Fabaceae	0.9109	0.9551	0.6013	1.3865E-4	2.8231	9836.573	3.4021E-4	0.6014	
host_groups.rates.Brassicaceae.Poaceae	1.2771	0.7445	1.1263	0.1547	2.7524	7673.4427	0.5002	1.3193	
host_groups.rates.Brassicaceae.Solanaceae	0.8276	0.7856	0.6073	1.5932E-4	2.3319	10533.422	0.034	0.636	
host_groups.rates.Fabaceae.Poaceae	0.8879	0.8987	0.6146	4.1468E-5	2.6655	9203.8345	1.7216E-4	0.6147	
host_groups.rates.Fabaceae.Solanaceae	0.906	0.9725	0.5865	3.2779E-5	2.849	8133.8684	3.703E-5	0.5865	
host_groups.rates.Poaceae.Solanaceae	0.8903	0.9365	0.5915	2.3477E-6	2.7662	9045.0087	2.6975E-6	0.5915	
host_groups.rates.Brassicaceae.Amaranthaceae	0.8975	0.9546	0.5887	1.6194E-5	2.8166	8654.2077	1.6194E-5	0.5887	
host_groups.rates.Fabaceae.Amaranthaceae	0.8118	0.6933	0.6551	4.6307E-5	2.109	3845.7142	6.3955E-5	0.6552	
host_groups.rates.Poaceae.Amaranthaceae	0.8573	0.9058	0.5657	2.1938E-5	2.6698	9147.0402	2.3813E-5	0.5657	
host_groups.rates.Solanaceae.Amaranthaceae	0.8997	0.9566	0.5873	5.4808E-5	2.8239	8726.9848	7.2351E-5	0.5873	
host_groups.rates.Fabaceae.Brassicaceae	0.898	0.9496	0.5877	1.3137E-5	2.8058	8814.6815	2.867E-5	0.5877	
host_groups.rates.Poaceae.Brassicaceae	0.881	0.9313	0.5816	2.0963E-5	2.7429	9032.3699	3.3854E-5	0.5816	
host_groups.rates.Solanaceae.Brassicaceae	0.8396	0.844	0.5868	4.5919E-5	2.5012	9550.9143	4.6284E-5	0.5868	
host_groups.rates.Poaceae.Fabaceae	1.3616	0.8025	1.2205	0.0133	2.8857	3887.2625	0.5743	1.4994	
host_groups.rates.Solanaceae.Fabaceae	1.0258	0.6166	0.8956	0.1178	2.2419	12713.75	0.3841	1.0436	
host_groups.rates.Solanaceae.Poaceae	0.9185	0.965	0.6056	1.5583E-5	2.8594	9367.5647	1.5583E-5	0.6056	
host_groups.indicators.Amaranthaceae.Brassicaceae	0.9847	0.1227	1	1	1	3873.0939	1	1	
host_groups.indicators.Amaranthaceae.Fabaceae	0.8363	0.37	1	0	1	1310.2215	1	1	
host_groups.indicators.Amaranthaceae.Poaceae	0.9965	0.0592	1	1	1	2714.7007	1	1	
host_groups.indicators.Amaranthaceae.Solanaceae	0.9943	0.0756	1	1	1	8037.8341	1	1	
host_groups.indicators.Brassicaceae.Fabaceae	0.1231	0.3286	0	0	1	25169.3269	0	0	
host_groups.indicators.Brassicaceae.Poaceae	0.9991	0.0301	1	1	1	6085.2122	1	1	
host_groups.indicators.Brassicaceae.Solanaceae	0.5613	0.4962	1	0	1	1682.8311	1	1	
host_groups.indicators.Fabaceae.Poaceae	0.2997	0.4581	0	0	1	2201.6695	0	0	
host_groups.indicators.Fabaceae.Solanaceae	0.1321	0.3386	0	0	1	11839.8416	0	0	
host_groups.indicators.Poaceae.Solanaceae	0.1803	0.3845	0	0	1	6489.3519	0	0	
host_groups.indicators.Brassicaceae.Amaranthaceae	0.1626	0.369	0	0	1	13721.8858	0	0	
host_groups.indicators.Fabaceae.Amaranthaceae	0.8094	0.3928	1	0	1	1331.8445	1	1	
host_groups.indicators.Poaceae.Amaranthaceae	0.2342	0.4235	0	0	1	3833.6018	0	0	
host_groups.indicators.Solanaceae.Amaranthaceae	0.1542	0.3611	0	0	1	7672.1399	0	0	
host_groups.indicators.Fabaceae.Brassicaceae	0.1636	0.3699	0	0	1	4588.6134	0	0	
host_groups.indicators.Poaceae.Brassicaceae	0.24	0.4271	0	0	1	1914.504	0	0	
host_groups.indicators.Solanaceae.Brassicaceae	0.4094	0.4917	0	0	1	1855.0236	0	0	
host_groups.indicators.Poaceae.Fabaceae	0.9567	0.2034	1	1	1	1066.7561	1	1	
host_groups.indicators.Solanaceae.Fabaceae	0.9987	0.0363	1	1	1	27725.2489	1	1	
host_groups.indicators.Solanaceae.Poaceae	0.1176	0.3221	0	0	1	19520.2021	0	0	
host_groups.nonZeroRates	10.3539	1.5363	10	8	13	2595.3114	8	10	
default.treeLikelihood	-7209.1391	13.7848	-7208.8275	-7236.2247	-7182.274	1072.1988	-7217.5873	-7199.0844	
default.branchRates	-2382.6079	0	0	0	0	NaN	0	0	
host_groups.branchRates	-2382.6079	0	0	0	0	NaN	0	0	
c_host_groups.count[1]	43.8771	4.2466	43	37	52	1205.0064	39	44	
c_allTransitions[1]	43.8756	4.2391	43	37	52	1206.0268	39	44	
coalescent	-1190.4615	39.0344	-1190.9418	-1263.4597	-1113.7949	225.9639	-1222.6629	-1166.504	

