burnIn   <= 25000000,   maxState  = 100000000
statistic	mean	stdErr	median	hpdLower	hpdUpper	ESS	50hpdLower	50hpdUpper
joint	-14093.0761	155.171	-14085.3787	-14402.5938	-13799.8499	233.8555	-14167.8571	-13960.7185	
prior	-6989.6282	154.7679	-6984.0719	-7305.029	-6704.1634	231.7218	-7079.6683	-6871.6758	
likelihood	-7103.4479	18.1315	-7103.3143	-7139.0799	-7068.0617	616.9228	-7114.9815	-7090.54	
treeModel.rootHeight	162.8435	55.0961	153.0085	70.7316	271.7871	265.3719	114.5313	173.6302	
age(root)	1858.1565	55.0961	1867.9915	1749.2129	1950.2684	265.3719	1847.3698	1906.4687	
treeLength	2116.0652	466.5529	2025.5215	1354.7206	3098.34	205.2266	1712.9555	2213.5063	
tmrca(ingroup)	162.8435	55.0961	153.0085	70.7316	271.7871	265.3719	114.5313	173.6302	
age(ingroup)	1858.1565	55.0961	1867.9915	1749.2129	1950.2684	265.3719	1847.3698	1906.4687	
demographic.populationSizeChanges	2.7775	0.7735	3	2	4	446.529	2	3	
demographic.populationMean	92.8448	99.3414	67.0406	12.2326	238.3505	252.6942	24.9971	73.7326	
demographic.popSize1	50.0446	58.67	33.1028	0.119	167.3671	218.0096	0.119	33.1028	
demographic.popSize2	93.6291	159.8263	46.0717	2.492E-3	326.105	684.4967	2.492E-3	46.0717	
demographic.popSize3	90.2503	159.8079	45.7313	0.0142	311.5521	717.0819	3.0786E-3	45.7313	
demographic.popSize4	91.0994	172.1257	44.4058	2.8395E-3	312.9014	685.077	0.0298	44.4178	
demographic.popSize5	94.6168	162.7541	46.2564	2.0349E-3	333.4928	596.0807	0.0134	46.2575	
demographic.popSize6	93.3311	163.1391	46.5154	1.0883E-3	324.0092	671.717	0.0277	46.5252	
demographic.popSize7	94.4771	177.0835	46.6208	8.607E-3	332.721	705.7012	8.607E-3	46.6208	
demographic.popSize8	92.3679	165.7136	45.3518	2.1074E-4	318.4161	781.8073	9.3542E-4	45.3518	
demographic.popSize9	94.9423	172.7862	47.4224	6.4196E-3	327.9861	645.9488	7.9902E-3	47.4233	
demographic.popSize10	90.3728	167.4851	42.838	2.2246E-3	322.1646	673.4588	2.2246E-3	42.838	
demographic.popSize11	92.5667	169.7875	45.2747	8.1427E-3	316.6631	653.2484	5.3084E-3	45.2747	
demographic.popSize12	91.9361	176.8179	45.3739	7.2251E-3	322.1956	659.4484	7.2251E-3	45.3739	
demographic.popSize13	92.7537	164.5482	46.5779	2.8981E-3	322.6866	700.4647	2.8981E-3	46.5779	
demographic.popSize14	90.8743	161.6968	44.9687	2.8657E-3	322.8023	770.6985	3.2786E-4	44.9687	
demographic.popSize15	94.4307	175.9331	46.2316	4.0616E-3	336.459	744.0022	4.0616E-3	46.2316	
demographic.popSize16	92.0501	159.8489	44.4827	1.8106E-4	324.191	639.2999	7.9484E-3	44.4827	
demographic.popSize17	94.3919	172.9117	45.91	3.9315E-3	332.4966	619.565	3.9315E-3	45.91	
demographic.popSize18	79.0466	154.1595	34.127	4.2166E-4	297.2951	575.3768	4.2166E-4	34.127	
demographic.popSize19	90.1519	149.6216	45.0496	1.1428E-3	313.8749	688.8408	0.0108	45.0538	
demographic.popSize20	93.2948	169.2369	46.6031	0.018	322.7926	654.7593	0.018	46.6031	
demographic.popSize21	87.7074	179.0172	39.5942	5.0939E-3	315.5526	596.8678	7.8789E-4	39.5942	
demographic.popSize22	90.8536	148.7021	45.2819	4.8506E-3	322.7443	716.9614	4.8506E-3	45.2819	
demographic.popSize23	92.0897	169.1396	43.4857	4.3515E-3	327.5869	610.355	4.3515E-3	43.4857	
demographic.popSize24	79.0816	121.8045	39.9095	1.4205E-3	283.0694	836.6124	1.4205E-3	39.9095	
demographic.popSize25	89.6018	163.8483	43.9534	2.7208E-4	315.6134	687.8425	6.4092E-3	43.9534	
demographic.popSize26	93.1272	167.6832	45.9627	0.0111	326.4468	669.9552	1.7087E-3	45.9627	
demographic.popSize27	86.699	160.1938	40.1526	2.2263E-4	315.2356	695.6315	2.2263E-4	40.1526	
demographic.popSize28	91.6771	166.6231	43.6604	9.6492E-4	328.6046	595.8984	0.0125	43.6682	
demographic.popSize29	79.9862	154.1361	35.4737	1.2138E-3	291.4319	565.8994	1.2138E-3	35.4737	
demographic.popSize30	94.6087	179.1286	45.9428	1.2018E-3	330.6632	642.3154	1.2018E-3	45.9428	
demographic.popSize31	92.4114	162.3603	46.0438	0.0105	320.9241	701.0862	0.0105	46.0438	
demographic.popSize32	93.4495	183.0866	46.1054	2.0485E-3	325.039	761.7791	0.0779	46.1177	
demographic.popSize33	93.1851	164.4295	46.413	2.0043E-3	329.615	661.2189	2.0043E-3	46.413	
demographic.popSize34	92.2976	164.1922	45.6802	5.2289E-3	327.0454	736.669	0.0312	45.7007	
demographic.popSize35	93.0042	168.1312	45.0254	3.9898E-3	330.4441	675.9274	3.9898E-3	45.0254	
demographic.popSize36	92.9951	170.4896	45.244	2.5883E-4	320.1415	604.7325	2.5883E-4	45.244	
demographic.popSize37	91.9183	165.6023	45.5383	5.9803E-4	320.7688	678.1468	5.1883E-3	45.5414	
demographic.popSize38	93.1864	163.0605	45.7715	6.3949E-3	334.3601	663.0781	0.0842	45.8291	
demographic.popSize39	93.1837	168.443	44.7634	1.1923E-3	332.927	662.164	1.1923E-3	44.7634	
demographic.popSize40	88.8569	147.6525	45.4623	9.8447E-3	309.3983	736.9696	0.0175	45.4696	
demographic.popSize41	94.3002	191.7507	46.42	1.375E-3	321.1835	693.3218	1.375E-3	46.42	
demographic.popSize42	93.6222	159.9744	45.6346	0.0148	333.8887	708.0424	5.4005E-4	45.6346	
demographic.popSize43	92.4521	160.1972	46.1137	0.017	326.0306	674.7579	0.0507	46.1489	
demographic.popSize44	93.0894	169.6707	45.4289	6.9567E-3	326.4667	623.8818	6.9567E-3	45.4322	
demographic.popSize45	92.0212	185.2754	45.4513	6.5562E-3	314.1014	593.1526	0.0462	45.481	
demographic.popSize46	92.2095	164.9954	45.5057	7.0191E-4	318.365	669.7929	4.3442E-3	45.5073	
demographic.popSize47	91.8531	184.3256	45.0239	6.9996E-3	315.9635	719.1585	6.9996E-3	45.0301	
demographic.popSize48	94.1893	197.5428	45.7328	2.2957E-3	326.5887	765.2256	2.2957E-3	45.7328	
demographic.popSize49	92.4605	156.2567	45.8743	8.8063E-4	322.3203	643.7	0.0114	45.8743	
demographic.popSize50	93.1929	183.1725	46.3561	9.2671E-4	323.2996	743.3669	0.0582	46.3937	
demographic.popSize51	92.7092	164.3378	46.4097	0.011	323.1697	644.2423	3.6511E-3	46.4103	
demographic.popSize52	89.468	155.09	43.5753	6.9706E-3	315.9436	783.3007	5.7312E-3	43.5753	
demographic.popSize53	90.3137	153.3621	44.7292	6.9914E-3	311.9187	707.6853	6.7583E-3	44.7292	
demographic.popSize54	91.8873	214.4068	44.0991	6.5841E-4	318.7594	1012.1054	1.7953E-3	44.0991	
demographic.popSize55	91.4763	169.5511	43.4936	6.4198E-4	322.9009	699.3449	6.4198E-4	43.4936	
demographic.popSize56	94.024	164.6603	45.2432	3.7352E-3	345.3284	670.0293	9.34E-3	45.2484	
demographic.popSize57	90.2038	154.0073	45.0191	3.5513E-3	315.5764	659.2984	3.5513E-3	45.0191	
demographic.popSize58	89.0398	157.3514	43.2277	7.8971E-3	313.4734	627.115	0.0133	43.2277	
demographic.popSize59	90.7409	154.0835	44.6851	8.1968E-3	330.8485	704.1632	0.0343	44.7096	
demographic.popSize60	89.5678	155.3935	44.2471	0.0128	316.9177	735.3678	0.0165	44.2489	
demographic.popSize61	92.5955	148.7054	46.3938	3.8347E-3	333.8036	766.9363	2.8386E-3	46.3938	
demographic.popSize62	89.0384	158.0086	43.0122	1.744E-3	310.5871	668.6911	1.744E-3	43.0122	
demographic.popSize63	90.7286	158.8385	44.0535	8.3974E-3	314.6467	650.324	0.032	44.0662	
demographic.popSize64	92.1528	166.668	44.9004	5.1727E-3	321.8314	678.4535	6.4963E-3	44.9004	
demographic.popSize65	91.3319	150.9363	47.6658	0.0294	313.5941	724.6645	0.0113	47.6658	
demographic.popSize66	93.4725	160.4641	45.9075	1.8212E-3	325.7532	677.0168	0.0136	45.9186	
demographic.popSize67	96.1014	204.856	48.7742	6.4341E-4	324.3764	740.7843	0.0446	48.8115	
demographic.popSize68	94.344	185.0514	47.5053	3.4691E-3	325.4567	758.2444	3.4691E-3	47.5053	
demographic.popSize69	92.9533	194.3753	47.1798	1.975E-3	308.6075	747.4234	0.0353	47.1867	
demographic.popSize70	93.9784	177.1364	47.2134	5.6118E-4	322.3997	738.6415	8.6039E-3	47.2207	
demographic.popSize71	97.8085	165.5684	50.4923	9.4421E-3	333.9284	627.7159	0.0179	50.4933	
demographic.popSize72	93.5929	160.7827	47.4111	0.0124	324.5746	626.9575	0.031	47.4111	
demographic.popSize73	94.2332	172.1183	48.4447	4.0296E-3	329.9769	809.3131	0.0114	48.4447	
demographic.popSize74	94.5371	168.9888	48.0344	7.3859E-5	322.0202	615.1307	0.02	48.0344	
demographic.popSize75	92.8556	157.3894	46.2843	0.0113	316.3417	671.3038	0.0202	46.2954	
demographic.popSize76	95.0978	160.5965	46.8805	5.7415E-4	337.4819	622.8524	0.0122	46.8805	
demographic.popSize77	96.2031	179.8626	49.0472	0.018	317.5309	575.6317	0.035	49.0724	
demographic.popSize78	94.8532	170.8641	49.0367	4.0661E-3	313.1563	659.2716	0.0121	49.041	
demographic.popSize79	95.2967	167.8056	48.4512	1.038E-3	318.6693	611.6215	1.038E-3	48.4512	
demographic.popSize80	92.8746	159.5898	47.5805	0.0104	320.5544	718.7074	0.0104	47.5818	
demographic.popSize81	94.7386	165.5486	48.2704	9.747E-3	319.9539	623.4445	7.1864E-3	48.2704	
demographic.popSize82	93.5911	159.88	48.0921	3.8533E-3	315.5384	759.8918	3.8533E-3	48.0921	
demographic.popSize83	94.3927	165.2654	48.3107	5.2418E-3	335.468	672.6651	0.0333	48.3155	
demographic.popSize84	93.5945	178.2149	47.0827	1.5341E-4	311.3875	659.4899	1.5341E-4	47.0827	
demographic.popSize85	90.9218	152.8822	46.625	3.3837E-3	315.0315	682.0513	8.8763E-3	46.625	
demographic.popSize86	95.9004	175.5258	48.1997	4.2445E-3	330.346	698.6762	0.0157	48.206	
demographic.popSize87	92.6267	159.6775	45.8355	1.5988E-3	324.3508	695.6163	0.0295	45.8612	
demographic.popSize88	91.5238	161.891	46.0557	6.8545E-3	312.1793	663.1441	0.0174	46.0675	
demographic.popSize89	94.8285	184.5418	46.3512	7.9446E-3	335.7108	681.8775	7.9446E-3	46.3512	
demographic.popSize90	97.75	183.2273	47.716	2.1496E-4	337.6527	631.3586	0.0285	47.7262	
demographic.popSize91	94.416	169.9816	47.6701	4.3845E-3	327.8886	669.8317	0.0205	47.6701	
demographic.popSize92	92.9504	161.9005	47.0412	0.0126	319.5477	758.4312	0.0272	47.048	
demographic.popSize93	94.2648	160.6259	47.3629	1.1434E-3	329.3848	725.4501	3.3194E-3	47.3643	
demographic.popSize94	88.4859	130.0282	48.0843	9.3429E-4	310.3487	919.5896	9.3429E-4	48.0843	
demographic.popSize95	95.0406	164.354	47.2543	5.1502E-3	333.043	667.9727	5.1502E-3	47.2543	
demographic.popSize96	92.4594	181.5184	45.8379	5.9368E-3	316.8301	858.9726	5.9368E-3	45.8379	
demographic.popSize97	93.1056	157.1584	46.6381	6.4185E-4	315.0405	676.1844	5.905E-3	46.6409	
demographic.popSize98	92.2401	164.7098	45.208	8.7802E-3	317.6778	690.4027	2.3416E-3	45.208	
demographic.popSize99	93.5255	166.4343	47.3425	0.0114	319.8237	768.0969	3.3677E-3	47.3425	
demographic.popSize100	91.8596	169.321	45.37	9.1728E-5	317.1535	714.4152	9.8416E-3	45.3741	
demographic.popSize101	92.0357	164.0994	46.2978	4.5839E-3	319.694	628.6056	4.5839E-3	46.2978	
demographic.popSize102	94.6534	199.6735	47.2899	2.0482E-3	317.3243	789.7831	2.0482E-3	47.2899	
demographic.popSize103	91.186	154.5246	46.1553	2.9196E-3	316.4534	745.4273	2.9196E-3	46.1553	
demographic.popSize104	93.1496	159.2082	45.7158	5.3868E-3	333.7501	658.7282	1.7275E-3	45.7158	
demographic.popSize105	92.7511	160.8493	46.5806	3.6959E-3	326.3773	653.3082	6.2955E-3	46.5806	
demographic.popSize106	92.5714	164.5086	46.1604	3.6716E-3	320.2589	749.1458	3.6716E-3	46.1604	
demographic.popSize107	93.061	168.3579	46.4782	5.7594E-3	325.9528	623.9703	5.7594E-3	46.4782	
demographic.popSize108	92.9136	153.2542	47.118	2.4614E-3	324.128	701.8711	0.0772	47.1724	
demographic.popSize109	91.831	158.5365	45.7404	6.7911E-4	322.0872	651.1245	0.0171	45.742	
demographic.popSize110	92.6145	157.757	46.0182	6.5784E-3	324.1149	691.0149	8.3914E-3	46.0182	
demographic.popSize111	95.1848	183.9208	46.9138	1.1801E-3	315.9202	680.724	5.5939E-3	46.9175	
demographic.popSize112	93.9707	173.6095	45.9303	1.8865E-3	329.2915	708.3936	8.4275E-5	45.9303	
demographic.popSize113	92.4187	154.9193	45.5566	1.2051E-3	321.2905	614.8129	0.01	45.5609	
demographic.popSize114	93.8675	169.327	47.0633	1.5105E-3	327.0077	671.3345	4.4993E-5	47.0633	
demographic.popSize115	94.1678	175.9253	46.8139	2.4527E-3	315.9002	666.8189	2.4527E-3	46.8139	
demographic.popSize116	96.0912	192.1341	48.2441	6.3971E-4	321.7796	678.0742	0.011	48.2482	
demographic.popSize117	90.8408	151.6534	44.9147	0.0149	320.74	680.7487	1.0173E-3	44.9147	
demographic.popSize118	95.1625	181.6958	46.5907	1.6118E-3	324.3638	751.6137	1.6118E-3	46.5907	
demographic.popSize119	95.7703	196.1708	46.9746	0.0135	329.2525	855.545	7.8112E-3	46.9746	
demographic.popSize120	93.3451	176.5989	46.5843	8.5104E-3	322.564	784.4311	4.0367E-3	46.5843	
demographic.popSize121	91.9162	155.3149	46.9751	3.2E-4	319.0221	666.8697	0.0226	46.9904	
demographic.popSize122	94.6812	168.8194	47.0372	1.8973E-3	326.1708	685.6233	1.8973E-3	47.0372	
demographic.popSize123	91.5935	170.6542	46.0364	0.0111	311.7092	776.724	6.0258E-3	46.0364	
demographic.popSize124	93.0572	171.4412	46.0285	1.6042E-4	333.2793	688.7238	1.6042E-4	46.0285	
demographic.popSize125	94.6582	169.651	46.4503	2.4789E-3	330.273	668.7203	0.012	46.4503	
demographic.popSize126	94.487	167.1683	45.579	1.4969E-3	333.9814	647.006	1.4969E-3	45.579	
demographic.popSize127	93.8059	199.295	45.8419	4.4381E-3	324.7708	835.028	4.4381E-3	45.8419	
demographic.popSize128	93.7191	166.7359	47.2179	3.5671E-3	329.6112	744.9399	3.5671E-3	47.2179	
demographic.popSize129	92.2997	163.1236	46.7039	5.3763E-3	322.4859	700.2048	9.7706E-3	46.7045	
demographic.popSize130	92.717	184.8618	45.1628	3.7044E-3	325.5293	785.8595	5.6417E-3	45.1637	
demographic.popSize131	92.4638	181.4007	45.8529	1.4115E-3	310.1925	634.7541	8.5918E-3	45.8529	
demographic.popSize132	90.9693	152.9784	46.2525	2.4553E-3	322.4966	705.3663	2.4553E-3	46.2525	
demographic.popSize133	94.3425	180.3859	46.4797	6.7491E-3	320.6136	635.5613	0.0343	46.4983	
demographic.popSize134	93.9287	223.7756	44.7403	5.4703E-3	321.2922	869.6039	0.022	44.755	
demographic.popSize135	94.1273	172.8414	45.993	0.0157	331.2342	649.4879	0.0157	45.993	
demographic.popSize136	94.2234	167.218	46.9978	2.2815E-3	330.0755	753.0709	0.015	46.9978	
demographic.popSize137	93.1049	152.5134	47.3666	2.0666E-3	326.2746	679.5546	1.5546E-3	47.3666	
demographic.popSize138	92.8099	191.1598	46.2638	2.5572E-3	323.8573	831.5576	2.5572E-3	46.2638	
demographic.popSize139	93.3504	170.5752	46.156	2.2118E-3	323.4127	616.6862	2.2118E-3	46.156	
demographic.popSize140	94.4674	161.2624	46.5909	3.3744E-3	332.3124	685.9052	0.0434	46.6291	
demographic.popSize141	91.8836	155.752	44.4967	1.7308E-3	327.6802	656.7163	0.0121	44.4984	
demographic.popSize142	92.2439	174.3685	45.522	5.0208E-4	312.038	675.4436	5.0208E-4	45.522	
demographic.popSize143	91.8531	156.4294	45.8034	8.1769E-4	323.0607	657.633	6.2991E-3	45.8034	
demographic.popSize144	93.4118	169.3542	47.0624	7.6142E-3	327.5278	713.8094	0.0101	47.0624	
demographic.popSize145	93.2011	165.2782	46.6015	4.808E-3	323.665	749.7931	2.0994E-3	46.6015	
demographic.popSize146	91.683	162.1833	46.3099	2.2831E-3	318.5115	684.9558	7.2588E-3	46.3133	
demographic.popSize147	92.2257	204.2245	47.1588	1.1004E-3	316.4288	871.4372	1.959E-3	47.1597	
demographic.popSize148	90.6138	145.4889	45.9774	1.5358E-3	321.0593	711.6448	1.5358E-3	45.9774	
demographic.popSize149	90.393	151.7983	46.1238	7.1131E-4	319.2266	683.9253	3.6302E-3	46.1238	
demographic.popSize150	90.8299	147.8561	45.727	0.0101	315.8194	749.9383	0.0119	45.727	
demographic.popSize151	95.2711	197.3175	46.5364	9.3258E-3	333.3918	670.5134	0.0106	46.5364	
demographic.popSize152	93.3351	159.0991	48.2038	9.3739E-4	326.9182	718.8066	9.3739E-4	48.2038	
demographic.popSize153	94.2309	187.574	46.7747	4.5568E-3	327.7071	656.2476	0.0235	46.7838	
demographic.popSize154	92.2003	167.1958	45.6868	1.2789E-3	315.3481	743.4348	0.0303	45.7082	
demographic.popSize155	93.678	183.2261	45.1926	7.557E-3	330.2787	752.5907	0.0134	45.1953	
demographic.popSize156	94.7318	170.4752	46.5647	1.0232E-3	326.2893	628.5993	2.4657E-3	46.5651	
demographic.popSize157	93.5511	170.0687	46.7321	5.118E-4	325.3138	640.0368	0.0204	46.7343	
demographic.popSize158	95.5669	190.7186	46.4227	2.6119E-3	333.6799	668.9698	0.0111	46.4302	
demographic.popSize159	92.8385	151.8955	46.348	1.4406E-3	323.9599	699.2232	0.0118	46.3562	
demographic.popSize160	91.4466	184.5843	45.6513	2.0445E-3	313.4431	825.1532	2.0445E-3	45.6513	
demographic.popSize161	94.4144	164.3394	46.1266	3.4476E-3	330.0591	640.4461	0.0109	46.1266	
demographic.popSize162	91.9961	164.0081	45.4357	0.0215	327.973	775.2063	0.0215	45.4374	
demographic.popSize163	94.516	172.57	46.197	1.278E-3	334.0305	706.3084	1.278E-3	46.197	
demographic.popSize164	93.2239	165.9566	45.4095	1.0189E-3	331.036	657.9628	1.0189E-3	45.4095	
demographic.popSize165	92.0839	148.7797	46.3989	6.3228E-3	326.6183	602.9503	0.0223	46.4052	
demographic.popSize166	94.0488	171.0906	46.6389	1.7205E-3	328.4609	637.2905	1.2318E-3	46.6389	
demographic.popSize167	93.2489	161.9629	46.6907	1.3674E-4	317.5296	667.8442	9.0036E-3	46.6907	
demographic.popSize168	91.3278	151.8349	45.6618	1.8472E-3	321.0885	719.0671	6.3929E-3	45.6618	
demographic.popSize169	92.7193	184.0137	45.0723	3.7925E-3	320.5366	732.0983	0.0164	45.0726	
demographic.popSize170	91.0871	156.6989	46.3032	1.6755E-3	314.931	730.1114	1.6755E-3	46.3032	
demographic.popSize171	93.2445	182.8185	45.7139	3.062E-3	328.4045	704.8507	3.062E-3	45.7139	
demographic.popSize172	93.6978	175.2568	45.8212	7.6122E-4	324.5956	646.4156	7.6122E-4	45.8212	
demographic.popSize173	93.6675	179.6707	46.4433	4.5453E-4	323.2842	640.4075	4.5453E-4	46.4433	
demographic.popSize174	90.643	157.7795	45.2316	5.2007E-3	317.0264	676.1308	8.1011E-3	45.2316	
demographic.popSize175	92.928	162.4588	46.3065	5.9629E-4	323.8368	706.1684	0.0129	46.3072	
demographic.popSize176	94.971	172.3622	46.5105	2.4336E-4	331.2447	631.3349	8.2388E-3	46.5173	
demographic.popSize177	91.6265	179.6591	45.5629	1.5706E-3	320.1366	905.245	0.0252	45.5692	
demographic.popSize178	92.9376	162.9535	46.9028	4.852E-3	327.8658	732.9529	4.852E-3	46.9028	
demographic.popSize179	94.3764	191.3017	45.7546	2.6436E-3	339.1463	814.3241	9.6854E-3	45.7546	
demographic.popSize180	91.1715	158.9632	45.6619	1.1613E-3	310.1384	724.1137	0.0157	45.6747	
demographic.popSize181	94.6144	172.0805	46.8703	0.0247	330.3807	645.092	0.0354	46.8865	
demographic.popSize182	93.5112	180.7156	45.7914	3.3738E-3	327.1358	655.4566	0.0118	45.7997	
demographic.popSize183	93.2157	164.5102	44.7768	7.8704E-3	332.3414	625.9423	7.8704E-3	44.7768	
demographic.popSize184	91.0361	150.5316	45.2792	9.262E-3	316.541	715.0896	9.262E-3	45.2792	
demographic.popSize185	91.7149	164.4029	46.1659	7.0501E-3	320.924	593.9462	7.0501E-3	46.1659	
demographic.popSize186	93.0975	164.2083	46.7685	8.1642E-3	318.7774	664.8391	9.4586E-3	46.7689	
demographic.popSize187	91.0156	155.8892	45.8996	4.8023E-3	316.0264	766.2901	4.8023E-3	45.8996	
demographic.popSize188	93.2484	163.7259	45.6717	4.1602E-3	331.8564	763.1972	0.0441	45.7098	
demographic.popSize189	90.7679	154.3468	45.3874	5.7208E-3	315.926	685.3349	5.7208E-3	45.3874	
demographic.popSize190	92.0534	178.0051	45.8627	4.6653E-3	305.7248	674.4584	6.7036E-3	45.863	
demographic.popSize191	94.5641	173.584	46.8846	1.5188E-3	328.4225	684.5296	1.5188E-3	46.8846	
demographic.popSize192	92.2653	166.1592	45.7251	4.1369E-4	319.0052	699.0002	0.0275	45.7294	
demographic.popSize193	90.8416	165.975	45.37	1.2642E-3	315.4362	630.5031	0.0257	45.3935	
demographic.popSize194	93.3734	176.5537	44.1762	3.9734E-3	326.7847	677.2833	3.9734E-3	44.1762	
demographic.popSize195	90.2247	151.9268	45.5311	8.4299E-3	314.7885	679.4584	8.4299E-3	45.5311	
demographic.popSize196	91.5885	179.6232	44.7585	6.7987E-3	321.1656	689.0746	0.0176	44.7585	
demographic.popSize197	93.0935	160.0602	45.9399	2.0751E-3	324.5717	631.7086	2.0751E-3	45.9399	
demographic.popSize198	92.6744	155.3242	45.6006	2.124E-3	325.1722	624.2452	1.99E-3	45.6006	
demographic.popSize199	87.5931	159.6841	42.7836	1.0547E-3	310.8091	747.8551	0.0338	42.7923	
demographic.popSize200	88.6571	168.6963	41.5891	2.2253E-3	317.0497	637.5451	2.2253E-3	41.5891	
demographic.indicators1	2.872E-3	0.0535	0	0	0	2495.4017	0	0	
demographic.indicators2	1.8827E-3	0.0433	0	0	0	6390.2123	0	0	
demographic.indicators3	5.8067E-3	0.076	0	0	0	1160.7258	0	0	
demographic.indicators4	4.6947E-3	0.0684	0	0	0	750.1933	0	0	
demographic.indicators5	3.232E-3	0.0568	0	0	0	2785.8417	0	0	
demographic.indicators6	9.2533E-4	0.0304	0	0	0	37630.5647	0	0	
demographic.indicators7	2.6787E-3	0.0517	0	0	0	1829.4871	0	0	
demographic.indicators8	1.3133E-3	0.0362	0	0	0	8144.4868	0	0	
demographic.indicators9	0.0337	0.1805	0	0	0	227.3433	0	0	
demographic.indicators10	2.9773E-3	0.0545	0	0	0	1270.9405	0	0	
demographic.indicators11	0.0171	0.1297	0	0	0	242.7626	0	0	
demographic.indicators12	6.8933E-3	0.0827	0	0	0	623.9639	0	0	
demographic.indicators13	5.5173E-3	0.0741	0	0	0	627.7423	0	0	
demographic.indicators14	1.7533E-3	0.0418	0	0	0	6724.8289	0	0	
demographic.indicators15	2.1813E-3	0.0467	0	0	0	1872.8749	0	0	
demographic.indicators16	7.5733E-3	0.0867	0	0	0	323.3593	0	0	
demographic.indicators17	0.126	0.3318	0	0	1	195.7655	0	0	
demographic.indicators18	6.9853E-3	0.0833	0	0	0	480.6231	0	0	
demographic.indicators19	8.4147E-3	0.0913	0	0	0	344.2626	0	0	
demographic.indicators20	0.0782	0.2685	0	0	1	199.2998	0	0	
demographic.indicators21	0.0151	0.1218	0	0	0	250.1821	0	0	
demographic.indicators22	0.0307	0.1724	0	0	0	240.833	0	0	
demographic.indicators23	0.0687	0.253	0	0	1	220.6133	0	0	
demographic.indicators24	0.0268	0.1616	0	0	0	225.3985	0	0	
demographic.indicators25	7.5493E-3	0.0866	0	0	0	671.6204	0	0	
demographic.indicators26	0.0784	0.2689	0	0	1	213.998	0	0	
demographic.indicators27	0.0457	0.2089	0	0	0	236.253	0	0	
demographic.indicators28	0.1249	0.3306	0	0	1	201.2382	0	0	
demographic.indicators29	1.5747E-3	0.0397	0	0	0	3319.0455	0	0	
demographic.indicators30	7.0347E-3	0.0836	0	0	0	364.1647	0	0	
demographic.indicators31	5.368E-3	0.0731	0	0	0	467.3598	0	0	
demographic.indicators32	2.392E-3	0.0488	0	0	0	2681.6587	0	0	
demographic.indicators33	1.768E-3	0.042	0	0	0	6476.0887	0	0	
demographic.indicators34	4.7747E-3	0.0689	0	0	0	1373.2267	0	0	
demographic.indicators35	1.436E-3	0.0379	0	0	0	17990.1324	0	0	
demographic.indicators36	2.2707E-3	0.0476	0	0	0	1782.2908	0	0	
demographic.indicators37	1.8373E-3	0.0428	0	0	0	7929.964	0	0	
demographic.indicators38	7.888E-3	0.0885	0	0	0	660.0795	0	0	
demographic.indicators39	6.4213E-3	0.0799	0	0	0	770.2146	0	0	
demographic.indicators40	1.628E-3	0.0403	0	0	0	17809.2947	0	0	
demographic.indicators41	6.6107E-3	0.081	0	0	0	1180.6929	0	0	
demographic.indicators42	3.9307E-3	0.0626	0	0	0	865.2874	0	0	
demographic.indicators43	9.2533E-3	0.0957	0	0	0	486.0804	0	0	
demographic.indicators44	6.9133E-3	0.0829	0	0	0	983.3422	0	0	
demographic.indicators45	0.0108	0.1033	0	0	0	587.2226	0	0	
demographic.indicators46	9.4533E-3	0.0968	0	0	0	948.5509	0	0	
demographic.indicators47	4.3613E-3	0.0659	0	0	0	2041.955	0	0	
demographic.indicators48	6.3133E-3	0.0792	0	0	0	850.9551	0	0	
demographic.indicators49	0.0161	0.1259	0	0	0	534.3892	0	0	
demographic.indicators50	0.0167	0.1282	0	0	0	432.8176	0	0	
demographic.indicators51	0.0147	0.1205	0	0	0	614.5189	0	0	
demographic.indicators52	0.0158	0.1245	0	0	0	852.5009	0	0	
demographic.indicators53	0.0156	0.1238	0	0	0	458.821	0	0	
demographic.indicators54	0.0187	0.1356	0	0	0	463.8483	0	0	
demographic.indicators55	0.0169	0.1289	0	0	0	580.9265	0	0	
demographic.indicators56	0.0358	0.1857	0	0	0	377.2609	0	0	
demographic.indicators57	0.0288	0.1673	0	0	0	378.7216	0	0	
demographic.indicators58	0.0228	0.1493	0	0	0	462.3025	0	0	
demographic.indicators59	0.0288	0.1673	0	0	0	385.2399	0	0	
demographic.indicators60	0.0224	0.1479	0	0	0	455.0721	0	0	
demographic.indicators61	0.0564	0.2308	0	0	1	283.7572	0	0	
demographic.indicators62	0.042	0.2006	0	0	0	330.6248	0	0	
demographic.indicators63	0.0414	0.1991	0	0	0	301.9174	0	0	
demographic.indicators64	0.035	0.1837	0	0	0	323.2798	0	0	
demographic.indicators65	0.0315	0.1746	0	0	0	424.6688	0	0	
demographic.indicators66	0.0363	0.1871	0	0	0	382.1144	0	0	
demographic.indicators67	0.0198	0.1393	0	0	0	404.0158	0	0	
demographic.indicators68	0.0265	0.1607	0	0	0	607.3896	0	0	
demographic.indicators69	0.0186	0.1351	0	0	0	453.4753	0	0	
demographic.indicators70	0.0516	0.2213	0	0	1	379.0476	0	0	
demographic.indicators71	0.0306	0.1722	0	0	0	475.7132	0	0	
demographic.indicators72	0.0315	0.1747	0	0	0	373.2335	0	0	
demographic.indicators73	0.0381	0.1914	0	0	0	389.939	0	0	
demographic.indicators74	0.0358	0.1859	0	0	0	394.5124	0	0	
demographic.indicators75	0.0192	0.1371	0	0	0	393.1654	0	0	
demographic.indicators76	0.0397	0.1952	0	0	0	459.7396	0	0	
demographic.indicators77	0.029	0.1677	0	0	0	432.0479	0	0	
demographic.indicators78	0.0218	0.1461	0	0	0	532.1208	0	0	
demographic.indicators79	0.0262	0.1597	0	0	0	454.4105	0	0	
demographic.indicators80	0.0178	0.1323	0	0	0	725.0787	0	0	
demographic.indicators81	0.0313	0.1741	0	0	0	383.3671	0	0	
demographic.indicators82	0.0193	0.1374	0	0	0	565.6359	0	0	
demographic.indicators83	0.0214	0.1446	0	0	0	598.4879	0	0	
demographic.indicators84	0.0256	0.158	0	0	0	539.2151	0	0	
demographic.indicators85	0.0189	0.1361	0	0	0	412.9945	0	0	
demographic.indicators86	0.0143	0.1189	0	0	0	582.1697	0	0	
demographic.indicators87	0.0156	0.1238	0	0	0	688.1387	0	0	
demographic.indicators88	0.0154	0.1233	0	0	0	790.5463	0	0	
demographic.indicators89	0.0265	0.1606	0	0	0	385.104	0	0	
demographic.indicators90	0.022	0.1465	0	0	0	613.1521	0	0	
demographic.indicators91	0.0135	0.1153	0	0	0	864.9285	0	0	
demographic.indicators92	0.0119	0.1086	0	0	0	862.0125	0	0	
demographic.indicators93	0.0202	0.1407	0	0	0	477.0827	0	0	
demographic.indicators94	0.0142	0.1182	0	0	0	642.3752	0	0	
demographic.indicators95	6.5613E-3	0.0807	0	0	0	684.418	0	0	
demographic.indicators96	0.0204	0.1413	0	0	0	378.1481	0	0	
demographic.indicators97	9.4947E-3	0.097	0	0	0	1144.348	0	0	
demographic.indicators98	0.0156	0.1241	0	0	0	717.0804	0	0	
demographic.indicators99	9.656E-3	0.0978	0	0	0	755.4355	0	0	
demographic.indicators100	0.0135	0.1152	0	0	0	1067.786	0	0	
demographic.indicators101	9.3947E-3	0.0965	0	0	0	589.2769	0	0	
demographic.indicators102	0.0117	0.1077	0	0	0	1272.9363	0	0	
demographic.indicators103	7.9173E-3	0.0886	0	0	0	1277.2453	0	0	
demographic.indicators104	5.7907E-3	0.0759	0	0	0	2347.201	0	0	
demographic.indicators105	6.7747E-3	0.082	0	0	0	864.3539	0	0	
demographic.indicators106	0.0116	0.1069	0	0	0	625.9251	0	0	
demographic.indicators107	0.0102	0.1005	0	0	0	754.2942	0	0	
demographic.indicators108	7.184E-3	0.0845	0	0	0	1107.212	0	0	
demographic.indicators109	5.572E-3	0.0744	0	0	0	1154.7988	0	0	
demographic.indicators110	0.0114	0.1062	0	0	0	842.8356	0	0	
demographic.indicators111	9.8813E-3	0.0989	0	0	0	1038.6645	0	0	
demographic.indicators112	8.4627E-3	0.0916	0	0	0	771.6943	0	0	
demographic.indicators113	7.42E-3	0.0858	0	0	0	700.0332	0	0	
demographic.indicators114	6.9733E-3	0.0832	0	0	0	1842.3271	0	0	
demographic.indicators115	0.0195	0.1384	0	0	0	542.0822	0	0	
demographic.indicators116	5.0307E-3	0.0707	0	0	0	1778.4815	0	0	
demographic.indicators117	5.8093E-3	0.076	0	0	0	1486.7637	0	0	
demographic.indicators118	9.4867E-3	0.0969	0	0	0	512.4863	0	0	
demographic.indicators119	4.6893E-3	0.0683	0	0	0	712.5544	0	0	
demographic.indicators120	0.0157	0.1244	0	0	0	538.485	0	0	
demographic.indicators121	8.8947E-3	0.0939	0	0	0	867.6093	0	0	
demographic.indicators122	5.9893E-3	0.0772	0	0	0	1127.4778	0	0	
demographic.indicators123	5.6227E-3	0.0748	0	0	0	838.6067	0	0	
demographic.indicators124	5.2467E-3	0.0722	0	0	0	1475.2764	0	0	
demographic.indicators125	4.4773E-3	0.0668	0	0	0	2777.7192	0	0	
demographic.indicators126	5.8493E-3	0.0763	0	0	0	1491.4208	0	0	
demographic.indicators127	6.9613E-3	0.0831	0	0	0	906.1943	0	0	
demographic.indicators128	2.792E-3	0.0528	0	0	0	3524.0826	0	0	
demographic.indicators129	8.94E-3	0.0941	0	0	0	1110.9112	0	0	
demographic.indicators130	4.828E-3	0.0693	0	0	0	1833.4604	0	0	
demographic.indicators131	7.904E-3	0.0886	0	0	0	1054.9807	0	0	
demographic.indicators132	5.3773E-3	0.0731	0	0	0	1205.1111	0	0	
demographic.indicators133	5.1813E-3	0.0718	0	0	0	1678.6573	0	0	
demographic.indicators134	2.6667E-3	0.0516	0	0	0	3111.6516	0	0	
demographic.indicators135	5.044E-3	0.0708	0	0	0	2736.7509	0	0	
demographic.indicators136	4.3053E-3	0.0655	0	0	0	2413.5729	0	0	
demographic.indicators137	3.172E-3	0.0562	0	0	0	2659.81	0	0	
demographic.indicators138	6.5213E-3	0.0805	0	0	0	1206.7675	0	0	
demographic.indicators139	6.452E-3	0.0801	0	0	0	1101.7604	0	0	
demographic.indicators140	4.1227E-3	0.0641	0	0	0	1579.6602	0	0	
demographic.indicators141	4.6333E-3	0.0679	0	0	0	2100.9401	0	0	
demographic.indicators142	8.852E-3	0.0937	0	0	0	763.5295	0	0	
demographic.indicators143	4.648E-3	0.068	0	0	0	1530.8222	0	0	
demographic.indicators144	6.0427E-3	0.0775	0	0	0	986.5194	0	0	
demographic.indicators145	4.376E-3	0.066	0	0	0	2889.2864	0	0	
demographic.indicators146	7.268E-3	0.0849	0	0	0	910.6782	0	0	
demographic.indicators147	5.008E-3	0.0706	0	0	0	1197.8183	0	0	
demographic.indicators148	8.0787E-3	0.0895	0	0	0	1173.8441	0	0	
demographic.indicators149	3.4413E-3	0.0586	0	0	0	2191.4597	0	0	
demographic.indicators150	3.3973E-3	0.0582	0	0	0	3948.3964	0	0	
demographic.indicators151	6.9093E-3	0.0828	0	0	0	762.0418	0	0	
demographic.indicators152	4.6587E-3	0.0681	0	0	0	1964.0388	0	0	
demographic.indicators153	4.7547E-3	0.0688	0	0	0	1405.2414	0	0	
demographic.indicators154	3.56E-3	0.0596	0	0	0	3583.4582	0	0	
demographic.indicators155	3.94E-3	0.0626	0	0	0	1989.7844	0	0	
demographic.indicators156	3.012E-3	0.0548	0	0	0	4190.7228	0	0	
demographic.indicators157	3.2867E-3	0.0572	0	0	0	4552.9246	0	0	
demographic.indicators158	2.5907E-3	0.0508	0	0	0	13168.1846	0	0	
demographic.indicators159	3.9547E-3	0.0628	0	0	0	3829.7151	0	0	
demographic.indicators160	3.7907E-3	0.0615	0	0	0	3331.8917	0	0	
demographic.indicators161	2.1573E-3	0.0464	0	0	0	7629.9334	0	0	
demographic.indicators162	3.7533E-3	0.0611	0	0	0	4279.3356	0	0	
demographic.indicators163	4.2027E-3	0.0647	0	0	0	2835.6454	0	0	
demographic.indicators164	2.4827E-3	0.0498	0	0	0	9620.6398	0	0	
demographic.indicators165	4.7467E-3	0.0687	0	0	0	3546.6376	0	0	
demographic.indicators166	3.1733E-3	0.0562	0	0	0	6830.9198	0	0	
demographic.indicators167	4.156E-3	0.0643	0	0	0	4771.9906	0	0	
demographic.indicators168	3.1E-3	0.0556	0	0	0	6625.4399	0	0	
demographic.indicators169	2.0427E-3	0.0451	0	0	0	14743.4717	0	0	
demographic.indicators170	2.9533E-3	0.0543	0	0	0	5432.0072	0	0	
demographic.indicators171	4.204E-3	0.0647	0	0	0	3761.962	0	0	
demographic.indicators172	3.6693E-3	0.0605	0	0	0	2561.4847	0	0	
demographic.indicators173	2.016E-3	0.0449	0	0	0	15018.3233	0	0	
demographic.indicators174	1.8773E-3	0.0433	0	0	0	18332.5307	0	0	
demographic.indicators175	4.6613E-3	0.0681	0	0	0	6550.0712	0	0	
demographic.indicators176	2.2693E-3	0.0476	0	0	0	14922.9496	0	0	
demographic.indicators177	3.2053E-3	0.0565	0	0	0	6129.2492	0	0	
demographic.indicators178	2.476E-3	0.0497	0	0	0	6656.6627	0	0	
demographic.indicators179	2.0467E-3	0.0452	0	0	0	24729.089	0	0	
demographic.indicators180	2.792E-3	0.0528	0	0	0	9461.9361	0	0	
demographic.indicators181	3.4333E-3	0.0585	0	0	0	5700.0726	0	0	
demographic.indicators182	2.6627E-3	0.0515	0	0	0	17152.7818	0	0	
demographic.indicators183	3.6773E-3	0.0605	0	0	0	6987.3206	0	0	
demographic.indicators184	6.0893E-3	0.0778	0	0	0	878.5734	0	0	
demographic.indicators185	4.2707E-3	0.0652	0	0	0	6102.506	0	0	
demographic.indicators186	2.228E-3	0.0471	0	0	0	23555.7806	0	0	
demographic.indicators187	3.5053E-3	0.0591	0	0	0	7797.2629	0	0	
demographic.indicators188	3.94E-3	0.0626	0	0	0	5960.0549	0	0	
demographic.indicators189	3.7613E-3	0.0612	0	0	0	11417.6558	0	0	
demographic.indicators190	4.9533E-3	0.0702	0	0	0	6703.6588	0	0	
demographic.indicators191	5.596E-3	0.0746	0	0	0	2718.417	0	0	
demographic.indicators192	7.18E-3	0.0844	0	0	0	1731.4197	0	0	
demographic.indicators193	0.014	0.1174	0	0	0	746.1201	0	0	
demographic.indicators194	0.0167	0.128	0	0	0	781.5649	0	0	
demographic.indicators195	0.0201	0.1404	0	0	0	1066.6032	0	0	
demographic.indicators196	0.0193	0.1377	0	0	0	1797.7298	0	0	
demographic.indicators197	0.0255	0.1576	0	0	0	1394.3228	0	0	
demographic.indicators198	0.0434	0.2037	0	0	0	801.7165	0	0	
demographic.indicators199	0.0704	0.2559	0	0	1	951.8302	0	0	
kappa	2.2813	0.1566	2.276	1.9739	2.5825	24358.781	2.1568	2.3685	
frequencies1	0.2805	0.0107	0.2803	0.2605	0.302	12488.9002	0.2735	0.2879	
frequencies2	0.1991	9.2547E-3	0.199	0.1814	0.2175	7166.011	0.1924	0.205	
frequencies3	0.1946	8.961E-3	0.1946	0.1767	0.212	10859.7887	0.1888	0.2007	
frequencies4	0.3258	0.0117	0.3258	0.303	0.3486	7182.6057	0.3175	0.3333	
alpha	0.489	0.044	0.4867	0.4028	0.5749	36079.3241	0.457	0.5154	
default.ucld.mean	1.1561E-3	3.2633E-4	1.1196E-3	5.7041E-4	1.8173E-3	229.6963	8.4287E-4	1.2613E-3	
default.ucld.stdev	4.4032E-3	2.3847E-3	3.8194E-3	1.2486E-3	9.3654E-3	265.5209	2.0166E-3	4.2465E-3	
host_groups.ucld.mean	0.0111	2.9761E-3	0.0109	5.5888E-3	0.017	372.5296	8.5619E-3	0.0124	
host_groups.ucld.stdev	8.786E-3	8.1537E-3	6.6481E-3	1.3063E-8	0.0243	826.1386	1.441E-8	6.6481E-3	
default.meanRate	8.1208E-4	1.6532E-4	8.1052E-4	4.6467E-4	1.1282E-3	222.3084	6.9566E-4	9.1367E-4	
default.coefficientOfVariation	2.8891	0.5414	2.8463	1.9087	3.9414	288.1947	2.4008	3.1427	
default.covariance	0.292	0.1122	0.2968	0.0745	0.4958	241.0645	0.2433	0.4054	
host_groups.meanRate	0.0117	3.3644E-3	0.0113	5.6022E-3	0.0182	420.2849	8.6373E-3	0.0128	
host_groups.coefficientOfVariation	0.7493	0.5868	0.6207	9.8195E-7	1.8903	725.1597	5.9075E-4	0.6213	
host_groups.covariance	-0.002	0.0492	-0.0045	-0.0963	0.0963	17754.5722	-0.041	0.0237	
host_groups.rates.Amaranthaceae.Brassicaceae	0.8533	0.9125	0.554	8.3161E-5	2.6911	9109.3439	9.8236E-4	0.5546	
host_groups.rates.Amaranthaceae.Fabaceae	1.206	0.8061	1.0515	7.8463E-4	2.7249	2202.3282	0.3718	1.2775	
host_groups.rates.Amaranthaceae.Poaceae	1.6965	0.8632	1.5522	0.273	3.3931	3865.7701	0.8279	1.8461	
host_groups.rates.Amaranthaceae.Solanaceae	0.7975	0.5947	0.6618	2.4443E-4	1.898	5631.9507	0.2057	0.7785	
host_groups.rates.Brassicaceae.Fabaceae	0.9216	0.8255	0.7059	1.9998E-4	2.512	6256.1913	2.0253E-3	0.7074	
host_groups.rates.Brassicaceae.Poaceae	1.0979	0.7965	0.9339	4.5242E-4	2.6062	4091.321	0.2634	1.1274	
host_groups.rates.Brassicaceae.Solanaceae	0.8406	0.8525	0.5832	4.905E-5	2.5202	9917.1707	1.4828E-3	0.5845	
host_groups.rates.Fabaceae.Poaceae	0.9236	0.8668	0.6905	3.1524E-5	2.5914	6306.3986	8.4291E-5	0.6906	
host_groups.rates.Fabaceae.Solanaceae	0.8827	0.933	0.5821	1.4028E-5	2.7504	9351.8785	3.2477E-5	0.5821	
host_groups.rates.Poaceae.Solanaceae	0.997	0.6893	0.8548	9.5042E-5	2.2814	9411.2987	0.3403	1.0605	
host_groups.rates.Brassicaceae.Amaranthaceae	0.8473	0.9212	0.5409	1.36E-4	2.6906	7807.2946	6.3963E-4	0.5412	
host_groups.rates.Fabaceae.Amaranthaceae	0.8857	0.7673	0.7062	1.5974E-5	2.3076	7530.7376	1.9667E-5	0.7062	
host_groups.rates.Poaceae.Amaranthaceae	0.8421	0.8932	0.5611	8.076E-6	2.6274	8106.1935	1.0405E-5	0.5611	
host_groups.rates.Solanaceae.Amaranthaceae	0.8476	0.9084	0.554	5.8771E-5	2.6651	7928.8688	1.8867E-4	0.554	
host_groups.rates.Fabaceae.Brassicaceae	0.7958	0.7759	0.5737	5.6935E-5	2.2746	6545.2782	0.0331	0.603	
host_groups.rates.Poaceae.Brassicaceae	1.3475	0.7942	1.1996	0.0918	2.9076	2993.053	0.5265	1.4325	
host_groups.rates.Solanaceae.Brassicaceae	0.8899	0.9491	0.5802	1.3511E-5	2.7908	8551.0694	1.3511E-5	0.5802	
host_groups.rates.Poaceae.Fabaceae	1.4561	0.9106	1.3074	3.195E-5	3.1411	2401.8674	0.5651	1.646	
host_groups.rates.Solanaceae.Fabaceae	0.77	0.6769	0.5953	1.3478E-4	2.0353	11203.5319	0.1002	0.6709	
host_groups.rates.Solanaceae.Poaceae	0.9039	0.9135	0.6296	5.0855E-5	2.7055	7811.2097	7.4621E-5	0.6296	
host_groups.indicators.Amaranthaceae.Brassicaceae	0.2361	0.4247	0	0	1	3177.0226	0	0	
host_groups.indicators.Amaranthaceae.Fabaceae	0.8941	0.3077	1	0	1	1382.937	1	1	
host_groups.indicators.Amaranthaceae.Poaceae	0.999	0.0317	1	1	1	25286.1841	1	1	
host_groups.indicators.Amaranthaceae.Solanaceae	0.8823	0.3223	1	0	1	1911.7659	1	1	
host_groups.indicators.Brassicaceae.Fabaceae	0.5633	0.496	1	0	1	650.2501	1	1	
host_groups.indicators.Brassicaceae.Poaceae	0.827	0.3783	1	0	1	1255.3122	1	1	
host_groups.indicators.Brassicaceae.Solanaceae	0.4359	0.4959	0	0	1	3270.7759	0	0	
host_groups.indicators.Fabaceae.Poaceae	0.4513	0.4976	0	0	1	1626.7461	0	0	
host_groups.indicators.Fabaceae.Solanaceae	0.1807	0.3848	0	0	1	7713.9286	0	0	
host_groups.indicators.Poaceae.Solanaceae	0.8541	0.3531	1	0	1	848.9026	1	1	
host_groups.indicators.Brassicaceae.Amaranthaceae	0.2259	0.4182	0	0	1	6245.5031	0	0	
host_groups.indicators.Fabaceae.Amaranthaceae	0.6637	0.4725	1	0	1	1205.6914	1	1	
host_groups.indicators.Poaceae.Amaranthaceae	0.2964	0.4567	0	0	1	4687.1069	0	0	
host_groups.indicators.Solanaceae.Amaranthaceae	0.2788	0.4484	0	0	1	3489.625	0	0	
host_groups.indicators.Fabaceae.Brassicaceae	0.5751	0.4943	1	0	1	768.9459	1	1	
host_groups.indicators.Poaceae.Brassicaceae	0.9701	0.1702	1	1	1	894.9377	1	1	
host_groups.indicators.Solanaceae.Brassicaceae	0.1964	0.3973	0	0	1	10249.8539	0	0	
host_groups.indicators.Poaceae.Fabaceae	0.8892	0.3139	1	0	1	675.8003	1	1	
host_groups.indicators.Solanaceae.Fabaceae	0.7575	0.4286	1	0	1	2270.9583	1	1	
host_groups.indicators.Solanaceae.Poaceae	0.3027	0.4594	0	0	1	1320.0768	0	0	
host_groups.nonZeroRates	11.4796	1.8066	11	8	15	2028.3018	10	12	
default.treeLikelihood	-6954.0435	15.5038	-6953.5499	-6984.8628	-6924.2932	553.6186	-6962.9763	-6941.9651	
default.branchRates	-2382.6079	0	0	0	0	NaN	0	0	
host_groups.branchRates	-2382.6079	0	0	0	0	NaN	0	0	
c_host_groups.count[1]	47.5881	4.8334	47	38	56	1757.3533	44	49	
c_allTransitions[1]	47.5817	4.8338	47	38	56	1784.3224	44	49	
coalescent	-1127.7139	42.1613	-1125.0141	-1211.9638	-1046.684	216.5816	-1145.8404	-1089.2249	

