burnIn   <= 25000000,   maxState  = 100000000
statistic	mean	stdErr	median	hpdLower	hpdUpper	ESS	50hpdLower	50hpdUpper
joint	-14116.3991	164.3292	-14120.6629	-14443.6415	-13804.0206	232.4311	-14250.0463	-14024.9452	
prior	-6985.0116	164.109	-6989.3523	-7311.5513	-6671.0616	229.8877	-7114.0069	-6888.7873	
likelihood	-7131.3875	18.6629	-7131.7176	-7167.6618	-7094.7162	560.3935	-7144.5633	-7119.4996	
treeModel.rootHeight	184.774	60.702	172.8837	90.3407	307.2559	279.3087	122.3775	191.1199	
age(root)	1837.226	60.702	1849.1163	1714.7441	1931.6593	279.3087	1830.8801	1899.6225	
treeLength	2182.9522	502.5173	2072.9077	1389.2004	3246.4254	208.1524	1654.7195	2189.9001	
tmrca(ingroup)	184.774	60.702	172.8837	90.3407	307.2559	279.3087	122.3775	191.1199	
age(ingroup)	1837.226	60.702	1849.1163	1714.7441	1931.6593	279.3087	1830.8801	1899.6225	
demographic.populationSizeChanges	2.2691	0.5292	2	2	3	1389.0444	2	2	
demographic.populationMean	83.3535	68.6373	64.1238	9.7763	221.2026	253.9855	20.3699	69.6954	
demographic.popSize1	108.3914	144.3201	64.2312	0.2058	357.4511	275.8243	0.6697	64.3078	
demographic.popSize2	83.8814	124.3262	42.7065	6.0176E-3	302.7897	815.4535	0.0216	42.709	
demographic.popSize3	75.6624	116.9989	35.7324	2.8934E-3	283.8112	784.878	6.9673E-3	35.7346	
demographic.popSize4	79.2537	126.1676	38.5883	0.01	289.0844	798.264	0.0269	38.5981	
demographic.popSize5	82.9443	129.7683	40.3333	2.5444E-3	299.161	826.6747	8.7555E-3	40.336	
demographic.popSize6	79.3907	124.041	39.1377	7.8929E-4	291.8607	748.089	2.6718E-3	39.1379	
demographic.popSize7	77.9788	123.5689	37.6403	9.072E-3	282.0441	803.4451	9.072E-3	37.6403	
demographic.popSize8	80.091	119.2389	40.107	1.321E-5	289.7985	860.0248	1.321E-5	40.107	
demographic.popSize9	83.2094	129.0134	42.0078	0.0191	292.2707	924.9613	6.0915E-3	42.0078	
demographic.popSize10	80.7705	128.5918	38.9131	4.3952E-3	301.116	779.1463	6.7698E-3	38.9136	
demographic.popSize11	77.089	122.088	36.2859	1.0069E-4	290.9445	741.8486	1.0069E-4	36.2859	
demographic.popSize12	73.6083	117.0094	34.4207	9.2199E-4	281.6749	769.1816	1.8932E-3	34.4207	
demographic.popSize13	78.1263	118.9356	38.3474	9.7942E-4	285.5656	814.0969	9.7942E-4	38.3474	
demographic.popSize14	77.9555	123.1272	38.2865	1.0039E-3	281.2451	801.8882	8.7334E-3	38.2902	
demographic.popSize15	82.0645	130.0936	39.3322	9.973E-4	304.788	761.9981	3.4846E-3	39.3322	
demographic.popSize16	80.3713	126.947	39.5722	3.1787E-3	290.8889	765.8873	3.1787E-3	39.5722	
demographic.popSize17	82.568	129.9306	39.4951	2.2864E-3	303.2176	802.1519	2.2864E-3	39.4951	
demographic.popSize18	80.3056	125.2288	41.2682	0.0131	286.5539	850.2507	0.0153	41.27	
demographic.popSize19	80.6576	122.4393	39.2589	9.9471E-3	298.5688	726.6865	3.0597E-3	39.2589	
demographic.popSize20	78.9115	141.5064	35.4784	5.4042E-3	291.3832	721.6787	0.0122	35.4784	
demographic.popSize21	78.5728	129.3277	36.6022	3.0734E-3	284.3341	737.0653	3.0734E-3	36.6022	
demographic.popSize22	82.6204	128.4682	40.8398	0.0247	302.9527	830.0326	8.5386E-3	40.8398	
demographic.popSize23	78.9827	121.3849	39.0997	1.9564E-3	291.418	824.1166	0.0148	39.1082	
demographic.popSize24	83.7061	131.8966	41.5675	3.0521E-3	304.572	792.8667	8.8091E-3	41.5722	
demographic.popSize25	82.5731	129.5705	40.5954	4.3745E-3	300.6854	756.4033	7.5083E-3	40.5954	
demographic.popSize26	83.7195	130.2853	41.0398	4.2639E-3	300.204	834.1583	0.0428	41.0524	
demographic.popSize27	83.8126	127.2071	42.7138	5.1035E-3	302.6423	844.578	9.0058E-3	42.7152	
demographic.popSize28	83.5954	132.1995	41.5667	6.3194E-4	301.3737	751.461	6.3194E-4	41.5667	
demographic.popSize29	82.3526	127.3349	40.7726	2.6156E-3	296.9925	788.1231	0.0102	40.7763	
demographic.popSize30	82.4758	129.5381	41.2681	2.0642E-4	303.2251	879.5056	3.746E-3	41.2683	
demographic.popSize31	83.3815	132.6959	41.9902	2.5088E-3	295.1273	871.922	0.0111	41.9902	
demographic.popSize32	81.777	123.0622	41.989	5.0605E-3	286.1333	856.7511	0.0399	42.0018	
demographic.popSize33	81.6746	120.4353	42.5241	2.9807E-3	295.0229	899.7428	2.9807E-3	42.5241	
demographic.popSize34	83.8461	129.9784	42.2826	2.8537E-3	307.8095	750.4857	0.0422	42.3066	
demographic.popSize35	84.251	127.2485	42.9458	1.5033E-3	303.3467	789.009	2.1786E-3	42.9458	
demographic.popSize36	83.5349	126.2415	42.3897	6.8111E-4	296.0921	868.3015	0.0339	42.3992	
demographic.popSize37	82.8707	127.9823	41.969	4.1438E-3	297.4862	874.6226	0.0164	41.9778	
demographic.popSize38	83.4762	129.5749	42.619	3.3318E-3	295.108	893.6344	0.0144	42.6244	
demographic.popSize39	83.2048	125.8061	42.941	1.9618E-3	295.1649	806.5774	1.9618E-3	42.941	
demographic.popSize40	83.7724	132.4356	42.4517	5.9038E-3	297.1212	809.5715	0.0176	42.4565	
demographic.popSize41	84.1568	129.531	42.556	2.2043E-3	302.7613	860.0737	0.0141	42.5647	
demographic.popSize42	82.4713	125.5116	41.9391	3.1569E-3	292.8824	836.6683	3.1569E-3	41.9391	
demographic.popSize43	83.7577	123.1629	43.1508	2.757E-3	294.8388	872.7203	5.2816E-3	43.1508	
demographic.popSize44	83.6499	127.2454	41.9334	2.5934E-3	305.4768	818.6453	7.5278E-3	41.9353	
demographic.popSize45	84.1915	128.1626	43.4814	6.3075E-3	300.576	776.8805	7.4112E-3	43.4814	
demographic.popSize46	82.4429	124.5067	42.3472	0.0134	290.6821	842.1807	4.0346E-3	42.3472	
demographic.popSize47	83.4306	127.8992	43.0279	5.9832E-3	297.3977	824.5114	5.9832E-3	43.0279	
demographic.popSize48	83.3955	128.2495	42.7508	3.0297E-3	297.2622	857.794	0.0114	42.7529	
demographic.popSize49	83.1763	128.2076	42.2711	5.0909E-3	292.4916	840.47	5.0909E-3	42.2711	
demographic.popSize50	82.9789	125.9857	42.0804	1.6482E-3	294.4703	833.3306	0.0264	42.0936	
demographic.popSize51	83.9367	126.6281	43.0982	3.134E-4	292.9912	863.8098	5.7509E-3	43.099	
demographic.popSize52	83.6412	126.93	42.6805	5.5952E-3	298.5123	828.8673	8.4415E-3	42.6813	
demographic.popSize53	82.5918	122.3822	42.9193	4.1148E-3	300.1515	833.5477	4.1148E-3	42.9193	
demographic.popSize54	83.9792	125.5966	41.761	4.2884E-3	302.6215	752.3431	4.2884E-3	41.761	
demographic.popSize55	84.2238	129.6468	43.3065	4.5944E-3	290.7403	798.51	0.0131	43.3144	
demographic.popSize56	84.4291	128.7672	43.1088	4.8708E-3	305.2422	827.132	0.0157	43.1162	
demographic.popSize57	82.3005	125.0079	42.2553	4.5722E-3	290.1897	867.1318	4.5722E-3	42.2553	
demographic.popSize58	81.1546	122.8265	42.632	4.1779E-3	295.6593	871.5097	3.7049E-3	42.632	
demographic.popSize59	82.6663	128.2686	43.3297	4.8953E-3	288.0006	828.611	0.0829	43.4032	
demographic.popSize60	83.993	128.4556	42.5017	2.5505E-4	300.9505	819.3054	2.5505E-4	42.5017	
demographic.popSize61	84.6861	127.0933	44.4665	4.1372E-5	301.4101	793.8174	0.0107	44.4665	
demographic.popSize62	82.7673	127.8658	41.2809	2.0806E-3	294.7337	777.4143	2.0806E-3	41.2809	
demographic.popSize63	83.3069	125.2229	42.4676	6.3296E-3	299.6919	822.0327	0.0128	42.4727	
demographic.popSize64	83.0678	122.7106	44.1147	1.711E-3	296.0533	846.8388	4.2947E-3	44.1159	
demographic.popSize65	83.4525	129.1794	41.7309	7.0251E-4	301.6715	837.6598	7.0251E-4	41.7309	
demographic.popSize66	81.1213	123.2264	41.0631	0.0128	287.271	896.0485	3.2324E-4	41.0631	
demographic.popSize67	84.6563	132.3786	43.0337	2.4311E-3	299.1542	788.9248	2.4311E-3	43.0337	
demographic.popSize68	82.9021	121.6761	42.866	6.3786E-3	295.7805	802.6817	7.5742E-3	42.8668	
demographic.popSize69	83.51	126.5137	43.0181	5.9732E-4	291.2188	810.9687	1.699E-3	43.0181	
demographic.popSize70	85.4487	134.4466	42.4941	5.3831E-5	304.5878	831.9963	5.3831E-5	42.4941	
demographic.popSize71	84.3178	122.3356	43.566	5.895E-3	295.7542	901.8742	5.895E-3	43.566	
demographic.popSize72	82.6628	126.1622	42.5723	8.7972E-3	289.0531	845.984	0.0195	42.5786	
demographic.popSize73	83.7411	121.9835	43.8278	3.3027E-4	295.7254	896.2219	0.052	43.838	
demographic.popSize74	81.4174	121.2685	42.4443	0.013	283.7617	899.515	0.0353	42.4609	
demographic.popSize75	85.0561	135.4267	43.0364	1.0714E-3	303.8049	833.2674	0.0408	43.0443	
demographic.popSize76	83.35	122.5536	43.2745	5.456E-3	297.9702	768.1869	7.0037E-3	43.2745	
demographic.popSize77	82.9219	124.3769	43.5358	2.8105E-3	292.9157	813.627	5.0966E-3	43.5358	
demographic.popSize78	83.7097	125.7667	42.9702	3.7114E-3	298.5102	819.4373	3.7114E-3	42.9702	
demographic.popSize79	83.2708	121.4034	42.5567	6.8657E-3	301.5128	811.3484	0.0468	42.5796	
demographic.popSize80	83.2456	130.8437	42.9932	4.7033E-3	295.0453	906.7408	6.3802E-3	42.9932	
demographic.popSize81	84.2895	125.711	42.4691	1.8807E-3	307.8742	844.6059	1.8807E-3	42.4691	
demographic.popSize82	82.7244	127.1445	42.5574	2.8109E-3	286.8624	873.6479	2.8109E-3	42.5574	
demographic.popSize83	84.6202	132.1751	43.7583	5.5229E-3	299.3309	791.0141	5.5229E-3	43.7583	
demographic.popSize84	82.2784	119.2994	42.8402	3.8065E-5	297.7028	876.4155	0.0265	42.8578	
demographic.popSize85	81.3371	122.7459	41.9446	0.0194	287.3998	879.0878	0.013	41.9446	
demographic.popSize86	83.8916	122.4922	43.7437	4.4686E-3	300.0732	812.0245	4.4686E-3	43.7437	
demographic.popSize87	83.3966	124.1848	43.478	6.9784E-3	293.138	859.5882	6.9784E-3	43.478	
demographic.popSize88	83.5663	130.0153	41.6361	6.9432E-4	297.2459	787.7895	1.9189E-3	41.6361	
demographic.popSize89	82.5629	126.7559	41.5996	1.4595E-4	296.8074	862.2668	1.4595E-4	41.5996	
demographic.popSize90	83.4205	122.6981	43.4264	0.01	298.547	866.5042	0.036	43.4427	
demographic.popSize91	85.0462	135.1516	43.7687	2.3561E-3	298.8545	794.0391	2.3561E-3	43.7687	
demographic.popSize92	82.5604	124.3584	42.5494	7.6104E-4	297.5731	841.4245	3.7944E-3	42.5494	
demographic.popSize93	83.4639	122.7993	42.9333	4.6761E-3	300.4768	798.0459	4.6761E-3	42.9333	
demographic.popSize94	84.7766	128.5439	43.5168	3.3147E-3	294.4924	785.2854	3.3147E-3	43.5168	
demographic.popSize95	84.8757	136.8219	42.8581	1.3006E-3	301.8331	806.9906	1.3006E-3	42.8581	
demographic.popSize96	86.6542	135.5771	42.5803	4.438E-3	306.9243	828.9122	0.0115	42.5852	
demographic.popSize97	84.8759	133.3159	42.4172	7.626E-4	305.0228	755.4891	7.4089E-3	42.4172	
demographic.popSize98	83.5459	124.8736	43.2802	1.4717E-3	299.5962	801.0313	1.4717E-3	43.2802	
demographic.popSize99	84.9348	132.9186	42.3288	2.0043E-3	307.9295	821.0036	1.4035E-3	42.3288	
demographic.popSize100	83.5106	127.9115	42.6429	9.9179E-4	302.4532	860.1124	9.9179E-4	42.6429	
demographic.popSize101	83.8926	126.4434	42.588	1.607E-3	296.841	832.3331	1.607E-3	42.588	
demographic.popSize102	83.7172	128.0693	43.3272	1.2435E-3	298.3674	839.2725	1.2435E-3	43.3272	
demographic.popSize103	81.2166	119.5653	42.2366	1.3229E-4	288.3054	859.7153	1.3229E-4	42.2366	
demographic.popSize104	84.0478	129.9418	41.9209	5.5042E-3	302.8487	833.8828	5.5042E-3	41.9222	
demographic.popSize105	83.9086	127.3203	42.3108	5.0896E-3	301.5718	777.021	0.0139	42.3108	
demographic.popSize106	82.7154	123.8876	42.4205	2.5959E-3	298.341	792.5336	2.5959E-3	42.4205	
demographic.popSize107	82.4978	129.365	41.5034	4.4859E-4	292.0229	834.3788	3.2145E-3	41.5034	
demographic.popSize108	83.0749	125.3237	41.3845	5.5771E-4	296.9556	791.0066	0.0135	41.3934	
demographic.popSize109	82.8003	126.2609	42.1302	4.4175E-3	293.2645	857.3412	4.4175E-3	42.1302	
demographic.popSize110	82.7518	128.686	41.7877	2.9087E-3	289.3318	841.3839	2.9087E-3	41.7877	
demographic.popSize111	82.8356	121.1916	42.3796	1.1282E-3	296.1497	826.7625	1.1282E-3	42.3796	
demographic.popSize112	82.9106	126.5261	41.962	3.1033E-3	294.9508	790.6094	0.0113	41.9623	
demographic.popSize113	82.57	123.9286	41.6528	5.0842E-3	293.8025	893.2979	0.0445	41.6789	
demographic.popSize114	83.8623	126.8958	42.4765	1.4905E-4	297.6799	794.4212	1.033E-3	42.4765	
demographic.popSize115	82.9055	125.0867	43.1957	3.0863E-3	296.4909	777.6363	3.0863E-3	43.1957	
demographic.popSize116	82.9312	127.1011	41.0402	1.0007E-3	300.9461	750.9404	3.1765E-3	41.0412	
demographic.popSize117	83.7522	127.9054	42.3272	1.2032E-3	298.3905	868.9814	1.2032E-3	42.3272	
demographic.popSize118	83.425	127.302	41.9435	6.6741E-3	291.9081	822.3083	9.3474E-3	41.9435	
demographic.popSize119	82.6117	129.0139	41.9527	4.4734E-3	302.1636	796.5887	0.0197	41.9576	
demographic.popSize120	82.7126	123.8561	42.8578	2.1954E-4	297.4185	813.2855	2.1954E-4	42.8578	
demographic.popSize121	82.5394	126.1467	41.6794	5.477E-3	287.4067	877.6671	7.8604E-4	41.6794	
demographic.popSize122	84.1084	128.3667	41.4885	0.0113	301.0788	818.0945	3.5554E-4	41.4885	
demographic.popSize123	83.3727	124.0314	42.6231	8.5635E-3	303.2779	798.9953	0.0188	42.6231	
demographic.popSize124	83.4742	129.8385	40.7916	7.1621E-3	299.1361	829.7719	7.1621E-3	40.7975	
demographic.popSize125	83.4946	122.3303	42.7967	3.3415E-3	300.2877	812.2349	3.3415E-3	42.7967	
demographic.popSize126	83.7299	126.735	42.7719	6.7946E-3	296.6083	850.2	0.0633	42.8198	
demographic.popSize127	82.5358	121.0856	42.005	3.7479E-3	299.3205	835.2158	8.7073E-4	42.005	
demographic.popSize128	83.7712	124.3392	42.8678	7.8502E-5	297.2641	808.1253	0.0231	42.879	
demographic.popSize129	83.3667	127.0681	43.0091	3.7541E-3	293.7775	849.7107	0.0118	43.0146	
demographic.popSize130	83.6388	129.881	42.7888	0.0128	292.8882	780.2125	0.0128	42.7938	
demographic.popSize131	82.2038	121.9083	41.806	1.6255E-3	296.9474	873.9147	0.0133	41.8111	
demographic.popSize132	84.0946	129.817	42.0982	4.8348E-3	299.0601	845.0659	4.8348E-3	42.0982	
demographic.popSize133	83.1201	130.4166	41.6086	3.1881E-3	290.6407	857.5756	3.1881E-3	41.6093	
demographic.popSize134	82.0519	123.3673	42.2732	4.4643E-3	293.0723	860.2029	4.4643E-3	42.2732	
demographic.popSize135	82.8734	125.3237	42.3058	6.113E-3	298.1207	848.0406	0.0125	42.3058	
demographic.popSize136	83.825	132.1949	42.0026	3.0555E-4	300.2504	822.0916	3.0555E-4	42.0026	
demographic.popSize137	83.9072	125.914	42.6502	8.087E-3	306.3642	827.8217	6.1035E-3	42.6502	
demographic.popSize138	82.1107	124.0929	40.7413	3.1678E-3	299.7738	862.079	3.1678E-3	40.7413	
demographic.popSize139	83.228	126.8299	42.0447	2.3576E-3	297.7245	893.6851	2.3576E-3	42.0447	
demographic.popSize140	85.6558	134.4343	42.1826	4.0923E-3	308.8152	777.8293	1.7259E-3	42.1826	
demographic.popSize141	82.3466	122.0295	42.1228	1.2836E-3	295.8181	811.6017	1.2836E-3	42.1228	
demographic.popSize142	84.092	129.7513	42.0224	2.3426E-3	300.2239	743.4367	2.3426E-3	42.0224	
demographic.popSize143	85.6424	133.4695	43.0002	1.7295E-3	311.0981	859.854	4.6724E-3	43.0002	
demographic.popSize144	82.9313	126.6316	42.1827	3.0113E-3	296.7311	870.712	3.0113E-3	42.1827	
demographic.popSize145	83.7024	132.6899	42.0789	6.9734E-4	292.6859	842.1367	6.9734E-4	42.0789	
demographic.popSize146	81.4265	122.2899	42.1193	4.2986E-4	286.4424	859.2901	0.0277	42.1386	
demographic.popSize147	82.2324	127.1219	41.6736	8.5126E-3	294.8146	809.8602	3.8629E-3	41.6736	
demographic.popSize148	84.2856	131.0051	41.8035	9.1784E-3	305.7776	800.2447	0.0182	41.8107	
demographic.popSize149	85.099	134.5534	42.2108	6.5688E-3	301.9331	843.0416	0.0262	42.223	
demographic.popSize150	81.5863	119.6051	42.2968	4.2361E-5	296.4565	865.1838	4.2361E-5	42.2968	
demographic.popSize151	84.3271	131.4761	42.363	2.264E-3	299.7999	891.7325	2.264E-3	42.363	
demographic.popSize152	82.1951	129.2844	41.4941	7.3015E-3	294.8332	844.4155	7.3015E-3	41.4941	
demographic.popSize153	83.4794	125.4925	41.9612	3.1105E-3	300.1033	854.3636	2.9403E-3	41.9612	
demographic.popSize154	82.4751	124.0403	42.4622	1.4865E-3	305.0443	804.9674	1.4865E-3	42.4622	
demographic.popSize155	83.9734	131.2527	42.2808	6.1584E-3	302.937	780.9815	0.0387	42.2951	
demographic.popSize156	82.7373	123.8288	42.0675	1.2959E-3	291.6917	827.8193	9.8937E-4	42.0675	
demographic.popSize157	83.8052	131.8268	41.7283	2.4777E-3	300.8721	827.1737	0.0308	41.7358	
demographic.popSize158	83.0647	128.1739	41.7776	1.7503E-3	295.9405	830.2397	1.7503E-3	41.7776	
demographic.popSize159	84.6843	139.1158	42.5984	6.1647E-3	296.2505	849.2101	0.0272	42.6082	
demographic.popSize160	83.4403	128.3118	41.4106	3.183E-4	298.5963	858.9883	3.183E-4	41.4106	
demographic.popSize161	83.7012	126.6974	43.0299	0.0118	301.35	773.7565	0.0128	43.0313	
demographic.popSize162	82.0024	126.7023	41.1872	0.0175	293.6066	870.0714	0.0175	41.1872	
demographic.popSize163	83.4298	123.8957	43.3229	5.8637E-3	295.9428	825.0613	5.8637E-3	43.3229	
demographic.popSize164	82.8815	131.2287	41.05	5.2956E-3	294.1217	951.2109	3.8276E-3	41.05	
demographic.popSize165	84.0224	128.6565	42.6378	1.3036E-3	301.3503	828.5358	1.3036E-3	42.6378	
demographic.popSize166	83.7477	123.8219	42.326	5.8619E-4	299.2165	809.4037	1.3661E-4	42.326	
demographic.popSize167	82.9003	132.4797	41.4179	1.1632E-3	297.0067	805.6087	1.1632E-3	41.4179	
demographic.popSize168	85.1902	129.3122	43.2113	6.1962E-3	302.2189	802.9496	6.1962E-3	43.2128	
demographic.popSize169	83.8547	138.9749	41.0427	8.8445E-4	304.073	807.1211	7.4009E-3	41.043	
demographic.popSize170	81.8338	122.8169	41.8177	3.005E-4	291.7571	760.6134	9.7194E-3	41.8198	
demographic.popSize171	82.4638	129.3127	41.11	4.4869E-4	301.608	843.8808	6.9684E-3	41.11	
demographic.popSize172	82.142	127.8804	41.2668	2.7586E-3	294.0885	849.2767	2.7586E-3	41.2668	
demographic.popSize173	83.2693	124.5345	41.9336	2.2155E-4	299.7192	817.4399	8.6613E-3	41.9367	
demographic.popSize174	83.3974	130.3704	41.436	3.5488E-3	296.7306	848.911	3.5488E-3	41.436	
demographic.popSize175	82.2479	127.9441	41.7532	8.4289E-3	294.7679	911.9412	6.861E-3	41.7532	
demographic.popSize176	82.2576	125.9803	41.8749	3.2857E-3	302.419	827.5449	3.2857E-3	41.8749	
demographic.popSize177	82.5675	123.3782	40.9956	6.9563E-4	301.6964	803.7005	0.0108	40.9978	
demographic.popSize178	83.3767	127.7286	41.641	1.5917E-3	304.7112	828.3354	0.0129	41.641	
demographic.popSize179	82.5372	124.083	42.0547	8.4276E-3	297.3899	863.5608	2.4754E-3	42.0547	
demographic.popSize180	82.635	126.1828	42.1938	0.0169	297.3483	783.6977	4.7119E-3	42.1938	
demographic.popSize181	82.9382	128.5646	42.2857	0.0106	305.8331	890.5484	4.0886E-3	42.2878	
demographic.popSize182	84.9694	135.9806	42.087	0.0197	299.0329	824.9826	9.7772E-3	42.087	
demographic.popSize183	82	122.0783	40.6738	3.2355E-3	293.9559	855.0761	3.2355E-3	40.6738	
demographic.popSize184	84.3366	130.0562	41.9537	4.8767E-4	305.8315	882.2453	0.0231	41.9709	
demographic.popSize185	83.9981	128.3775	42.5525	1.7828E-3	301.8428	882.0135	7.8447E-3	42.5525	
demographic.popSize186	82.8963	125.4682	41.2365	4.597E-3	301.3923	799.6193	2.6376E-3	41.2365	
demographic.popSize187	83.1684	127.7075	41.4501	1.9876E-4	304.4433	836.2781	5.2698E-3	41.4516	
demographic.popSize188	83.4006	122.4744	42.19	2.2842E-3	300.6656	841.2514	0.0141	42.195	
demographic.popSize189	81.9448	124.5306	41.4936	1.1561E-3	291.4088	896.0111	7.4977E-3	41.4936	
demographic.popSize190	81.2539	126.7888	41.0676	6.4794E-3	290.3696	864.9126	0.0266	41.0812	
demographic.popSize191	84.2484	139.4738	41.9172	1.0815E-3	305.9913	866.6391	1.0815E-3	41.9172	
demographic.popSize192	82.5948	128.3033	41.6272	7.8192E-4	291.9597	875.1843	7.8192E-4	41.6272	
demographic.popSize193	82.5944	126.6167	41.6998	1.9489E-4	295.8184	859.9466	1.9489E-4	41.6998	
demographic.popSize194	82.6206	120.2681	41.6734	1.2631E-4	294.6414	809.9865	1.2631E-4	41.6734	
demographic.popSize195	83.4352	124.9651	42.8916	3.9773E-3	298.0707	839.3441	2.8262E-4	42.8916	
demographic.popSize196	82.586	125.0171	41.7198	2.9571E-5	298.7383	835.4726	0.0105	41.7201	
demographic.popSize197	83.4373	128.654	41.3448	3.5852E-3	300.2734	815.8983	6.8658E-4	41.3448	
demographic.popSize198	81.8328	125.9998	41.2247	5.7569E-3	290.9719	799.3486	0.0148	41.2293	
demographic.popSize199	81.1655	120.2161	41.0789	2.0964E-3	293.9666	872.5524	2.0964E-3	41.0789	
demographic.popSize200	78.8778	119.5513	39.9121	4.8333E-3	278.8634	881.7578	0.0229	39.927	
demographic.indicators1	3.332E-3	0.0576	0	0	0	32864.7256	0	0	
demographic.indicators2	0.081	0.2728	0	0	1	208.9565	0	0	
demographic.indicators3	0.0348	0.1832	0	0	0	290.0587	0	0	
demographic.indicators4	0.0328	0.178	0	0	0	283.6335	0	0	
demographic.indicators5	0.0434	0.2037	0	0	0	239.6366	0	0	
demographic.indicators6	0.0484	0.2145	0	0	0	263.7926	0	0	
demographic.indicators7	0.0205	0.1418	0	0	0	374.0741	0	0	
demographic.indicators8	0.0101	0.1002	0	0	0	359.8024	0	0	
demographic.indicators9	0.0359	0.186	0	0	0	286.7963	0	0	
demographic.indicators10	0.0811	0.2729	0	0	1	247.62	0	0	
demographic.indicators11	0.1011	0.3014	0	0	1	241.4612	0	0	
demographic.indicators12	0.0458	0.209	0	0	0	309.3665	0	0	
demographic.indicators13	0.0447	0.2066	0	0	0	302.8797	0	0	
demographic.indicators14	0.0305	0.1719	0	0	0	353.2452	0	0	
demographic.indicators15	0.0395	0.1948	0	0	0	291.8669	0	0	
demographic.indicators16	0.0257	0.1581	0	0	0	298.6514	0	0	
demographic.indicators17	0.0228	0.1494	0	0	0	439.7307	0	0	
demographic.indicators18	0.0382	0.1917	0	0	0	309.0369	0	0	
demographic.indicators19	0.087	0.2818	0	0	1	220.5115	0	0	
demographic.indicators20	0.0633	0.2434	0	0	1	230.9372	0	0	
demographic.indicators21	8.308E-3	0.0908	0	0	0	755.5926	0	0	
demographic.indicators22	0.0389	0.1933	0	0	0	230.9573	0	0	
demographic.indicators23	6.472E-3	0.0802	0	0	0	1227.5437	0	0	
demographic.indicators24	0.0231	0.1501	0	0	0	381.291	0	0	
demographic.indicators25	0.0177	0.1319	0	0	0	408.5901	0	0	
demographic.indicators26	6.164E-3	0.0783	0	0	0	659.6675	0	0	
demographic.indicators27	0.021	0.1433	0	0	0	354.6472	0	0	
demographic.indicators28	0.0133	0.1148	0	0	0	658.9112	0	0	
demographic.indicators29	6.8573E-3	0.0825	0	0	0	1461.5236	0	0	
demographic.indicators30	0.0249	0.1558	0	0	0	339.5394	0	0	
demographic.indicators31	0.0102	0.1003	0	0	0	511.5962	0	0	
demographic.indicators32	0.02	0.1398	0	0	0	445.4252	0	0	
demographic.indicators33	0.0112	0.1053	0	0	0	469.9002	0	0	
demographic.indicators34	0.0229	0.1497	0	0	0	547.1225	0	0	
demographic.indicators35	0.0129	0.1127	0	0	0	462.8846	0	0	
demographic.indicators36	6.3867E-3	0.0797	0	0	0	1141.4178	0	0	
demographic.indicators37	5.616E-3	0.0747	0	0	0	1982.3383	0	0	
demographic.indicators38	7.7747E-3	0.0878	0	0	0	1299.4603	0	0	
demographic.indicators39	0.0105	0.1018	0	0	0	854.9061	0	0	
demographic.indicators40	8.0813E-3	0.0895	0	0	0	769.8985	0	0	
demographic.indicators41	9.948E-3	0.0992	0	0	0	861.0226	0	0	
demographic.indicators42	0.0126	0.1115	0	0	0	582.2635	0	0	
demographic.indicators43	4.096E-3	0.0639	0	0	0	2135.8068	0	0	
demographic.indicators44	9.5667E-3	0.0973	0	0	0	987.9928	0	0	
demographic.indicators45	0.0128	0.1125	0	0	0	621.7431	0	0	
demographic.indicators46	0.0104	0.1013	0	0	0	1254.0213	0	0	
demographic.indicators47	0.0132	0.1143	0	0	0	564.3592	0	0	
demographic.indicators48	8.4733E-3	0.0917	0	0	0	1022.1943	0	0	
demographic.indicators49	0.0106	0.1024	0	0	0	630.0264	0	0	
demographic.indicators50	9.9947E-3	0.0995	0	0	0	523.909	0	0	
demographic.indicators51	0.0159	0.1252	0	0	0	703.6245	0	0	
demographic.indicators52	6.7147E-3	0.0817	0	0	0	1528.5182	0	0	
demographic.indicators53	8.0547E-3	0.0894	0	0	0	983.1251	0	0	
demographic.indicators54	0.0174	0.1307	0	0	0	488.3057	0	0	
demographic.indicators55	8.1587E-3	0.09	0	0	0	1180.2028	0	0	
demographic.indicators56	9.3027E-3	0.096	0	0	0	642.908	0	0	
demographic.indicators57	8.9187E-3	0.094	0	0	0	989.4345	0	0	
demographic.indicators58	0.0141	0.118	0	0	0	787.6788	0	0	
demographic.indicators59	0.0117	0.1073	0	0	0	1017.9594	0	0	
demographic.indicators60	0.0144	0.1189	0	0	0	401.7307	0	0	
demographic.indicators61	8.7413E-3	0.0931	0	0	0	1050.3788	0	0	
demographic.indicators62	6.4827E-3	0.0803	0	0	0	1469.3523	0	0	
demographic.indicators63	0.0225	0.1483	0	0	0	439.0525	0	0	
demographic.indicators64	6.788E-3	0.0821	0	0	0	1580.8082	0	0	
demographic.indicators65	8.9027E-3	0.0939	0	0	0	618.2545	0	0	
demographic.indicators66	0.0108	0.1033	0	0	0	548.2848	0	0	
demographic.indicators67	0.0151	0.1218	0	0	0	1051.0574	0	0	
demographic.indicators68	0.0155	0.1236	0	0	0	627.6063	0	0	
demographic.indicators69	0.0179	0.1326	0	0	0	753.1181	0	0	
demographic.indicators70	0.0143	0.1187	0	0	0	783.5673	0	0	
demographic.indicators71	0.0171	0.1297	0	0	0	644.5008	0	0	
demographic.indicators72	0.0244	0.1542	0	0	0	434.6043	0	0	
demographic.indicators73	0.0136	0.1159	0	0	0	1004.5881	0	0	
demographic.indicators74	9.636E-3	0.0977	0	0	0	1530.4646	0	0	
demographic.indicators75	0.0113	0.1058	0	0	0	783.9561	0	0	
demographic.indicators76	0.0154	0.1232	0	0	0	696.2961	0	0	
demographic.indicators77	0.0119	0.1084	0	0	0	668.7927	0	0	
demographic.indicators78	0.0212	0.1439	0	0	0	422.5505	0	0	
demographic.indicators79	0.0113	0.1058	0	0	0	676.6216	0	0	
demographic.indicators80	0.0115	0.1066	0	0	0	699.0805	0	0	
demographic.indicators81	0.0126	0.1117	0	0	0	1237.4706	0	0	
demographic.indicators82	0.0177	0.1317	0	0	0	725.4061	0	0	
demographic.indicators83	0.0221	0.1471	0	0	0	489.2515	0	0	
demographic.indicators84	9.6187E-3	0.0976	0	0	0	1337.775	0	0	
demographic.indicators85	0.0177	0.1318	0	0	0	470.1996	0	0	
demographic.indicators86	0.0104	0.1013	0	0	0	932.7236	0	0	
demographic.indicators87	0.0147	0.1202	0	0	0	725.1582	0	0	
demographic.indicators88	8.4133E-3	0.0913	0	0	0	1135.8039	0	0	
demographic.indicators89	8.5333E-3	0.092	0	0	0	1265.5075	0	0	
demographic.indicators90	0.0122	0.1097	0	0	0	1045.1554	0	0	
demographic.indicators91	0.0113	0.1058	0	0	0	668.0816	0	0	
demographic.indicators92	0.0131	0.1139	0	0	0	634.2034	0	0	
demographic.indicators93	0.0201	0.1403	0	0	0	566.5816	0	0	
demographic.indicators94	0.0101	0.0998	0	0	0	811.987	0	0	
demographic.indicators95	6.5867E-3	0.0809	0	0	0	1291.794	0	0	
demographic.indicators96	0.0115	0.1064	0	0	0	705.8131	0	0	
demographic.indicators97	6.6653E-3	0.0814	0	0	0	785.4771	0	0	
demographic.indicators98	8.648E-3	0.0926	0	0	0	929.9231	0	0	
demographic.indicators99	0.0139	0.1169	0	0	0	374.4844	0	0	
demographic.indicators100	6.5267E-3	0.0805	0	0	0	1850.8096	0	0	
demographic.indicators101	0.0118	0.108	0	0	0	973.78	0	0	
demographic.indicators102	0.01	0.0997	0	0	0	1035.641	0	0	
demographic.indicators103	8.5973E-3	0.0923	0	0	0	1065.1453	0	0	
demographic.indicators104	8.448E-3	0.0915	0	0	0	1015.6886	0	0	
demographic.indicators105	7.6067E-3	0.0869	0	0	0	998.4041	0	0	
demographic.indicators106	6.0093E-3	0.0773	0	0	0	1610.6789	0	0	
demographic.indicators107	5.112E-3	0.0713	0	0	0	1798.5882	0	0	
demographic.indicators108	9.9333E-3	0.0992	0	0	0	1137.5464	0	0	
demographic.indicators109	0.016	0.1255	0	0	0	603.4903	0	0	
demographic.indicators110	4.32E-3	0.0656	0	0	0	3139.5175	0	0	
demographic.indicators111	0.0107	0.1029	0	0	0	875.9532	0	0	
demographic.indicators112	4.2893E-3	0.0654	0	0	0	1336.568	0	0	
demographic.indicators113	0.0108	0.1032	0	0	0	627.6749	0	0	
demographic.indicators114	5.6493E-3	0.0749	0	0	0	1262.423	0	0	
demographic.indicators115	4.176E-3	0.0645	0	0	0	1355.8562	0	0	
demographic.indicators116	7.664E-3	0.0872	0	0	0	557.2084	0	0	
demographic.indicators117	4.948E-3	0.0702	0	0	0	1475.1689	0	0	
demographic.indicators118	5.7173E-3	0.0754	0	0	0	1188.6376	0	0	
demographic.indicators119	5.3733E-3	0.0731	0	0	0	1494.0246	0	0	
demographic.indicators120	7.096E-3	0.0839	0	0	0	620.5448	0	0	
demographic.indicators121	6.5133E-3	0.0804	0	0	0	1048.656	0	0	
demographic.indicators122	3.068E-3	0.0553	0	0	0	2628.8876	0	0	
demographic.indicators123	1.008E-3	0.0317	0	0	0	12972.4784	0	0	
demographic.indicators124	3.4307E-3	0.0585	0	0	0	2431.5081	0	0	
demographic.indicators125	3.2227E-3	0.0567	0	0	0	1779.2469	0	0	
demographic.indicators126	4.7573E-3	0.0688	0	0	0	1724.0546	0	0	
demographic.indicators127	4.3947E-3	0.0661	0	0	0	1660.2298	0	0	
demographic.indicators128	1.536E-3	0.0392	0	0	0	6198.852	0	0	
demographic.indicators129	3.3907E-3	0.0581	0	0	0	1750.1661	0	0	
demographic.indicators130	2.3173E-3	0.0481	0	0	0	5424.4577	0	0	
demographic.indicators131	2.24E-3	0.0473	0	0	0	5633.6986	0	0	
demographic.indicators132	2.7093E-3	0.052	0	0	0	4196.7752	0	0	
demographic.indicators133	1.3453E-3	0.0367	0	0	0	25172.4763	0	0	
demographic.indicators134	5.88E-3	0.0765	0	0	0	795.784	0	0	
demographic.indicators135	2.4413E-3	0.0493	0	0	0	4786.7938	0	0	
demographic.indicators136	1.588E-3	0.0398	0	0	0	17155.6849	0	0	
demographic.indicators137	3.08E-3	0.0554	0	0	0	1143.8711	0	0	
demographic.indicators138	2.1373E-3	0.0462	0	0	0	10964.2955	0	0	
demographic.indicators139	3.2613E-3	0.057	0	0	0	3116.5282	0	0	
demographic.indicators140	2.8267E-3	0.0531	0	0	0	3304.497	0	0	
demographic.indicators141	1.856E-3	0.043	0	0	0	3512.6972	0	0	
demographic.indicators142	1.92E-3	0.0438	0	0	0	3864.8514	0	0	
demographic.indicators143	1.8333E-3	0.0428	0	0	0	7113.5223	0	0	
demographic.indicators144	4.5547E-3	0.0673	0	0	0	820.6541	0	0	
demographic.indicators145	2.672E-3	0.0516	0	0	0	5072.861	0	0	
demographic.indicators146	1.688E-3	0.0411	0	0	0	4651.6786	0	0	
demographic.indicators147	1.7867E-3	0.0422	0	0	0	5932.2333	0	0	
demographic.indicators148	1.3507E-3	0.0367	0	0	0	13813.6719	0	0	
demographic.indicators149	3.4133E-3	0.0583	0	0	0	913.0069	0	0	
demographic.indicators150	2.2013E-3	0.0469	0	0	0	4915.3147	0	0	
demographic.indicators151	2.8773E-3	0.0536	0	0	0	3750.6327	0	0	
demographic.indicators152	1.6667E-3	0.0408	0	0	0	4742.6809	0	0	
demographic.indicators153	1.104E-3	0.0332	0	0	0	17835.1505	0	0	
demographic.indicators154	3.1547E-3	0.0561	0	0	0	2979.2899	0	0	
demographic.indicators155	1.1747E-3	0.0343	0	0	0	17647.3189	0	0	
demographic.indicators156	1.852E-3	0.043	0	0	0	4119.5974	0	0	
demographic.indicators157	1.5013E-3	0.0387	0	0	0	8336.5903	0	0	
demographic.indicators158	2.6133E-3	0.0511	0	0	0	990.096	0	0	
demographic.indicators159	2.4427E-3	0.0494	0	0	0	2902.8186	0	0	
demographic.indicators160	1.416E-3	0.0376	0	0	0	28920.5657	0	0	
demographic.indicators161	1.2787E-3	0.0357	0	0	0	21301.768	0	0	
demographic.indicators162	4.044E-3	0.0635	0	0	0	2040.0676	0	0	
demographic.indicators163	9.8533E-4	0.0314	0	0	0	30171.5831	0	0	
demographic.indicators164	2.7427E-3	0.0523	0	0	0	3703.707	0	0	
demographic.indicators165	1.196E-3	0.0346	0	0	0	32718.937	0	0	
demographic.indicators166	1.3733E-3	0.037	0	0	0	17957.3554	0	0	
demographic.indicators167	1.2027E-3	0.0347	0	0	0	26195.2952	0	0	
demographic.indicators168	1.3627E-3	0.0369	0	0	0	17526.9358	0	0	
demographic.indicators169	1.4587E-3	0.0382	0	0	0	16078.0459	0	0	
demographic.indicators170	1.4147E-3	0.0376	0	0	0	7144.3259	0	0	
demographic.indicators171	2.4173E-3	0.0491	0	0	0	4158.0505	0	0	
demographic.indicators172	9.68E-4	0.0311	0	0	0	33761.9383	0	0	
demographic.indicators173	1.3573E-3	0.0368	0	0	0	18136.4964	0	0	
demographic.indicators174	1.612E-3	0.0401	0	0	0	9692.7714	0	0	
demographic.indicators175	1.4227E-3	0.0377	0	0	0	10033.3416	0	0	
demographic.indicators176	1.3973E-3	0.0374	0	0	0	18913.3641	0	0	
demographic.indicators177	1.516E-3	0.0389	0	0	0	21703.2666	0	0	
demographic.indicators178	1.0973E-3	0.0331	0	0	0	27872.7187	0	0	
demographic.indicators179	1.812E-3	0.0425	0	0	0	7032.0539	0	0	
demographic.indicators180	1.3773E-3	0.0371	0	0	0	11943.5626	0	0	
demographic.indicators181	1.3173E-3	0.0363	0	0	0	26525.0949	0	0	
demographic.indicators182	1.1507E-3	0.0339	0	0	0	14080.4117	0	0	
demographic.indicators183	1.3213E-3	0.0363	0	0	0	31024.9274	0	0	
demographic.indicators184	1.152E-3	0.0339	0	0	0	25749.2688	0	0	
demographic.indicators185	1.4107E-3	0.0375	0	0	0	37758.1785	0	0	
demographic.indicators186	1.164E-3	0.0341	0	0	0	32530.4441	0	0	
demographic.indicators187	1.788E-3	0.0422	0	0	0	29061.2557	0	0	
demographic.indicators188	1.3507E-3	0.0367	0	0	0	35011.8705	0	0	
demographic.indicators189	1.7133E-3	0.0414	0	0	0	9271.4467	0	0	
demographic.indicators190	1.4747E-3	0.0384	0	0	0	40738.6229	0	0	
demographic.indicators191	2.2667E-3	0.0476	0	0	0	16869.505	0	0	
demographic.indicators192	2.3133E-3	0.048	0	0	0	35111.6969	0	0	
demographic.indicators193	1.98E-3	0.0445	0	0	0	36533.7296	0	0	
demographic.indicators194	2.6427E-3	0.0513	0	0	0	22668.0569	0	0	
demographic.indicators195	4.212E-3	0.0648	0	0	0	3189.05	0	0	
demographic.indicators196	4.46E-3	0.0666	0	0	0	27335.8748	0	0	
demographic.indicators197	7.748E-3	0.0877	0	0	0	15808.7942	0	0	
demographic.indicators198	0.0118	0.108	0	0	0	9504.9851	0	0	
demographic.indicators199	0.0226	0.1486	0	0	0	1267.7998	0	0	
kappa	2.3401	0.1573	2.3356	2.0293	2.6441	30255.8306	2.2253	2.4343	
frequencies1	0.2701	0.0104	0.2701	0.2499	0.2904	13255.6395	0.2633	0.2772	
frequencies2	0.2218	9.478E-3	0.2217	0.2038	0.2408	10215.901	0.2149	0.2276	
frequencies3	0.1798	8.5598E-3	0.1797	0.1633	0.1967	14643.2806	0.1733	0.1849	
frequencies4	0.3283	0.0113	0.3282	0.3063	0.3503	9683.985	0.3208	0.3359	
alpha	0.5097	0.0432	0.5075	0.4273	0.5956	34909.3387	0.4801	0.5372	
default.ucld.mean	1.1733E-3	3.6369E-4	1.135E-3	4.9429E-4	1.8819E-3	224.4555	8.2193E-4	1.2977E-3	
default.ucld.stdev	5.6724E-3	3.7606E-3	4.6463E-3	8.1396E-4	0.0128	255.0043	1.7142E-3	5.1591E-3	
host_groups.ucld.mean	0.0101	3.08E-3	9.8142E-3	4.4637E-3	0.0162	350.9209	7.4597E-3	0.0115	
host_groups.ucld.stdev	0.0148	0.0147	0.011	5.5473E-8	0.0418	553.2929	5.5473E-8	0.011	
default.meanRate	9.4597E-4	2.0363E-4	9.4541E-4	5.4424E-4	1.3253E-3	223.0356	8.1931E-4	1.0972E-3	
default.coefficientOfVariation	3.1478	0.8061	3.0091	1.8323	4.7139	229.0383	2.1843	3.25	
default.covariance	0.2624	0.1344	0.2478	0.0351	0.5219	231.6201	0.1158	0.3011	
host_groups.meanRate	0.0109	3.8024E-3	0.0104	4.2101E-3	0.0183	416.3292	7.5252E-3	0.0121	
host_groups.coefficientOfVariation	1.2877	0.9525	1.1057	6.5711E-6	3.0979	396.6491	6.5711E-6	1.1057	
host_groups.covariance	-0.0048	0.0481	-0.0103	-0.0931	0.0945	10445.5569	-0.0475	0.0113	
host_groups.rates.Amaranthaceae.Brassicaceae	0.8729	0.8167	0.6483	1.185E-4	2.44	7862.2503	3.5304E-3	0.6505	
host_groups.rates.Amaranthaceae.Fabaceae	1.1457	0.978	0.9064	2.5945E-5	3.0363	1652.7576	1.8673E-3	0.9078	
host_groups.rates.Amaranthaceae.Poaceae	0.9313	0.7336	0.7571	1.6989E-4	2.329	5307.5321	0.1455	0.86	
host_groups.rates.Amaranthaceae.Solanaceae	0.8872	0.8653	0.6435	3.8925E-5	2.5662	9260.6394	5.3014E-5	0.6435	
host_groups.rates.Brassicaceae.Fabaceae	0.8991	0.936	0.6069	9.4978E-5	2.7616	9880.4248	2.7553E-4	0.607	
host_groups.rates.Brassicaceae.Poaceae	1.619	0.8623	1.4552	0.2669	3.3279	7633.8147	0.7272	1.7071	
host_groups.rates.Brassicaceae.Solanaceae	0.8633	0.8252	0.6322	1.4248E-4	2.4579	9778.2214	1.2901E-3	0.6329	
host_groups.rates.Fabaceae.Poaceae	1.1347	0.768	0.9856	4.7755E-5	2.5728	3859.1803	0.3522	1.1988	
host_groups.rates.Fabaceae.Solanaceae	0.9733	0.7835	0.8002	7.3011E-5	2.43	6054.9306	0.1767	0.9595	
host_groups.rates.Poaceae.Solanaceae	0.9146	0.8213	0.6986	1.1951E-4	2.4823	9279.7355	4.9994E-3	0.703	
host_groups.rates.Brassicaceae.Amaranthaceae	0.9184	0.9723	0.6004	1.427E-4	2.8806	9637.883	1.6335E-4	0.6004	
host_groups.rates.Fabaceae.Amaranthaceae	1.0659	0.7246	0.9252	1.2688E-5	2.4139	3651.4543	0.3381	1.1236	
host_groups.rates.Poaceae.Amaranthaceae	0.8581	0.7917	0.6393	3.8849E-4	2.3896	8067.9097	0.013	0.6493	
host_groups.rates.Solanaceae.Amaranthaceae	0.8234	0.7723	0.6084	1.7167E-5	2.3041	5490.4335	2.2591E-5	0.6084	
host_groups.rates.Fabaceae.Brassicaceae	0.8328	0.7518	0.6396	6.5129E-5	2.2412	10806.8828	0.0773	0.7054	
host_groups.rates.Poaceae.Brassicaceae	0.8452	0.7927	0.626	1.4882E-4	2.3666	11063.6898	0.0526	0.6733	
host_groups.rates.Solanaceae.Brassicaceae	0.8638	0.8996	0.5806	3.2941E-5	2.6592	9452.5535	3.479E-5	0.5806	
host_groups.rates.Poaceae.Fabaceae	1.5459	1.0559	1.3555	1.7557E-4	3.5426	1350.5614	0.4109	1.6677	
host_groups.rates.Solanaceae.Fabaceae	1.0786	0.8836	0.8766	2.239E-5	2.7687	2564.6669	3.2252E-5	0.8766	
host_groups.rates.Solanaceae.Poaceae	0.8788	0.9389	0.5716	8.8034E-5	2.7623	8696.9885	7.8337E-4	0.5721	
host_groups.indicators.Amaranthaceae.Brassicaceae	0.5346	0.4988	1	0	1	814.9855	1	1	
host_groups.indicators.Amaranthaceae.Fabaceae	0.5123	0.4999	1	0	1	484.8512	1	1	
host_groups.indicators.Amaranthaceae.Poaceae	0.8221	0.3824	1	0	1	1215.0311	1	1	
host_groups.indicators.Amaranthaceae.Solanaceae	0.4053	0.491	0	0	1	576.962	0	0	
host_groups.indicators.Brassicaceae.Fabaceae	0.2183	0.4131	0	0	1	2177.2254	0	0	
host_groups.indicators.Brassicaceae.Poaceae	1	2E-3	1	1	1	2.5E5	1	1	
host_groups.indicators.Brassicaceae.Solanaceae	0.4887	0.4999	0	0	1	2123.7393	0	0	
host_groups.indicators.Fabaceae.Poaceae	0.847	0.3599	1	0	1	862.4598	1	1	
host_groups.indicators.Fabaceae.Solanaceae	0.6454	0.4784	1	0	1	519.8386	1	1	
host_groups.indicators.Poaceae.Solanaceae	0.5555	0.4969	1	0	1	1265.9616	1	1	
host_groups.indicators.Brassicaceae.Amaranthaceae	0.1374	0.3442	0	0	1	21038.4496	0	0	
host_groups.indicators.Fabaceae.Amaranthaceae	0.8285	0.3769	1	0	1	549.701	1	1	
host_groups.indicators.Poaceae.Amaranthaceae	0.6069	0.4884	1	0	1	1086.2956	1	1	
host_groups.indicators.Solanaceae.Amaranthaceae	0.6396	0.4801	1	0	1	783.3684	1	1	
host_groups.indicators.Fabaceae.Brassicaceae	0.6157	0.4864	1	0	1	927.5345	1	1	
host_groups.indicators.Poaceae.Brassicaceae	0.5902	0.4918	1	0	1	1621.135	1	1	
host_groups.indicators.Solanaceae.Brassicaceae	0.2868	0.4522	0	0	1	2491.5131	0	0	
host_groups.indicators.Poaceae.Fabaceae	0.8522	0.3549	1	0	1	627.2116	1	1	
host_groups.indicators.Solanaceae.Fabaceae	0.6523	0.4762	1	0	1	594.1921	1	1	
host_groups.indicators.Solanaceae.Poaceae	0.1952	0.3963	0	0	1	9089.6255	0	0	
host_groups.nonZeroRates	11.434	2.011	11	8	15	1340.792	10	12	
default.treeLikelihood	-6995.6893	13.3677	-6995.3341	-7021.9758	-6969.975	725.8765	-7004.0451	-6985.9297	
default.branchRates	-2382.6079	0	0	0	0	NaN	0	0	
host_groups.branchRates	-2382.6079	0	0	0	0	NaN	0	0	
c_host_groups.count[1]	44.3425	6.4175	44	32	56	1169.4356	40	47	
c_allTransitions[1]	44.3363	6.412	44	32	56	1165.1565	40	47	
coalescent	-1144.0121	45.0309	-1140.6614	-1242.4859	-1058.3807	216.3528	-1162.8107	-1105.5285	

