burnIn   <= 0,   maxState  = 150000200
statistic	mean	stdErr	median	hpdLower	hpdUpper	ESS	50hpdLower	50hpdUpper
joint	-14099.7493	158.9663	-14094.5234	-14412.967	-13799.6063	462.7207	-14193.66	-13974.965	
prior	-6996.3667	158.9435	-6991.9015	-7304.6702	-6692.3182	457.8357	-7093.795	-6874.8739	
likelihood	-7103.3826	17.6608	-7103.3419	-7138.0047	-7068.8968	1393.9992	-7114.9325	-7091.0884	
treeModel.rootHeight	167.5442	53.497	158.4793	77.9847	275.6137	564.2179	117.1962	177.7242	
age(root)	1853.4558	53.497	1862.5207	1745.3863	1943.0153	564.2179	1843.2758	1903.8038	
treeLength	2149.2215	435.2882	2089.723	1379.1845	2995.4276	422.0191	1751.0567	2275.5778	
tmrca(ingroup)	167.5442	53.497	158.4793	77.9847	275.6137	564.2179	117.1962	177.7242	
age(ingroup)	1853.4558	53.497	1862.5207	1745.3863	1943.0153	564.2179	1843.2758	1903.8038	
demographic.populationSizeChanges	2.7426	0.7764	3	2	4	930.2326	2	3	
demographic.populationMean	93.1477	89.9944	68.6864	11.4583	240.0469	503.7485	23.9031	74.2894	
demographic.popSize1	58.843	70.7493	40.5575	0.0361	194.0349	437.6959	0.0361	40.5575	
demographic.popSize2	93.2326	150.7527	46.9851	1.863E-3	329.6496	1449.3984	1.8954E-3	46.9851	
demographic.popSize3	91.5142	149.4132	46.4802	4.1541E-3	322.6151	1527.0955	0.0142	46.4862	
demographic.popSize4	91.964	158.0327	45.3908	3.7273E-3	327.7165	1451.55	0.0453	45.4138	
demographic.popSize5	94.0323	157.4318	45.9886	2.0349E-3	332.6427	1347.141	2.3268E-3	45.9886	
demographic.popSize6	93.3429	154.4914	46.9607	1.0883E-3	329.9265	1471.0367	4.5958E-3	46.9642	
demographic.popSize7	92.0103	159.544	45.509	4.5647E-4	326.0424	1512.868	9.9853E-3	45.5112	
demographic.popSize8	91.6534	151.4524	45.5496	4.4514E-4	322.0591	1559.8986	4.4514E-4	45.5496	
demographic.popSize9	94.1383	160.8742	46.6949	3.6689E-3	330.7586	1399.2588	3.6689E-3	46.6949	
demographic.popSize10	92.2382	158.6948	44.943	3.5893E-3	331.8382	1409.9502	2.0738E-3	44.943	
demographic.popSize11	92.9561	159.4799	45.6991	3.3239E-3	324.2803	1380.0114	8.1427E-3	45.7003	
demographic.popSize12	85.8961	152.1818	42.1068	5.9106E-3	312.2277	1382.2835	3.8238E-3	42.1068	
demographic.popSize13	91.5534	155.1453	45.6079	3.4255E-3	321.9679	1493.028	2.8981E-3	45.6079	
demographic.popSize14	91.3755	150.6749	45.6068	5.3975E-3	324.3207	1587.2397	6.5269E-3	45.6108	
demographic.popSize15	90.0875	158.0852	43.6911	4.0616E-3	324.5271	1486.4501	7.9641E-3	43.6916	
demographic.popSize16	91.3324	151.5998	45.3681	1.8106E-4	325.3873	1359.8211	7.8903E-3	45.374	
demographic.popSize17	93.6382	156.3085	46.9242	1.4246E-3	331.2996	1361.4325	1.4696E-3	46.9242	
demographic.popSize18	86.2868	151.7661	40.0508	2.7952E-3	314.6872	1298.2296	0.0173	40.0615	
demographic.popSize19	89.6949	144.3687	44.4654	4.9267E-3	318.333	1425.4165	5.6494E-3	44.4654	
demographic.popSize20	92.0577	155.6569	45.277	5.6076E-3	326.5796	1384.6263	4.3925E-3	45.277	
demographic.popSize21	91.7101	171.2992	42.3142	4.1998E-4	331.3151	1339.1626	4.8786E-4	42.3142	
demographic.popSize22	88.0258	143.7202	42.8015	1.9976E-3	324.2804	1430.776	1.9976E-3	42.8015	
demographic.popSize23	86.8242	158.2931	40.6088	1.2276E-3	314.19	1318.9939	3.1764E-3	40.6088	
demographic.popSize24	86.4711	135.7022	42.6414	1.0483E-4	316.5104	1595.1426	1.4205E-3	42.6414	
demographic.popSize25	89.157	158.9844	43.0586	3.5341E-3	322.9493	1405.4461	6.4092E-3	43.0586	
demographic.popSize26	93.0848	154.7977	46.2481	1.7087E-3	329.9701	1434.5483	1.7087E-3	46.2481	
demographic.popSize27	86.2303	154.0213	40.1331	2.2263E-4	316.3096	1427.0725	2.2263E-4	40.1331	
demographic.popSize28	91.6918	153.3083	44.8725	9.6492E-4	328.7378	1333.7268	9.6492E-4	44.8725	
demographic.popSize29	86.1816	149.141	40.3116	2.1599E-4	313.2731	1294.5243	2.1599E-4	40.3116	
demographic.popSize30	93.9288	162.7312	46.5377	1.2018E-3	333.7537	1394.5912	4.5115E-3	46.5377	
demographic.popSize31	93.9219	156.5676	46.4412	9.6221E-3	338.0271	1425.3301	0.0105	46.4426	
demographic.popSize32	92.9151	164.1907	45.8633	2.0485E-3	326.4819	1576.8262	2.0485E-3	45.8633	
demographic.popSize33	92.834	155.8544	46.386	1.3257E-3	330.9618	1438.3131	5.6442E-3	46.3892	
demographic.popSize34	93.2871	154.8146	46.6736	3.2625E-3	331.4993	1512.9835	3.2625E-3	46.6736	
demographic.popSize35	93.4003	160.4144	45.8729	5.0347E-4	327.5293	1461.487	2.8291E-3	45.8739	
demographic.popSize36	92.7361	157.4041	45.912	2.5883E-4	329.1417	1371.3105	7.8514E-4	45.912	
demographic.popSize37	93.0923	158.3733	46.4545	5.9803E-4	326.4234	1478.0434	0.0161	46.4597	
demographic.popSize38	93.3202	152.5201	46.5977	4.9275E-3	334.2172	1467.4591	6.3949E-3	46.5977	
demographic.popSize39	92.523	153.4577	45.2359	1.1923E-3	331.5062	1417.4641	6.3734E-3	45.2403	
demographic.popSize40	91.7884	155.1954	46.4262	2.7399E-3	319.706	1592.6338	0.016	46.4271	
demographic.popSize41	94.0052	170.6013	46.7328	4.6974E-5	325.8095	1439.6833	4.3859E-3	46.7345	
demographic.popSize42	93.0571	150.1451	46.3452	4.466E-3	330.3586	1474.5492	5.4005E-4	46.3452	
demographic.popSize43	92.0266	155.5593	45.6469	5.5147E-3	326.4513	1389.6187	0.0111	45.6519	
demographic.popSize44	93.5724	158.4288	46.1318	3.7445E-4	330.6866	1378.2855	3.7445E-4	46.1318	
demographic.popSize45	92.7231	165.8824	46.2219	6.5562E-3	328.2421	1283.9743	6.5562E-3	46.2219	
demographic.popSize46	92.7324	159.6196	46.373	7.0191E-4	324.8693	1540.459	7.0191E-4	46.373	
demographic.popSize47	92.3058	167.2212	45.4451	2.8042E-4	328.5205	1490.4609	2.8042E-4	45.4451	
demographic.popSize48	94.2938	174.4326	46.5013	2.2957E-3	335.0698	1548.068	2.1129E-3	46.5013	
demographic.popSize49	93.2054	153.9791	46.1869	1.953E-3	330.4938	1398.389	1.953E-3	46.1869	
demographic.popSize50	93.5516	167.0795	46.0858	9.2671E-4	329.4634	1526.7072	4.7668E-3	46.0858	
demographic.popSize51	93.4507	154.6929	46.7914	2.2429E-3	331.2431	1391.2789	1.8333E-3	46.7914	
demographic.popSize52	92.3415	154.1291	45.1941	5.7312E-3	332.9514	1492.4018	5.7312E-3	45.1941	
demographic.popSize53	91.9244	149.1309	45.4986	5.253E-3	325.9931	1498.5696	2.9114E-3	45.4986	
demographic.popSize54	91.6825	183.0542	44.4873	7.7934E-4	321.0662	1824.1878	7.7934E-4	44.4873	
demographic.popSize55	91.7146	158.7152	44.8468	1.5333E-4	325.2717	1489.3738	1.5333E-4	44.8468	
demographic.popSize56	93.8835	155.8976	46.1584	3.2178E-3	339.0428	1422.7187	3.2178E-3	46.1584	
demographic.popSize57	91.6157	150.1662	46.138	1.5069E-4	326.246	1429.8976	1.5069E-4	46.138	
demographic.popSize58	89.6126	150.3991	42.943	5.7424E-3	320.4764	1367.2662	0.0133	42.9475	
demographic.popSize59	91.3277	150.2897	45.4879	2.5858E-3	328.7274	1447.194	2.8869E-3	45.4879	
demographic.popSize60	91.0906	154.28	44.4864	7.6497E-3	327.9824	1554.7437	9.4607E-3	44.4864	
demographic.popSize61	91.6424	145.6896	45.304	7.1793E-4	331.5042	1501.4919	7.1793E-4	45.304	
demographic.popSize62	90.6846	149.5743	44.8361	1.744E-3	319.6449	1428.0326	8.4913E-3	44.8363	
demographic.popSize63	91.9201	150.4224	45.971	1.8959E-3	325.1212	1412.6776	1.8959E-3	45.971	
demographic.popSize64	92.6178	156.9326	46.2971	3.2548E-3	321.2105	1431.4583	6.4963E-3	46.2978	
demographic.popSize65	93.1782	150.0596	48.0376	0.0113	317.7885	1453.8613	0.0126	48.0376	
demographic.popSize66	94.7266	156.5308	46.9571	1.8212E-3	329.1348	1384.9962	0.0136	46.9621	
demographic.popSize67	94.114	177.5384	48.2176	1.6518E-4	328.1017	1551.116	1.6518E-4	48.2176	
demographic.popSize68	93.6934	162.7658	48.1387	1.5273E-3	326.6703	1527.6473	1.5603E-5	48.1387	
demographic.popSize69	92.8564	170.2843	47.3458	1.975E-3	318.0068	1531.4461	9.7669E-4	47.3458	
demographic.popSize70	95.0003	162.3532	48.9149	5.6118E-4	326.6424	1478.2719	1.1676E-3	48.9149	
demographic.popSize71	94.9159	151.9064	48.8104	6.8215E-3	328.7478	1348.9456	6.8215E-3	48.8104	
demographic.popSize72	94.1349	153.1535	48.3056	5.4549E-3	325.4802	1377.9002	2.9165E-3	48.3056	
demographic.popSize73	94.5472	156.828	48.6392	4.0296E-3	332.0246	1632.8503	4.0296E-3	48.6392	
demographic.popSize74	93.9008	154.8324	48.7634	7.3859E-5	327.4708	1384.8345	6.2542E-3	48.7671	
demographic.popSize75	94.3752	149.1434	48.1338	2.4167E-4	329.8237	1400.2773	2.4167E-4	48.1338	
demographic.popSize76	96.4024	155.0246	48.3283	5.7415E-4	345.2013	1338.6783	8.0537E-4	48.3283	
demographic.popSize77	95.8911	165.8493	49.1112	2.7296E-4	321.6251	1217.8806	0.0194	49.1258	
demographic.popSize78	94.8775	158.6828	49.217	1.7637E-3	324.9066	1396.8476	4.0661E-3	49.2171	
demographic.popSize79	94.8565	154.8595	49.2342	8.8804E-3	327.4289	1358.2781	9.5873E-4	49.2342	
demographic.popSize80	92.5554	148.4181	48.1322	0.0104	320.2545	1523.7106	9.2496E-3	48.1322	
demographic.popSize81	95.66	160.1402	48.6619	2.0343E-3	333.222	1325.679	2.0343E-3	48.6619	
demographic.popSize82	93.8837	154.1595	48.4558	7.2789E-3	322.8345	1503.3237	3.8533E-3	48.4558	
demographic.popSize83	93.6353	150.9495	48.6584	2.2861E-3	334.0538	1453.3611	2.3216E-4	48.6584	
demographic.popSize84	93.2959	167.6936	46.9661	1.5341E-4	318.5051	1468.0504	1.5341E-4	46.9661	
demographic.popSize85	92.3966	146.1521	47.3094	6.6852E-4	324.8632	1458.9502	6.6852E-4	47.3094	
demographic.popSize86	95.081	160.9952	47.8832	3.3478E-3	333.7471	1439.7827	0.0157	47.8968	
demographic.popSize87	93.7983	153.6043	47.3359	3.9559E-4	331.662	1474.6531	1.6144E-4	47.3359	
demographic.popSize88	92.4239	153.7057	46.6276	2.5693E-5	323.4698	1396.4612	3.0914E-3	46.6276	
demographic.popSize89	95.2327	167.8521	48.0109	2.4285E-3	329.7628	1466.7844	2.4285E-3	48.0109	
demographic.popSize90	95.1587	161.432	48.5372	2.1496E-4	329.7513	1398.0077	5.1275E-4	48.5372	
demographic.popSize91	94.5172	158.5061	48.0705	4.3845E-3	333.5835	1449.4152	0.0254	48.0801	
demographic.popSize92	93.4101	156.6022	46.8983	2.8137E-3	328.0324	1542.7435	0.0125	46.899	
demographic.popSize93	93.9112	150.4993	47.3802	1.1434E-3	329.4684	1510.4739	2.5705E-5	47.3802	
demographic.popSize94	91.1502	139.5152	47.7745	9.3429E-4	318.359	1777.1068	2.8792E-3	47.7746	
demographic.popSize95	95.5575	158.3565	46.9259	5.1502E-3	338.9833	1416.1419	5.1502E-3	46.9259	
demographic.popSize96	93.9803	169.7509	46.7834	5.9368E-3	325.0418	1635.0843	0.0238	46.7896	
demographic.popSize97	93.2853	150.19	48.1168	6.4185E-4	321.8321	1423.723	6.4185E-4	48.1168	
demographic.popSize98	93.5932	156.7306	47.4244	2.3416E-3	321.2483	1490.5296	2.3416E-3	47.4244	
demographic.popSize99	93.982	156.0865	48.3728	2.2952E-3	322.8507	1577.9061	3.223E-3	48.3728	
demographic.popSize100	93.8218	159.1477	46.9476	9.1728E-5	334.1575	1469.0027	1.0529E-3	46.9476	
demographic.popSize101	92.8066	154.9662	47.2593	1.4005E-3	326.6885	1409.4436	2.8999E-4	47.2593	
demographic.popSize102	94.7429	174.2547	48.8672	2.0482E-3	321.9185	1563.4012	3.3991E-3	48.8672	
demographic.popSize103	92.961	147.3728	47.3486	2.9196E-3	330.6704	1466.7462	4.8826E-3	47.3492	
demographic.popSize104	94.3912	159.6028	46.9889	1.3452E-3	332.2392	1392.0209	0.0389	47.0167	
demographic.popSize105	93.348	150.2928	47.6726	4.6582E-5	323.6588	1389.3266	0.0106	47.6801	
demographic.popSize106	92.7115	153.0037	46.6063	3.6716E-3	329.2306	1519.6904	2.168E-3	46.6063	
demographic.popSize107	93.2456	160.825	46.6042	4.3057E-3	328.5529	1360.5823	4.3057E-3	46.6042	
demographic.popSize108	92.4303	151.7868	47.4627	1.8618E-3	317.8392	1540.9977	1.8618E-3	47.4627	
demographic.popSize109	92.8165	150.9749	46.5814	6.7911E-4	333.4637	1381.1886	0.0149	46.5924	
demographic.popSize110	92.1261	147.7319	46.4987	4.6208E-3	326.8288	1414.5034	1.2537E-3	46.4987	
demographic.popSize111	94.5594	165.4589	47.4448	4.5783E-3	321.1722	1452.3178	1.1801E-3	47.4448	
demographic.popSize112	93.9828	160.971	46.6312	8.4275E-5	333.1822	1464.4678	1.9164E-3	46.6327	
demographic.popSize113	94.2184	154.3471	46.7911	4.1817E-3	330.7363	1445.023	1.2051E-3	46.7911	
demographic.popSize114	94.209	157.9711	47.5763	4.4993E-5	329.832	1432.8989	4.4993E-5	47.5763	
demographic.popSize115	92.9709	156.9012	46.9607	5.4886E-3	324.8441	1420.6341	3.5723E-3	46.9607	
demographic.popSize116	94.5347	168.4893	47.8494	6.3971E-4	327.6179	1440.1599	5.5327E-3	47.853	
demographic.popSize117	92.713	150.3805	46.1518	1.0173E-3	324.9812	1481.423	1.0173E-3	46.1518	
demographic.popSize118	94.2111	163.9498	46.9072	1.0982E-3	327.4801	1522.7293	1.0982E-3	46.9072	
demographic.popSize119	94.9996	171.9728	47.455	1.6042E-3	335.647	1656.3655	0.0111	47.4597	
demographic.popSize120	92.9783	160.0782	46.4319	4.6601E-3	329.6809	1589.0106	4.6601E-3	46.4319	
demographic.popSize121	93.3237	149.7183	47.3298	3.2E-4	330.8364	1430.7382	3.2E-4	47.3298	
demographic.popSize122	93.9071	156.4975	47.6079	1.3727E-3	325.358	1461.5035	2.9E-3	47.6079	
demographic.popSize123	93.4892	157.1961	47.4926	1.0973E-3	325.0274	1552.5786	6.0258E-3	47.4948	
demographic.popSize124	94.4422	160.7578	46.8301	1.1822E-4	343.5334	1467.6363	1.1822E-4	46.8301	
demographic.popSize125	93.4892	154.0846	46.4197	2.4789E-3	328.6708	1397.4746	3.6573E-3	46.4197	
demographic.popSize126	94.7084	159.4924	46.6546	1.4969E-3	336.1827	1428.9725	0.0214	46.6654	
demographic.popSize127	93.2826	174.3088	46.1791	4.4381E-3	325.8875	1668.1781	1.6408E-3	46.1791	
demographic.popSize128	93.3993	155.1515	47.2239	3.5671E-3	332.992	1588.1863	4.8663E-3	47.2239	
demographic.popSize129	92.9981	153.8473	47.1247	1.8103E-3	324.9013	1487.7063	1.8103E-3	47.1247	
demographic.popSize130	93.2293	165.5824	46.5462	3.2836E-3	332.1106	1577.9849	3.2836E-3	46.5462	
demographic.popSize131	93.247	164.8844	46.225	2.0481E-3	324.4476	1367.7093	6.512E-3	46.225	
demographic.popSize132	92.1448	147.623	46.6183	2.4553E-3	329.5138	1451.4039	4.8122E-3	46.6183	
demographic.popSize133	93.7958	164.1059	47.0262	6.7491E-3	328.9783	1397.6666	0.0217	47.029	
demographic.popSize134	94.0509	189.3931	46.0303	5.4703E-3	324.9161	1719.0155	5.4703E-3	46.0311	
demographic.popSize135	93.8966	156.823	46.9171	7.9559E-3	332.967	1387.6092	0.0384	46.9352	
demographic.popSize136	93.138	154.5846	46.7657	1.851E-3	331.3066	1549.4039	2.2815E-3	46.7657	
demographic.popSize137	92.871	147.8961	47.0527	1.4477E-3	326.2746	1472.2894	1.5546E-3	47.0527	
demographic.popSize138	93.1455	170.9058	46.1943	2.5572E-3	326.8721	1648.1913	8.9323E-3	46.1988	
demographic.popSize139	93.0634	156.3014	46.7656	2.8421E-4	323.9608	1355.4443	1.4966E-3	46.7656	
demographic.popSize140	94.6156	152.7212	46.9541	3.0494E-3	338.9113	1473.3127	3.0494E-3	46.9541	
demographic.popSize141	92.7198	148.5733	45.9168	4.7747E-3	331.1247	1365.8107	6.883E-3	45.9168	
demographic.popSize142	92.5649	160.514	46.667	5.0208E-4	325.8724	1413.3934	1.0164E-3	46.6674	
demographic.popSize143	93.6733	156.9762	47.1212	8.1769E-4	330.4103	1487.3193	1.3239E-3	47.1212	
demographic.popSize144	93.3296	160.0127	46.8965	7.6142E-3	328.3348	1475.8581	8.8912E-3	46.8975	
demographic.popSize145	93.6961	157.0242	47.4459	2.0994E-3	329.6264	1554.9484	7.189E-3	47.4459	
demographic.popSize146	92.1126	154.4062	46.1748	2.1152E-3	326.8814	1496.0901	8.4275E-3	46.1792	
demographic.popSize147	92.7809	178.0955	46.7087	7.9111E-4	323.9743	1654.7261	0.0105	46.7169	
demographic.popSize148	92.0894	144.9853	46.8404	1.5358E-3	326.2569	1516.5964	1.5358E-3	46.8404	
demographic.popSize149	90.8676	145.7313	46.7369	1.6938E-3	319.9691	1475.7511	7.1131E-4	46.7369	
demographic.popSize150	92.1368	146.5945	46.5645	6.4965E-3	324.5897	1490.7387	6.4688E-3	46.5645	
demographic.popSize151	93.4079	170.5984	46.2884	7.8721E-3	329.0953	1415.526	2.721E-3	46.2884	
demographic.popSize152	94.2857	153.8892	48.3263	9.3739E-4	332.7193	1424.1061	9.3739E-4	48.3263	
demographic.popSize153	94.3453	166.1008	47.7657	4.4528E-3	340.0596	1386.8986	4.5568E-3	47.7657	
demographic.popSize154	92.1083	157.8332	46.5082	1.9332E-3	321.2434	1522.0534	2.5974E-4	46.5082	
demographic.popSize155	92.6973	163.4864	45.8399	8.4672E-3	331.1008	1557.2563	7.557E-3	45.8399	
demographic.popSize156	94.1275	156.7773	47.2105	1.0232E-3	329.7821	1351.3857	1.0232E-3	47.2105	
demographic.popSize157	94.1371	158.0462	47.7271	6.2076E-3	331.6701	1407.2829	5.118E-4	47.7271	
demographic.popSize158	94.4586	168.8793	46.871	7.8559E-4	335.8882	1429.0126	6.117E-3	46.8711	
demographic.popSize159	93.8488	147.5444	47.5454	1.4406E-3	334.4915	1463.2315	0.0118	47.548	
demographic.popSize160	92.568	168.7284	46.584	1.156E-3	325.963	1596.3557	1.4747E-3	46.584	
demographic.popSize161	94.4681	155.6994	47.5178	2.7661E-3	331.6002	1376.7661	2.7661E-3	47.5178	
demographic.popSize162	91.5561	150.8404	46.0502	5.695E-3	325.5956	1562.8817	5.7451E-3	46.0502	
demographic.popSize163	93.8203	158.857	46.6115	1.278E-3	332.9153	1473.4057	1.278E-3	46.6115	
demographic.popSize164	93.5135	157.4447	45.8199	7.8233E-3	333.8343	1419.3239	7.8233E-3	45.8216	
demographic.popSize165	92.303	145.012	46.5395	3.0064E-3	331.7612	1351.5557	0.0195	46.5549	
demographic.popSize166	93.3607	158.4223	46.4042	3.5553E-3	331.4003	1386.575	3.5553E-3	46.4042	
demographic.popSize167	93.7467	158.4781	46.719	5.1267E-3	327.8357	1479.174	9.0036E-3	46.7233	
demographic.popSize168	92.4118	150.824	46.3534	3.8776E-3	328.9493	1546.7795	5.6793E-3	46.3536	
demographic.popSize169	92.9913	162.7169	46.6298	3.9814E-3	326.9751	1501.2002	0.0155	46.6318	
demographic.popSize170	91.9887	150.7048	46.8996	3.5107E-3	324.7834	1571.7195	1.6755E-3	46.8996	
demographic.popSize171	94.21	165.6789	47.1807	3.0705E-3	333.402	1450.8215	0.0217	47.1989	
demographic.popSize172	93.0839	160.2874	46.4302	7.6122E-4	328.9463	1401.4695	7.6122E-4	46.4302	
demographic.popSize173	93.9377	165.5245	46.0215	3.1947E-4	330.8685	1371.5805	3.1947E-4	46.0215	
demographic.popSize174	92.9485	153.181	46.7969	3.5306E-3	325.4898	1426.2165	3.5306E-3	46.7969	
demographic.popSize175	93.2282	154.3526	46.6864	5.9629E-4	332.0297	1503.6344	0.0108	46.6903	
demographic.popSize176	93.5833	157.4781	46.6871	2.4336E-4	333.7882	1358.5211	2.4336E-4	46.6871	
demographic.popSize177	91.9211	163.1243	46.2811	1.5706E-3	323.061	1744.6201	0.0252	46.2986	
demographic.popSize178	93.1095	153.3775	47.3564	4.852E-3	330.2219	1541.6644	4.852E-3	47.3575	
demographic.popSize179	94.7625	172.8817	46.9305	4.0516E-3	339.8023	1581.0909	9.5879E-3	46.9305	
demographic.popSize180	92.7308	155.5068	46.3373	4.2992E-3	325.7738	1457.1816	3.1009E-3	46.3373	
demographic.popSize181	93.8985	161.4882	46.4482	0.0107	332.9436	1379.2219	0.0107	46.4482	
demographic.popSize182	93.4238	163.9482	46.7717	3.1326E-3	327.5059	1430.9334	3.1326E-3	46.7717	
demographic.popSize183	92.665	152.8967	46.0291	2.2255E-3	329.8708	1411.711	0.0461	46.0726	
demographic.popSize184	93.2009	152.1103	45.4981	2.3687E-3	329.5039	1409.7607	2.3687E-3	45.4981	
demographic.popSize185	92.7666	155.9119	46.7878	4.0808E-3	331.0128	1331.608	4.0808E-3	46.7878	
demographic.popSize186	92.3313	153.4391	46.4188	2.8153E-3	324.1024	1442.2706	3.3245E-3	46.4188	
demographic.popSize187	92.3626	153.3876	46.1049	3.4808E-3	329.0197	1565.667	3.4808E-3	46.1049	
demographic.popSize188	93.4723	156.3375	46.302	4.1602E-3	332.4286	1499.5124	4.1602E-3	46.302	
demographic.popSize189	92.292	149.6378	46.257	3.1854E-3	328.8017	1440.4218	1.1394E-3	46.257	
demographic.popSize190	90.811	159.5991	45.949	4.15E-3	312.9574	1492.9603	4.15E-3	45.949	
demographic.popSize191	94.0841	162.1941	46.7758	8.22E-3	328.9326	1434.7957	1.5188E-3	46.7758	
demographic.popSize192	92.8385	154.8106	46.5213	4.1369E-4	328.5588	1484.5047	4.1369E-4	46.5213	
demographic.popSize193	92.1385	157.4454	46.2349	6.701E-4	328.4297	1380.9053	1.8288E-3	46.2357	
demographic.popSize194	93.7412	163.4055	46.3225	1.071E-4	332.7615	1432.9083	2.5324E-4	46.3225	
demographic.popSize195	90.9316	144.4444	46.6417	8.4299E-3	319.7349	1498.8827	8.4299E-3	46.6417	
demographic.popSize196	92.082	166.496	45.2364	1.7202E-3	328.3438	1459.6018	0.0173	45.2459	
demographic.popSize197	93.5251	154.8094	46.436	5.1535E-5	330.8893	1334.1973	2.1082E-3	46.436	
demographic.popSize198	92.053	148.2434	45.9144	2.9064E-3	323.3832	1407.9324	2.9064E-3	45.9144	
demographic.popSize199	90.6408	154.46	43.9634	7.0839E-3	328.1925	1440.957	0.0184	43.9698	
demographic.popSize200	89.6463	157.2557	43.1228	2.2253E-3	325.5413	1376.6137	2.2253E-3	43.1228	
demographic.indicators1	3.2393E-3	0.0568	0	0	0	3236.0042	0	0	
demographic.indicators2	1.7973E-3	0.0424	0	0	0	15130.0051	0	0	
demographic.indicators3	5.1173E-3	0.0714	0	0	0	1815.0383	0	0	
demographic.indicators4	8.7573E-3	0.0932	0	0	0	777.618	0	0	
demographic.indicators5	2.8313E-3	0.0531	0	0	0	5857.2296	0	0	
demographic.indicators6	7.1347E-3	0.0842	0	0	0	494.7283	0	0	
demographic.indicators7	2.5793E-3	0.0507	0	0	0	2551.6942	0	0	
demographic.indicators8	2.99E-3	0.0546	0	0	0	2953.6911	0	0	
demographic.indicators9	0.019	0.1364	0	0	0	502.4322	0	0	
demographic.indicators10	6.0093E-3	0.0773	0	0	0	608.8598	0	0	
demographic.indicators11	0.051	0.22	0	0	1	400.1418	0	0	
demographic.indicators12	0.0168	0.1284	0	0	0	497.2878	0	0	
demographic.indicators13	3.77E-3	0.0613	0	0	0	1497.6173	0	0	
demographic.indicators14	0.0331	0.1789	0	0	0	437.6399	0	0	
demographic.indicators15	0.0109	0.1037	0	0	0	488.2752	0	0	
demographic.indicators16	6.8793E-3	0.0827	0	0	0	821.3983	0	0	
demographic.indicators17	0.0704	0.2557	0	0	1	401.6731	0	0	
demographic.indicators18	0.0161	0.1257	0	0	0	511.1756	0	0	
demographic.indicators19	0.0228	0.1491	0	0	0	536.3769	0	0	
demographic.indicators20	0.0544	0.2269	0	0	1	430.3047	0	0	
demographic.indicators21	0.0554	0.2287	0	0	1	420.5179	0	0	
demographic.indicators22	0.0622	0.2415	0	0	1	439.5791	0	0	
demographic.indicators23	0.0419	0.2004	0	0	0	463.1792	0	0	
demographic.indicators24	0.0405	0.1972	0	0	0	457.8103	0	0	
demographic.indicators25	9.172E-3	0.0953	0	0	0	906.0945	0	0	
demographic.indicators26	0.0864	0.2809	0	0	1	417.1786	0	0	
demographic.indicators27	0.0301	0.1708	0	0	0	491.6925	0	0	
demographic.indicators28	0.0693	0.254	0	0	1	421.1195	0	0	
demographic.indicators29	6.9813E-3	0.0833	0	0	0	772.2215	0	0	
demographic.indicators30	6.6167E-3	0.0811	0	0	0	821.2169	0	0	
demographic.indicators31	3.9707E-3	0.0629	0	0	0	1239.7977	0	0	
demographic.indicators32	2.4087E-3	0.049	0	0	0	6387.2052	0	0	
demographic.indicators33	2.02E-3	0.0449	0	0	0	8791.977	0	0	
demographic.indicators34	3.4687E-3	0.0588	0	0	0	3764.8147	0	0	
demographic.indicators35	1.6047E-3	0.04	0	0	0	20730.3509	0	0	
demographic.indicators36	3.484E-3	0.0589	0	0	0	2281.6143	0	0	
demographic.indicators37	3.1113E-3	0.0557	0	0	0	4318.5207	0	0	
demographic.indicators38	9.6633E-3	0.0978	0	0	0	811.6048	0	0	
demographic.indicators39	3.9967E-3	0.0631	0	0	0	1890.0033	0	0	
demographic.indicators40	2.2147E-3	0.047	0	0	0	16933.0131	0	0	
demographic.indicators41	9.204E-3	0.0955	0	0	0	1325.9943	0	0	
demographic.indicators42	8.6593E-3	0.0927	0	0	0	710.1397	0	0	
demographic.indicators43	0.0115	0.1066	0	0	0	773.9651	0	0	
demographic.indicators44	0.0104	0.1013	0	0	0	1385.2085	0	0	
demographic.indicators45	0.0102	0.1005	0	0	0	1422.7997	0	0	
demographic.indicators46	0.0113	0.1057	0	0	0	1354.1926	0	0	
demographic.indicators47	4.6733E-3	0.0682	0	0	0	4079.9541	0	0	
demographic.indicators48	6.7987E-3	0.0822	0	0	0	2551.903	0	0	
demographic.indicators49	0.0133	0.1148	0	0	0	1361.3746	0	0	
demographic.indicators50	0.0145	0.1195	0	0	0	1141.5865	0	0	
demographic.indicators51	0.0128	0.1122	0	0	0	1593.4577	0	0	
demographic.indicators52	0.0145	0.1197	0	0	0	1755.2558	0	0	
demographic.indicators53	0.0189	0.1361	0	0	0	991.4146	0	0	
demographic.indicators54	0.018	0.1331	0	0	0	1057.5893	0	0	
demographic.indicators55	0.0137	0.116	0	0	0	1474.1179	0	0	
demographic.indicators56	0.0261	0.1595	0	0	0	874.0829	0	0	
demographic.indicators57	0.0322	0.1765	0	0	0	728.8459	0	0	
demographic.indicators58	0.0264	0.1602	0	0	0	753.7759	0	0	
demographic.indicators59	0.0331	0.179	0	0	0	745.9345	0	0	
demographic.indicators60	0.0308	0.1728	0	0	0	893.1904	0	0	
demographic.indicators61	0.0399	0.1958	0	0	0	624.5642	0	0	
demographic.indicators62	0.0316	0.175	0	0	0	766.9163	0	0	
demographic.indicators63	0.039	0.1937	0	0	0	692.5795	0	0	
demographic.indicators64	0.0425	0.2017	0	0	0	723.7286	0	0	
demographic.indicators65	0.0293	0.1686	0	0	0	936.9159	0	0	
demographic.indicators66	0.0254	0.1572	0	0	0	925.2955	0	0	
demographic.indicators67	0.0245	0.1544	0	0	0	866.5657	0	0	
demographic.indicators68	0.0247	0.1551	0	0	0	1236.7615	0	0	
demographic.indicators69	0.0338	0.1807	0	0	0	839.9595	0	0	
demographic.indicators70	0.035	0.1837	0	0	0	818.0589	0	0	
demographic.indicators71	0.0281	0.1653	0	0	0	886.2262	0	0	
demographic.indicators72	0.0294	0.169	0	0	0	762.8257	0	0	
demographic.indicators73	0.0332	0.1792	0	0	0	791.9058	0	0	
demographic.indicators74	0.0303	0.1713	0	0	0	819.7391	0	0	
demographic.indicators75	0.0179	0.1328	0	0	0	875.6469	0	0	
demographic.indicators76	0.0335	0.1798	0	0	0	1074.5296	0	0	
demographic.indicators77	0.0279	0.1647	0	0	0	927.6623	0	0	
demographic.indicators78	0.0263	0.1601	0	0	0	1098.9032	0	0	
demographic.indicators79	0.0251	0.1563	0	0	0	1019.5141	0	0	
demographic.indicators80	0.0171	0.1295	0	0	0	1370.8406	0	0	
demographic.indicators81	0.0277	0.164	0	0	0	913.0553	0	0	
demographic.indicators82	0.0172	0.13	0	0	0	1126.7382	0	0	
demographic.indicators83	0.0153	0.1229	0	0	0	1374.4122	0	0	
demographic.indicators84	0.0245	0.1546	0	0	0	1110.5448	0	0	
demographic.indicators85	0.0172	0.1301	0	0	0	1087.1496	0	0	
demographic.indicators86	0.0135	0.1155	0	0	0	1492.0265	0	0	
demographic.indicators87	0.0166	0.1279	0	0	0	1530.0274	0	0	
demographic.indicators88	0.0203	0.1411	0	0	0	1202.2036	0	0	
demographic.indicators89	0.0296	0.1696	0	0	0	758.0386	0	0	
demographic.indicators90	0.0202	0.1407	0	0	0	1324.5184	0	0	
demographic.indicators91	0.0119	0.1083	0	0	0	1877.9182	0	0	
demographic.indicators92	9.7007E-3	0.098	0	0	0	2139.6931	0	0	
demographic.indicators93	0.0154	0.123	0	0	0	1069.4512	0	0	
demographic.indicators94	9.456E-3	0.0968	0	0	0	1493.5629	0	0	
demographic.indicators95	9.5327E-3	0.0972	0	0	0	1553.5511	0	0	
demographic.indicators96	0.018	0.1328	0	0	0	738.0133	0	0	
demographic.indicators97	0.0149	0.121	0	0	0	1464.2426	0	0	
demographic.indicators98	0.0183	0.1339	0	0	0	1180.3427	0	0	
demographic.indicators99	0.0107	0.1027	0	0	0	1816.8827	0	0	
demographic.indicators100	0.0106	0.1022	0	0	0	2143.5078	0	0	
demographic.indicators101	0.0163	0.1267	0	0	0	796.7085	0	0	
demographic.indicators102	0.0129	0.1129	0	0	0	1381.5108	0	0	
demographic.indicators103	0.012	0.109	0	0	0	1534.9124	0	0	
demographic.indicators104	0.0142	0.1183	0	0	0	978.3459	0	0	
demographic.indicators105	0.0122	0.1097	0	0	0	1181.6609	0	0	
demographic.indicators106	0.0111	0.1046	0	0	0	1515.703	0	0	
demographic.indicators107	0.0104	0.1015	0	0	0	1300.3546	0	0	
demographic.indicators108	5.6473E-3	0.0749	0	0	0	2574.1082	0	0	
demographic.indicators109	0.0101	0.0999	0	0	0	1526.1723	0	0	
demographic.indicators110	0.0127	0.1122	0	0	0	1219.2784	0	0	
demographic.indicators111	0.0118	0.108	0	0	0	1590.4113	0	0	
demographic.indicators112	9.3633E-3	0.0963	0	0	0	1939.4989	0	0	
demographic.indicators113	7.8307E-3	0.0881	0	0	0	1818.8863	0	0	
demographic.indicators114	5.9427E-3	0.0769	0	0	0	3441.1997	0	0	
demographic.indicators115	0.0146	0.12	0	0	0	1250.7581	0	0	
demographic.indicators116	4.918E-3	0.07	0	0	0	3481.6976	0	0	
demographic.indicators117	7.5853E-3	0.0868	0	0	0	1920.7943	0	0	
demographic.indicators118	8.1067E-3	0.0897	0	0	0	1096.6459	0	0	
demographic.indicators119	4.3693E-3	0.066	0	0	0	2092.9994	0	0	
demographic.indicators120	0.0101	0.0998	0	0	0	1217.8156	0	0	
demographic.indicators121	7.3613E-3	0.0855	0	0	0	2098.6054	0	0	
demographic.indicators122	7.6167E-3	0.0869	0	0	0	1282.6573	0	0	
demographic.indicators123	6.52E-3	0.0805	0	0	0	1451.6036	0	0	
demographic.indicators124	8.6847E-3	0.0928	0	0	0	1047.5257	0	0	
demographic.indicators125	4.3053E-3	0.0655	0	0	0	4707.9918	0	0	
demographic.indicators126	5.0527E-3	0.0709	0	0	0	3547.7728	0	0	
demographic.indicators127	6.064E-3	0.0776	0	0	0	2320.3964	0	0	
demographic.indicators128	2.2527E-3	0.0474	0	0	0	9441.4891	0	0	
demographic.indicators129	6.826E-3	0.0823	0	0	0	2198.1123	0	0	
demographic.indicators130	4.696E-3	0.0684	0	0	0	2571.7517	0	0	
demographic.indicators131	7.5007E-3	0.0863	0	0	0	2173.7878	0	0	
demographic.indicators132	4.5707E-3	0.0675	0	0	0	2989.7896	0	0	
demographic.indicators133	4.16E-3	0.0644	0	0	0	4182.1877	0	0	
demographic.indicators134	5.3347E-3	0.0728	0	0	0	2268.372	0	0	
demographic.indicators135	4.396E-3	0.0662	0	0	0	1920.952	0	0	
demographic.indicators136	4.134E-3	0.0642	0	0	0	4515.5759	0	0	
demographic.indicators137	4.0207E-3	0.0633	0	0	0	3191.5508	0	0	
demographic.indicators138	5.5473E-3	0.0743	0	0	0	2896.4265	0	0	
demographic.indicators139	4.8267E-3	0.0693	0	0	0	2613.8802	0	0	
demographic.indicators140	5.9953E-3	0.0772	0	0	0	1704.1731	0	0	
demographic.indicators141	3.7547E-3	0.0612	0	0	0	5200.6885	0	0	
demographic.indicators142	5.5267E-3	0.0741	0	0	0	1813.079	0	0	
demographic.indicators143	4.6667E-3	0.0682	0	0	0	2556.2091	0	0	
demographic.indicators144	5.1067E-3	0.0713	0	0	0	2270.2438	0	0	
demographic.indicators145	4.4227E-3	0.0664	0	0	0	4733.2381	0	0	
demographic.indicators146	4.856E-3	0.0695	0	0	0	2304.4877	0	0	
demographic.indicators147	4.8033E-3	0.0691	0	0	0	2306.995	0	0	
demographic.indicators148	6.4413E-3	0.08	0	0	0	3019.6568	0	0	
demographic.indicators149	3.5227E-3	0.0592	0	0	0	4488.2797	0	0	
demographic.indicators150	4.2333E-3	0.0649	0	0	0	3287.1201	0	0	
demographic.indicators151	6.9593E-3	0.0831	0	0	0	1401.3332	0	0	
demographic.indicators152	3.916E-3	0.0625	0	0	0	4002.1943	0	0	
demographic.indicators153	4.5693E-3	0.0674	0	0	0	2919.7345	0	0	
demographic.indicators154	2.7527E-3	0.0524	0	0	0	9004.7428	0	0	
demographic.indicators155	3.1287E-3	0.0558	0	0	0	5260.4798	0	0	
demographic.indicators156	5.018E-3	0.0707	0	0	0	2499.8258	0	0	
demographic.indicators157	3.042E-3	0.0551	0	0	0	6976.7392	0	0	
demographic.indicators158	3.054E-3	0.0552	0	0	0	11257.4075	0	0	
demographic.indicators159	3.234E-3	0.0568	0	0	0	10431.552	0	0	
demographic.indicators160	3.4993E-3	0.0591	0	0	0	6029.6513	0	0	
demographic.indicators161	3.382E-3	0.0581	0	0	0	5201.4985	0	0	
demographic.indicators162	2.688E-3	0.0518	0	0	0	11211.6179	0	0	
demographic.indicators163	4.728E-3	0.0686	0	0	0	2470.4762	0	0	
demographic.indicators164	1.9513E-3	0.0441	0	0	0	25433.4844	0	0	
demographic.indicators165	3.064E-3	0.0553	0	0	0	8533.1516	0	0	
demographic.indicators166	2.988E-3	0.0546	0	0	0	10358.6062	0	0	
demographic.indicators167	3.9347E-3	0.0626	0	0	0	8127.0688	0	0	
demographic.indicators168	3.3047E-3	0.0574	0	0	0	10018.0925	0	0	
demographic.indicators169	2.668E-3	0.0516	0	0	0	10433.8879	0	0	
demographic.indicators170	3.4587E-3	0.0587	0	0	0	9168.617	0	0	
demographic.indicators171	3.6607E-3	0.0604	0	0	0	8168.5833	0	0	
demographic.indicators172	3.3473E-3	0.0578	0	0	0	6853.6261	0	0	
demographic.indicators173	2.4687E-3	0.0496	0	0	0	12118.1532	0	0	
demographic.indicators174	2.436E-3	0.0493	0	0	0	12645.0717	0	0	
demographic.indicators175	3.464E-3	0.0588	0	0	0	16597.9773	0	0	
demographic.indicators176	3.5007E-3	0.0591	0	0	0	10758.0056	0	0	
demographic.indicators177	3.6153E-3	0.06	0	0	0	8442.1001	0	0	
demographic.indicators178	3.6E-3	0.0599	0	0	0	6967.5793	0	0	
demographic.indicators179	2.81E-3	0.0529	0	0	0	16163.4633	0	0	
demographic.indicators180	3.688E-3	0.0606	0	0	0	10271.465	0	0	
demographic.indicators181	3.602E-3	0.0599	0	0	0	9996.3653	0	0	
demographic.indicators182	2.796E-3	0.0528	0	0	0	22423.4472	0	0	
demographic.indicators183	4.6847E-3	0.0683	0	0	0	6772.7487	0	0	
demographic.indicators184	4.9827E-3	0.0704	0	0	0	2215.4775	0	0	
demographic.indicators185	4.1113E-3	0.064	0	0	0	11697.5637	0	0	
demographic.indicators186	2.716E-3	0.052	0	0	0	15802.202	0	0	
demographic.indicators187	4.1207E-3	0.0641	0	0	0	6004.2252	0	0	
demographic.indicators188	4.12E-3	0.0641	0	0	0	13550.887	0	0	
demographic.indicators189	4.3473E-3	0.0658	0	0	0	14948.1852	0	0	
demographic.indicators190	5.5067E-3	0.074	0	0	0	10410.9475	0	0	
demographic.indicators191	5.642E-3	0.0749	0	0	0	7243.9427	0	0	
demographic.indicators192	6.5627E-3	0.0807	0	0	0	5587.8572	0	0	
demographic.indicators193	0.0103	0.1008	0	0	0	2056.4784	0	0	
demographic.indicators194	0.0124	0.1105	0	0	0	2185.1869	0	0	
demographic.indicators195	0.0165	0.1274	0	0	0	2995.1751	0	0	
demographic.indicators196	0.017	0.1294	0	0	0	4977.9493	0	0	
demographic.indicators197	0.0256	0.158	0	0	0	3815.1617	0	0	
demographic.indicators198	0.0408	0.1978	0	0	0	2181.6353	0	0	
demographic.indicators199	0.0619	0.241	0	0	1	2422.3544	0	0	
kappa	2.2823	0.1564	2.2774	1.9746	2.5839	42991.8717	2.1655	2.376	
frequencies1	0.2804	0.0107	0.2803	0.2595	0.3011	25636.7712	0.2735	0.2879	
frequencies2	0.1992	9.2282E-3	0.1991	0.1814	0.2175	14726.9604	0.1927	0.2052	
frequencies3	0.1946	8.9966E-3	0.1945	0.1767	0.2119	22227.28	0.1886	0.2007	
frequencies4	0.3258	0.0116	0.3258	0.303	0.3484	16152.7561	0.3175	0.3332	
alpha	0.4889	0.0441	0.4867	0.4035	0.5754	69091.9666	0.4521	0.5109	
default.ucld.mean	1.1392E-3	3.2256E-4	1.1031E-3	5.7415E-4	1.7828E-3	463.2121	8.1976E-4	1.2434E-3	
default.ucld.stdev	4.2352E-3	2.2957E-3	3.6965E-3	1.0946E-3	8.8356E-3	533.1878	1.9044E-3	4.1083E-3	
host_groups.ucld.mean	0.011	2.8667E-3	0.0106	5.7676E-3	0.0167	782.8031	8.3792E-3	0.0121	
host_groups.ucld.stdev	8.76E-3	8.153E-3	6.6379E-3	1.3063E-8	0.0243	1690.3438	1.3063E-8	6.6379E-3	
default.meanRate	7.956E-4	1.5841E-4	7.8605E-4	4.9706E-4	1.1263E-3	454.1825	6.623E-4	8.7211E-4	
default.coefficientOfVariation	2.8179	0.5459	2.757	1.8629	3.9244	554.9618	2.2674	2.9914	
default.covariance	0.3079	0.1173	0.3136	0.081	0.5137	478.7739	0.2496	0.4191	
host_groups.meanRate	0.0115	3.2734E-3	0.0111	5.6838E-3	0.0179	892.3655	8.4239E-3	0.0124	
host_groups.coefficientOfVariation	0.757	0.5918	0.6294	9.8195E-7	1.9125	1522.3973	8.0953E-5	0.6295	
host_groups.covariance	-0.0018	0.0495	-0.0043	-0.0963	0.0973	35270.9323	-0.0415	0.0237	
host_groups.rates.Amaranthaceae.Brassicaceae	0.8607	0.9171	0.5608	2.8766E-5	2.7071	17696.2168	6.2598E-4	0.5614	
host_groups.rates.Amaranthaceae.Fabaceae	1.2177	0.8131	1.063	4.0341E-4	2.7555	4246.2222	0.377	1.2945	
host_groups.rates.Amaranthaceae.Poaceae	1.7155	0.8666	1.569	0.2967	3.433	8361.5529	0.8223	1.8462	
host_groups.rates.Amaranthaceae.Solanaceae	0.7951	0.5967	0.6575	2.4443E-4	1.8963	13449.1227	0.2023	0.7718	
host_groups.rates.Brassicaceae.Fabaceae	0.9145	0.8226	0.6999	9.0779E-5	2.4924	16474.6542	2.0187E-3	0.7015	
host_groups.rates.Brassicaceae.Poaceae	1.1086	0.8035	0.9409	5.5664E-5	2.6339	7778.408	0.2633	1.1288	
host_groups.rates.Brassicaceae.Solanaceae	0.8353	0.8438	0.5816	4.4759E-5	2.4916	19621.0735	6.5014E-5	0.5816	
host_groups.rates.Fabaceae.Poaceae	0.9256	0.8608	0.6965	2.4418E-5	2.5786	12970.8983	8.4291E-5	0.6966	
host_groups.rates.Fabaceae.Solanaceae	0.8775	0.9381	0.5718	1.4028E-5	2.7636	17177.0266	3.1985E-5	0.5718	
host_groups.rates.Poaceae.Solanaceae	0.9925	0.6783	0.851	4.2834E-5	2.2612	15569.4715	0.3162	1.0249	
host_groups.rates.Brassicaceae.Amaranthaceae	0.8557	0.9281	0.5481	2.5198E-5	2.7146	15989.4776	1.5242E-4	0.5481	
host_groups.rates.Fabaceae.Amaranthaceae	0.89	0.7571	0.7155	1.5974E-5	2.2947	14525.9515	1.9667E-5	0.7155	
host_groups.rates.Poaceae.Amaranthaceae	0.8536	0.9012	0.5697	1.0405E-5	2.6533	17129.1539	1.0405E-5	0.5697	
host_groups.rates.Solanaceae.Amaranthaceae	0.8586	0.9136	0.5642	1.8669E-5	2.6799	15888.6605	3.3032E-5	0.5642	
host_groups.rates.Fabaceae.Brassicaceae	0.8068	0.7913	0.5797	4.6349E-6	2.3258	12491.7605	0.015	0.5927	
host_groups.rates.Poaceae.Brassicaceae	1.3208	0.7934	1.1713	0.0605	2.8675	5270.1687	0.5206	1.4219	
host_groups.rates.Solanaceae.Brassicaceae	0.8952	0.9491	0.5868	9.9736E-7	2.796	16009.082	9.9736E-7	0.5868	
host_groups.rates.Poaceae.Fabaceae	1.4288	0.9109	1.2788	3.195E-5	3.1237	4585.315	0.5175	1.599	
host_groups.rates.Solanaceae.Fabaceae	0.7689	0.67	0.5975	9.9654E-5	2.0206	19143.7652	0.0992	0.6713	
host_groups.rates.Solanaceae.Poaceae	0.8931	0.9117	0.6162	1.3388E-5	2.7008	15893.7515	1.7082E-5	0.6162	
host_groups.indicators.Amaranthaceae.Brassicaceae	0.2455	0.4304	0	0	1	6519.654	0	0	
host_groups.indicators.Amaranthaceae.Fabaceae	0.8946	0.3071	1	0	1	2813.2532	1	1	
host_groups.indicators.Amaranthaceae.Poaceae	0.9993	0.0261	1	1	1	47478.5512	1	1	
host_groups.indicators.Amaranthaceae.Solanaceae	0.878	0.3273	1	0	1	3309.8265	1	1	
host_groups.indicators.Brassicaceae.Fabaceae	0.573	0.4946	1	0	1	1402.7684	1	1	
host_groups.indicators.Brassicaceae.Poaceae	0.8281	0.3773	1	0	1	2392.8563	1	1	
host_groups.indicators.Brassicaceae.Solanaceae	0.4374	0.4961	0	0	1	7394.0052	0	0	
host_groups.indicators.Fabaceae.Poaceae	0.4634	0.4987	0	0	1	3034.3346	0	0	
host_groups.indicators.Fabaceae.Solanaceae	0.1785	0.383	0	0	1	16379.9662	0	0	
host_groups.indicators.Poaceae.Solanaceae	0.8761	0.3294	1	0	1	1765.9509	1	1	
host_groups.indicators.Brassicaceae.Amaranthaceae	0.2194	0.4138	0	0	1	13157.0721	0	0	
host_groups.indicators.Fabaceae.Amaranthaceae	0.6814	0.4659	1	0	1	2479.13	1	1	
host_groups.indicators.Poaceae.Amaranthaceae	0.2909	0.4542	0	0	1	8918.0766	0	0	
host_groups.indicators.Solanaceae.Amaranthaceae	0.2722	0.4451	0	0	1	6075.6175	0	0	
host_groups.indicators.Fabaceae.Brassicaceae	0.555	0.497	1	0	1	1710.5151	1	1	
host_groups.indicators.Poaceae.Brassicaceae	0.961	0.1936	1	1	1	1745.3617	1	1	
host_groups.indicators.Solanaceae.Brassicaceae	0.2004	0.4003	0	0	1	18285.4982	0	0	
host_groups.indicators.Poaceae.Fabaceae	0.871	0.3352	1	0	1	1395.8428	1	1	
host_groups.indicators.Solanaceae.Fabaceae	0.777	0.4163	1	0	1	4906.2814	1	1	
host_groups.indicators.Solanaceae.Poaceae	0.2784	0.4482	0	0	1	3011.3682	0	0	
host_groups.nonZeroRates	11.4806	1.8107	11	8	15	4278.1369	10	12	
default.treeLikelihood	-6953.9793	14.8596	-6953.5644	-6983.3454	-6925.1517	1328.4415	-6962.5528	-6942.4977	
default.branchRates	-2382.6079	0	0	0	0	NaN	0	0	
host_groups.branchRates	-2382.6079	0	0	0	0	NaN	0	0	
c_host_groups.count[1]	47.7094	4.9443	47	39	57	3231.263	42	48	
c_allTransitions[1]	47.7058	4.9458	47	39	57	3246.9915	42	48	
coalescent	-1132.1613	40.8655	-1131.0971	-1210.0621	-1054.9946	439.8618	-1157.85	-1100.0276	

