burnIn   <= 0,   maxState  = 150000200
statistic	mean	stdErr	median	hpdLower	hpdUpper	ESS	50hpdLower	50hpdUpper
joint	-15271.5847	182.8162	-15259.2663	-15621.457	-14917.8061	439.2783	-15357.3762	-15113.4069	
prior	-7234.6003	182.9522	-7222.7762	-7586.8027	-6880.5367	436.5586	-7339.2794	-7095.4206	
likelihood	-8036.9845	17.2848	-8036.9173	-8070.9612	-8002.8046	1393.4764	-8048.4292	-8025.4086	
treeModel.rootHeight	235.8695	75.3386	226.8331	96.3782	374.2924	546.0105	165.6942	260.5631	
age(root)	1787.1305	75.3386	1796.1667	1648.7076	1926.6218	546.0105	1762.4369	1857.3058	
treeLength	3138.7142	706.8094	3022.071	1978.4508	4624.3606	409.2059	2420.1528	3316.064	
tmrca(ingroup)	235.8695	75.3386	226.8331	96.3782	374.2924	546.0105	165.6942	260.5631	
age(ingroup)	1787.1305	75.3386	1796.1667	1648.7076	1926.6218	546.0105	1762.4369	1857.3058	
demographic.populationSizeChanges	2.5679	0.6843	2	2	4	1128.4058	2	2	
demographic.populationMean	210.5041	292.7987	127.9283	15.0879	618.0162	463.5684	29.8393	135.3493	
demographic.popSize1	290.9606	401.6138	129.5247	1.6815	1195.6468	443.9823	14.7936	141.522	
demographic.popSize2	209.7593	444.4122	87.4614	4.9717E-3	763.1402	1091.2178	4.9717E-3	87.4636	
demographic.popSize3	213.578	487.6517	87.0912	8.4514E-3	782.0374	1139.4318	3.9275E-3	87.0912	
demographic.popSize4	208.8389	447.5435	86.6728	4.0693E-3	779.4262	1065.021	9.6265E-3	86.6728	
demographic.popSize5	207.978	438.0352	85.826	1.2393E-3	765.5537	1131.6029	1.2393E-3	85.826	
demographic.popSize6	206.1081	451.7713	83.5521	6.8875E-4	756.9663	1188.6985	6.9216E-3	83.5521	
demographic.popSize7	207.8006	458.759	84.7682	4.4082E-4	774.856	1095.1151	6.6284E-3	84.7682	
demographic.popSize8	204.2605	445.1575	81.9745	6.376E-3	763.0755	1099.8155	6.376E-3	81.9745	
demographic.popSize9	114.0607	204.3827	48.2411	9.0417E-3	445.1646	1372.2323	0.0511	48.2674	
demographic.popSize10	208.3066	482.9209	82.3659	2.4356E-3	762.1986	1105.7686	2.4356E-3	82.3659	
demographic.popSize11	207.157	503.0885	79.5745	1.9767E-3	756.2768	1087.803	1.9767E-3	79.5745	
demographic.popSize12	203.1578	428.1832	83.3996	8.6332E-3	773.8481	1120.2883	9.3174E-3	83.3996	
demographic.popSize13	212.422	496.7544	85.6333	4.2191E-3	766.5327	1190.1683	4.0445E-3	85.6333	
demographic.popSize14	202.8469	436.5468	80.4016	6.5254E-3	765.7418	1007.5853	0.0416	80.4201	
demographic.popSize15	202.8019	470.8109	78.4863	3.5348E-3	758.8612	1151.2799	3.5348E-3	78.4863	
demographic.popSize16	186.0932	449.9585	65.1004	1.2231E-3	723.2604	1091.7777	2.2069E-3	65.1004	
demographic.popSize17	199.4162	492.0486	73.2785	1.1729E-3	742.272	1144.4386	6.7252E-3	73.279	
demographic.popSize18	206.0587	461.3175	83.4179	1.5814E-3	757.7085	1155.1658	1.5814E-3	83.4179	
demographic.popSize19	201.8479	466.8356	79.2709	1.6803E-3	741.0067	1036.4344	1.6803E-3	79.2709	
demographic.popSize20	207.8993	450.748	84.8974	0.0146	760.4823	1097.8062	9.9712E-3	84.8974	
demographic.popSize21	206.6375	494.8269	80.7059	2.9476E-3	743.2671	1066.4558	2.9476E-3	80.7059	
demographic.popSize22	209.0971	512.4926	82.3794	3.046E-3	763.1977	1097.556	3.046E-3	82.3794	
demographic.popSize23	205.0697	489.2811	77.0558	0.0147	778.0067	1047.8202	0.0147	77.0558	
demographic.popSize24	209.3073	468.8338	83.3232	4.7103E-4	766.7911	1094.0858	4.7103E-4	83.3232	
demographic.popSize25	209.6906	443.8061	86.1905	0.011	769.5978	1092.6691	0.011	86.1905	
demographic.popSize26	205.7889	440.332	84.7493	0.0134	745.0032	1146.7128	2.5361E-3	84.7493	
demographic.popSize27	205.157	441.6773	85.6844	8.8532E-3	736.4622	1128.3508	8.8532E-3	85.6844	
demographic.popSize28	210.1822	480.7373	84.0489	1.7364E-3	768.5091	1091.9164	0.0332	84.0651	
demographic.popSize29	210.9504	464.218	86.4356	2.0895E-3	774.3706	1081.2376	2.0895E-3	86.4356	
demographic.popSize30	209.4541	483.5685	85.9014	1.5106E-3	765.7704	1127.6394	2.4503E-3	85.9019	
demographic.popSize31	208.1099	481.3476	84.6413	0.0111	751.1365	1144.6763	6.6217E-3	84.6452	
demographic.popSize32	208.6999	452.9973	87.3772	4.2599E-3	756.2786	1085.5997	0.0414	87.4039	
demographic.popSize33	213.2002	464.333	89.0032	2.8044E-3	777.045	1116.6721	5.6731E-3	89.0032	
demographic.popSize34	212.3655	479.3662	89.2772	1.1987E-3	776.1921	1121.293	1.1987E-3	89.2772	
demographic.popSize35	212.668	460.4736	85.7421	2.9553E-3	789.992	1029.2361	0.0115	85.7421	
demographic.popSize36	215.9066	509.1162	88.4914	6.4618E-3	789.1085	1142.8136	0.0136	88.4953	
demographic.popSize37	208.679	440.1201	87.0765	3.6112E-3	778.3402	1133.1	3.6112E-3	87.0765	
demographic.popSize38	207.35	453.4092	86.1494	8.2449E-4	758.3747	1081.7158	8.2449E-4	86.1494	
demographic.popSize39	208.8299	444.9151	87.2913	7.1587E-4	769.261	1189.3881	7.1587E-4	87.2913	
demographic.popSize40	208.1582	456.9299	87.6967	1.6949E-3	766.9866	1148.8322	7.5766E-4	87.6967	
demographic.popSize41	208.8033	475.1062	87.7343	2.0789E-3	753.3783	1146.8954	2.0789E-3	87.7343	
demographic.popSize42	211.3975	455.5262	92.3302	5.3335E-4	760.5683	1151.6102	5.3335E-4	92.3302	
demographic.popSize43	209.6082	442.1436	89.3429	1.1382E-3	780.851	1128.8495	7.3594E-4	89.3429	
demographic.popSize44	207.2965	437.9067	88.2952	8.7852E-4	741.0352	1078.6328	5.7853E-3	88.2952	
demographic.popSize45	206.5794	443.0187	87.8542	0.012	750.1209	1016.0792	0.012	87.8542	
demographic.popSize46	210.2775	466.6126	87.5241	0.0213	759	1062.3474	3.9134E-3	87.5241	
demographic.popSize47	207.9378	423.9705	90.9803	4.4865E-3	767.3664	1113.6926	1.982E-3	90.9803	
demographic.popSize48	209.0184	489.433	88.993	8.3286E-3	748.5448	1085.1029	9.993E-3	88.993	
demographic.popSize49	207.2491	423.0466	89.7563	9.2677E-4	762.3541	1140.5582	0.0151	89.7672	
demographic.popSize50	205.8609	409.6527	89.4274	1.5111E-5	756.0032	1133.4759	1.5111E-5	89.4274	
demographic.popSize51	210.0521	461.5677	88.9589	0.0173	748.5399	1033.9124	7.5049E-3	88.9589	
demographic.popSize52	208.6887	434.6706	90.3202	1.4448E-4	760.6545	1083.4405	0.0484	90.3369	
demographic.popSize53	208.6005	442.3638	89.4199	3.6832E-5	772.0957	1195.6478	3.6832E-5	89.4199	
demographic.popSize54	210.4082	469.3392	91.7803	7.9714E-4	756.274	1133.8785	7.9714E-4	91.7803	
demographic.popSize55	206.332	417.6887	94.5698	7.2063E-4	737.9149	1141.7054	3.9932E-3	94.5698	
demographic.popSize56	206.4747	432.8838	91.2614	4.699E-3	744.6408	1091.8608	0.0496	91.2999	
demographic.popSize57	206.046	433.0115	91.784	8.4059E-5	728.3654	1192.2873	3.2296E-3	91.784	
demographic.popSize58	211.2851	437.349	92.6042	4.5581E-3	761.1898	1100.974	8.5399E-3	92.607	
demographic.popSize59	200.4394	404.4409	90.0226	0.0118	730.9696	1137.5832	0.0118	90.0226	
demographic.popSize60	212.4076	516.2104	90.2287	4.1804E-3	744.2836	1160.8667	4.1804E-3	90.2287	
demographic.popSize61	207.7996	427.6891	89.1702	4.5965E-4	764.1726	1073.7061	2.1749E-3	89.1702	
demographic.popSize62	212.323	471.3546	92.8219	3.8828E-3	760.2953	1185.2104	0.0368	92.8521	
demographic.popSize63	214.6985	482.2924	91.6624	5.3611E-4	770.5769	1043.1526	5.3611E-4	91.6624	
demographic.popSize64	210.4899	450.2876	91.6444	0.0122	762.3415	1137.2661	5.729E-4	91.6444	
demographic.popSize65	212.4853	516.5434	90.4612	0.0102	770.0436	1367.3237	0.0102	90.4612	
demographic.popSize66	204.494	435.5037	90.0037	3.6613E-3	749.0001	1150.2568	0.0197	90.0115	
demographic.popSize67	218.3265	514.1799	89.5296	3.8063E-3	765.5473	1126.1133	1.0024E-3	89.5296	
demographic.popSize68	205.8382	438.6098	89.7995	9.0805E-4	746.4726	1191.1022	9.0805E-4	89.7995	
demographic.popSize69	211.7905	464.2291	89.5061	1.0846E-3	759.878	1028.4799	1.0846E-3	89.5061	
demographic.popSize70	213.1011	475.8261	90.4083	2.3928E-3	776.512	1096.7571	5.021E-3	90.4083	
demographic.popSize71	209.3001	468.1338	89.823	5.2616E-3	749.9812	1252.4608	0.0102	89.826	
demographic.popSize72	210.4392	461.4205	89.0711	6.0098E-5	765.9656	1112.734	6.0098E-5	89.0711	
demographic.popSize73	206.8232	426.4924	88.6353	6.5297E-3	750.0099	1094.1239	0.0202	88.6472	
demographic.popSize74	214.5857	489.411	89.7227	5.8717E-3	770.8224	1156.0397	5.8717E-3	89.7227	
demographic.popSize75	210.4685	458.7783	89.7079	0.0136	750.3278	1149.1852	0.0156	89.7131	
demographic.popSize76	211.6637	463.4138	88.5613	5.6756E-3	765.2966	1093.7554	0.053	88.6081	
demographic.popSize77	217.4295	545.7881	89.1869	3.552E-4	776.7179	1216.6183	3.552E-4	89.1869	
demographic.popSize78	208.9746	471.7089	88.1198	8.0185E-3	759.911	1230.0442	8.0185E-3	88.1198	
demographic.popSize79	209.9739	454.6619	87.6725	2.3679E-4	777.0745	1113.8591	0.0219	87.6731	
demographic.popSize80	206.9317	444.6328	88.3943	0.0121	762.3508	1078.6139	0.0347	88.4051	
demographic.popSize81	209.3819	469.2586	87.0888	6.3911E-3	765.4309	1176.1019	6.3911E-3	87.0888	
demographic.popSize82	208.0195	443.9923	88.5849	2.2661E-3	749.7694	1157.4588	0.0426	88.6098	
demographic.popSize83	212.4371	474.0026	87.1836	0.0223	759.8453	1069.1856	0.0463	87.1992	
demographic.popSize84	214.3998	468.8428	89.5891	1.8746E-3	781.8932	1091.377	0.0387	89.6211	
demographic.popSize85	212.3018	463.1871	88.6756	2.2665E-3	771.4412	1080.4704	0.0108	88.68	
demographic.popSize86	209.4088	455.0368	88.5218	2.0979E-3	766.2733	1079.1791	2.0979E-3	88.522	
demographic.popSize87	209.3909	452.2655	86.7273	6.0514E-3	760.943	1039.1378	0.0153	86.729	
demographic.popSize88	206.9607	437.7404	87.544	0.0201	753.5326	1190.7498	0.0201	87.5518	
demographic.popSize89	212.8428	479.9559	86.9912	0.0158	773.1849	1039.7545	1.7887E-3	86.9912	
demographic.popSize90	209.3242	455.9163	86.997	2.3691E-3	760.3555	1078.5912	4.2237E-3	86.9977	
demographic.popSize91	212.1325	466.1696	87.6427	1.0896E-3	766.8968	1051.3728	1.0896E-3	87.6427	
demographic.popSize92	210.7039	461.0956	86.4543	2.8997E-4	775.5537	1091.8161	0.0143	86.4579	
demographic.popSize93	210.9993	457.5406	87.4443	7.4448E-4	788.0826	1127.427	5.7156E-4	87.4443	
demographic.popSize94	210.4838	449.4303	88.4659	6.151E-3	761.21	1237.3041	6.151E-3	88.4659	
demographic.popSize95	209.0756	466.4674	86.783	7.0351E-3	754.212	1028.8137	5.28E-3	86.783	
demographic.popSize96	206.2842	435.8703	86.528	5.4287E-3	765.8273	1139.3342	5.4287E-3	86.528	
demographic.popSize97	211.3737	486.4183	88.0776	2.1255E-3	759.9726	1112.5313	5.9878E-3	88.0776	
demographic.popSize98	214.6761	533.4415	85.9006	2.1965E-3	766.4355	1146.7144	2.1965E-3	85.9006	
demographic.popSize99	210.8208	451.0215	87.8403	6.2496E-4	778.4637	1077.574	6.2496E-4	87.8403	
demographic.popSize100	207.3234	451.8535	85.8069	3.8161E-4	768.2585	1104.9302	3.7335E-3	85.8069	
demographic.popSize101	209.2473	475.4325	87.1314	3.2635E-3	761.4172	1096.9456	6.4757E-3	87.134	
demographic.popSize102	209.9681	432.4725	87.7735	6.4341E-5	772.8162	1102.6573	3.6714E-3	87.7763	
demographic.popSize103	206.1038	423.8726	86.9538	2.2406E-3	753.1909	1155.017	6.0198E-3	86.9538	
demographic.popSize104	212.4978	484.1245	87.1493	1.2131E-3	785.2915	1186.862	1.2131E-3	87.1493	
demographic.popSize105	208.8713	447.6125	89.0584	4.6941E-4	751.2008	1091.4159	1.1412E-3	89.0584	
demographic.popSize106	215.6217	503.3744	87.8554	1.8863E-3	784.4944	1127.531	1.1164E-4	87.8554	
demographic.popSize107	210.4414	452.9089	87.6269	4.1207E-4	764.3156	1118.4093	4.1207E-4	87.6269	
demographic.popSize108	214.631	470.3513	88.0005	3.8523E-3	776.4904	1076.871	0.015	88.0021	
demographic.popSize109	211.1239	480.7362	86.4469	1.5051E-3	771.5727	1100.7985	7.0453E-3	86.4469	
demographic.popSize110	209.7938	464.1964	87.0013	1.5208E-3	757.3325	1116.1354	4.4581E-3	87.0013	
demographic.popSize111	207.4845	433.7036	86.8437	2.1981E-4	755.189	1092.3013	2.1981E-4	86.8437	
demographic.popSize112	209.3678	478.378	85.42	0.0115	766.6158	1138.1212	0.0115	85.42	
demographic.popSize113	208.4231	454.3904	85.5553	5.2708E-4	773.0583	1112.9003	2.5158E-3	85.5553	
demographic.popSize114	209.1878	469.5825	86.2035	2.1181E-3	765.0982	1130.5316	5.8311E-3	86.2035	
demographic.popSize115	213.9766	485.372	88.3725	5.5798E-4	785.9318	1126.6216	5.5798E-4	88.3725	
demographic.popSize116	211.0897	482.7647	88.1346	0.0109	758.3035	1145.7684	0.0138	88.1346	
demographic.popSize117	209.3517	457.5347	87.3322	7.0254E-3	766.1209	1100.7468	7.0254E-3	87.3322	
demographic.popSize118	211.0832	453.8198	86.4583	4.8247E-3	773.0545	1029.6304	9.7168E-3	86.4583	
demographic.popSize119	210.7633	465.5183	86.0246	3.164E-4	787.83	1095.354	3.164E-4	86.0246	
demographic.popSize120	210.9362	538.3837	87.086	2.6442E-3	782.06	1357.8394	0.0279	87.0906	
demographic.popSize121	209.6972	476.6545	86.7565	1.0726E-3	764.3419	1194.9969	0.0145	86.7565	
demographic.popSize122	209.301	436.2725	86.3443	5.8254E-3	767.9248	1130.1788	0.0129	86.3443	
demographic.popSize123	210.8779	498.6593	88.2813	0.0228	768.0775	1136.3284	0.0243	88.2819	
demographic.popSize124	212.7324	486.9527	84.6283	4.0533E-3	786.4206	1116.3496	0.0119	84.6299	
demographic.popSize125	214.1182	490.3062	87.114	2.7624E-3	775.563	1127.6093	0.012	87.1143	
demographic.popSize126	209.9193	494.2982	88.4598	1.9261E-3	764.9016	1225.0403	2.7087E-3	88.4598	
demographic.popSize127	212.0422	461.3619	87.1629	3.0358E-3	771.7848	1087.2047	0.0593	87.2145	
demographic.popSize128	214.6605	479.9606	87.4652	4.1546E-3	793.4756	1096.4254	4.1546E-3	87.4652	
demographic.popSize129	215.1106	484.6844	87.857	0.0194	783.5483	1047.1764	0.0194	87.8672	
demographic.popSize130	211.6705	443.1833	88.6276	7.0309E-3	780.8862	1079.7874	7.0309E-3	88.6276	
demographic.popSize131	208.7333	479.124	86.6227	5.8385E-4	749.3083	1178.8317	0.0273	86.6385	
demographic.popSize132	208.0944	439.2049	86.4695	3.3541E-3	767.444	1134.5217	0.0143	86.4704	
demographic.popSize133	215.5076	511.1693	87.0064	4.2177E-3	785.8845	1158.8705	0.0143	87.0064	
demographic.popSize134	209.1962	445.062	86.9826	8.723E-4	760.0252	1067.0548	2.6551E-3	86.9826	
demographic.popSize135	213.6961	466.4819	88.5076	6.4399E-3	772.5098	1066.7914	6.4399E-3	88.5076	
demographic.popSize136	210.749	456.0587	87.3496	9.8613E-3	781.2156	1124.1287	4.6013E-4	87.3496	
demographic.popSize137	209.3448	456.3414	85.4376	3.0866E-3	770.94	1113.4705	3.0866E-3	85.4376	
demographic.popSize138	209.7197	455.7967	85.3958	2.1028E-3	756.062	1056.9545	2.3044E-3	85.3958	
demographic.popSize139	210.3866	466.5502	87.2931	5.391E-3	764.2313	1108.3274	0.0121	87.2952	
demographic.popSize140	208.4269	436.6668	87.5319	4.7859E-3	770.836	1123.7184	0.0148	87.5408	
demographic.popSize141	213.9655	458.8351	88.1284	5.5315E-4	778.7206	1069.7059	5.5134E-5	88.1284	
demographic.popSize142	209.253	439.6649	87.517	1.3858E-3	768.4076	1101.5202	0.016	87.5256	
demographic.popSize143	209.6358	449.6368	89.0433	7.8576E-5	764.7184	1117.1911	0.0244	89.0445	
demographic.popSize144	211.438	460.2332	86.7781	8.9933E-5	772.8874	1055.4745	0.0408	86.7955	
demographic.popSize145	210.5768	478.0372	85.3176	1.0104E-3	766.8426	1085.2798	8.4152E-3	85.3189	
demographic.popSize146	207.6157	476.031	87.1779	3.9304E-3	745.831	1186.5315	5.3855E-3	87.1779	
demographic.popSize147	210.7751	456.6722	88.1283	0.0106	774.4837	1162.9783	0.0106	88.1283	
demographic.popSize148	210.1562	470.7534	86.2915	7.2605E-3	765.7384	1139.9778	0.0194	86.3026	
demographic.popSize149	210.4446	468.2582	86.7608	4.8619E-4	768.1306	1036.1463	4.8619E-4	86.7608	
demographic.popSize150	208.8401	463.828	86.594	8.4001E-5	753.4935	1115.8748	2.1764E-3	86.594	
demographic.popSize151	212.3253	469.5208	87.2243	1.6624E-3	764.5883	1085.2552	9.9515E-3	87.2244	
demographic.popSize152	213.5154	488.2847	86.7467	9.0637E-3	774.3996	1114.7776	0.0116	86.7509	
demographic.popSize153	215.1196	480.3009	88.4017	0.0133	786.7692	1045.1387	0.0133	88.4017	
demographic.popSize154	206.7622	441.3232	87.5895	3.8235E-3	763.0634	1166.9307	3.8235E-3	87.5895	
demographic.popSize155	210.2813	438.4934	87.1404	9.8248E-4	780.6132	1107.3394	0.0192	87.1543	
demographic.popSize156	208.4938	444.7403	85.718	8.1451E-3	767.6479	1122.0086	0.0119	85.718	
demographic.popSize157	212.0317	462.8607	87.6963	2.369E-3	779.3732	1087.6782	0.0135	87.7001	
demographic.popSize158	209.3869	481.3832	88.937	2.519E-3	759.8329	1257.0325	2.519E-3	88.937	
demographic.popSize159	212.1454	442.8122	87.1929	8.414E-4	782.7544	1102.1139	0.0156	87.1931	
demographic.popSize160	212.48	476.3554	86.7399	2.895E-3	762.8941	1108.9618	6.2373E-3	86.7434	
demographic.popSize161	208.7751	428.8116	88.7183	1.8053E-3	758.0721	1168.2306	1.8053E-3	88.7183	
demographic.popSize162	207.5253	421.8706	88.4726	2.1449E-4	760.254	1157.9352	0.0138	88.4726	
demographic.popSize163	208.3024	438.5551	86.2679	3.4158E-3	763.4609	1087.7723	0.0191	86.2731	
demographic.popSize164	209.9005	451.5094	87.3409	1.2665E-3	767.8325	1077.9971	1.2665E-3	87.3409	
demographic.popSize165	210.2661	433.3695	87.5146	5.6813E-4	793.4031	1060.7531	5.6813E-4	87.5146	
demographic.popSize166	207.0307	473.9824	85.4673	0.0125	750.5427	1149.2792	0.0125	85.4673	
demographic.popSize167	209.7129	455.3015	86.0499	1.5985E-3	785.1918	1093.9093	5.2219E-3	86.0533	
demographic.popSize168	211.5497	435.7581	87.502	1.1027E-3	780.8876	1066.8736	1.1027E-3	87.502	
demographic.popSize169	209.1391	441.8643	87.8289	5.0663E-3	767.7561	1034.2377	0.0143	87.8313	
demographic.popSize170	210.314	462.8576	86.2699	4.4347E-4	768.2768	1148.7606	2.3843E-3	86.2699	
demographic.popSize171	211.7576	476.2045	86.6319	2.6221E-3	773.6426	1176.3801	0.0102	86.6319	
demographic.popSize172	211.0205	461.4055	85.7917	1.6793E-3	780.1294	1149.7664	1.6793E-3	85.7917	
demographic.popSize173	213.9514	504.1628	86.1765	3.1344E-3	780.9176	1234.5294	3.1344E-3	86.1765	
demographic.popSize174	211.6886	446.1976	86.9959	2.2593E-3	793.3365	1073.4055	0.0213	87.0109	
demographic.popSize175	211.7575	474.3068	86.9443	8.5996E-4	779.5996	1213.288	8.5996E-4	86.9443	
demographic.popSize176	209.2222	449.0605	87.0519	1.4567E-3	764.2574	1078.4862	1.4567E-3	87.0519	
demographic.popSize177	208.906	447.0541	89.4875	7.267E-3	766.5491	1143.8701	0.0165	89.4875	
demographic.popSize178	212.0006	449.1373	87.3625	0.0195	778.6036	1017.425	5.9085E-3	87.3625	
demographic.popSize179	206.8244	460.0315	86.6337	1.9499E-3	749.9022	1083.9538	1.6779E-3	86.6337	
demographic.popSize180	209.8821	443.0216	87.4347	6.9344E-5	775.6064	1073.0006	6.9344E-5	87.4347	
demographic.popSize181	211.9646	469.2232	87.842	3.6174E-3	760.1427	1153.7943	1.2754E-3	87.842	
demographic.popSize182	206.5292	420.7716	87.1956	3.2425E-3	763.0198	1084.2227	6.8387E-3	87.1956	
demographic.popSize183	207.59	436.036	86.4303	0.0105	772.1477	1105.9018	0.0408	86.437	
demographic.popSize184	209.9413	454.6154	87.269	2.0438E-3	763.2501	1065.5847	4.6553E-3	87.2702	
demographic.popSize185	210.4408	468.5291	87.1029	0.0156	763.6997	1185.5083	0.0387	87.119	
demographic.popSize186	212.6457	526.395	85.361	7.3046E-3	761.2278	1092.2874	0.0456	85.3796	
demographic.popSize187	207.5168	460.3859	85.8466	5.2671E-4	758.9087	1097.3626	0.0178	85.8583	
demographic.popSize188	209.8706	498.098	86.8343	5.6177E-4	761.8203	1134.7235	5.379E-3	86.836	
demographic.popSize189	214.7039	564.3557	88.1197	2.4418E-3	773.7244	1376.6863	2.4418E-3	88.1197	
demographic.popSize190	207.8378	451.4531	86.0032	6.7831E-3	763.9297	1123.2744	0.0125	86.0032	
demographic.popSize191	212.4654	471.3515	88.6193	2.6891E-3	770.6621	1068.7823	7.9721E-3	88.6193	
demographic.popSize192	208.9786	439.751	87.613	2.5296E-4	766.8008	1158.5047	2.9056E-3	87.613	
demographic.popSize193	213.4816	521.9033	86.7435	6.7854E-3	789.771	1240.7917	0.0252	86.7569	
demographic.popSize194	207.4758	429.9044	85.6859	1.5931E-3	769.7435	1114.45	1.5931E-3	85.6859	
demographic.popSize195	210.8468	474.2977	86.3898	4.7361E-3	769.1744	1186.0035	4.7361E-3	86.3919	
demographic.popSize196	207.6953	444.516	85.4514	5.5864E-3	764.5017	1077.1229	4.4362E-3	85.4514	
demographic.popSize197	207.4325	466.745	84.1302	2.3174E-4	756.3692	1146.7923	2.3174E-4	84.1302	
demographic.popSize198	208.0202	448.2294	84.3417	5.3877E-3	760.0241	1096.9378	5.3877E-3	84.3417	
demographic.popSize199	203.2897	450.3166	79.4929	6.4845E-4	767.5686	1062.4884	6.4845E-4	79.4929	
demographic.popSize200	200.8562	432.7024	80.5023	1.2382E-3	743.9869	1178.9789	1.2382E-3	80.5023	
demographic.indicators1	5.814E-3	0.076	0	0	0	2100.3711	0	0	
demographic.indicators2	3.2227E-3	0.0567	0	0	0	3245.336	0	0	
demographic.indicators3	0.0114	0.1062	0	0	0	637.2772	0	0	
demographic.indicators4	7.2587E-3	0.0849	0	0	0	1139.5358	0	0	
demographic.indicators5	0.0113	0.1057	0	0	0	536.4462	0	0	
demographic.indicators6	0.0162	0.1263	0	0	0	444.2529	0	0	
demographic.indicators7	0.0502	0.2184	0	0	1	412.0502	0	0	
demographic.indicators8	0.1894	0.3918	0	0	1	385.58	0	0	
demographic.indicators9	0.0234	0.1511	0	0	0	482.3354	0	0	
demographic.indicators10	0.0444	0.2059	0	0	0	435.2672	0	0	
demographic.indicators11	0.0253	0.1572	0	0	0	511.6315	0	0	
demographic.indicators12	0.0155	0.1237	0	0	0	568.4935	0	0	
demographic.indicators13	0.0334	0.1796	0	0	0	481.5279	0	0	
demographic.indicators14	0.0579	0.2335	0	0	1	435.7615	0	0	
demographic.indicators15	0.122	0.3273	0	0	1	404.6198	0	0	
demographic.indicators16	0.0969	0.2958	0	0	1	427.4462	0	0	
demographic.indicators17	0.0273	0.1629	0	0	0	470.4059	0	0	
demographic.indicators18	0.0514	0.2208	0	0	1	490.8689	0	0	
demographic.indicators19	0.0231	0.1501	0	0	0	583.7825	0	0	
demographic.indicators20	0.0473	0.2122	0	0	0	468.9492	0	0	
demographic.indicators21	0.0372	0.1893	0	0	0	478.6633	0	0	
demographic.indicators22	0.0781	0.2683	0	0	1	420.6372	0	0	
demographic.indicators23	0.0185	0.1347	0	0	0	500.4979	0	0	
demographic.indicators24	0.0124	0.1106	0	0	0	574.6614	0	0	
demographic.indicators25	0.0104	0.1014	0	0	0	579.2283	0	0	
demographic.indicators26	8.9507E-3	0.0942	0	0	0	833.1244	0	0	
demographic.indicators27	6.3047E-3	0.0792	0	0	0	1001.3013	0	0	
demographic.indicators28	5.7987E-3	0.0759	0	0	0	1066.981	0	0	
demographic.indicators29	3.9153E-3	0.0624	0	0	0	1695.5559	0	0	
demographic.indicators30	4.832E-3	0.0693	0	0	0	1069.0517	0	0	
demographic.indicators31	9.894E-3	0.099	0	0	0	922.8306	0	0	
demographic.indicators32	8.1267E-3	0.0898	0	0	0	652.0387	0	0	
demographic.indicators33	9.2453E-3	0.0957	0	0	0	564.6906	0	0	
demographic.indicators34	6.9993E-3	0.0834	0	0	0	1843.9725	0	0	
demographic.indicators35	8.7447E-3	0.0931	0	0	0	1171.9431	0	0	
demographic.indicators36	2.3567E-3	0.0485	0	0	0	4439.3637	0	0	
demographic.indicators37	6.61E-3	0.081	0	0	0	1533.0819	0	0	
demographic.indicators38	4.9547E-3	0.0702	0	0	0	3997.075	0	0	
demographic.indicators39	4.7233E-3	0.0686	0	0	0	1466.6027	0	0	
demographic.indicators40	0.017	0.1294	0	0	0	558.1013	0	0	
demographic.indicators41	0.0274	0.1633	0	0	0	511.919	0	0	
demographic.indicators42	0.0108	0.1035	0	0	0	1147.203	0	0	
demographic.indicators43	0.0183	0.134	0	0	0	1053.2889	0	0	
demographic.indicators44	0.0211	0.1438	0	0	0	925.5571	0	0	
demographic.indicators45	0.0112	0.1051	0	0	0	1235.0716	0	0	
demographic.indicators46	0.0297	0.1699	0	0	0	729.9789	0	0	
demographic.indicators47	0.0201	0.1405	0	0	0	971.4359	0	0	
demographic.indicators48	0.0233	0.1508	0	0	0	854.1357	0	0	
demographic.indicators49	0.0165	0.1275	0	0	0	1134.1342	0	0	
demographic.indicators50	0.0204	0.1414	0	0	0	1017.2933	0	0	
demographic.indicators51	0.0205	0.1415	0	0	0	995.6344	0	0	
demographic.indicators52	0.0176	0.1316	0	0	0	1084.4189	0	0	
demographic.indicators53	0.0365	0.1876	0	0	0	826.9331	0	0	
demographic.indicators54	0.0376	0.1902	0	0	0	757.5435	0	0	
demographic.indicators55	0.0341	0.1815	0	0	0	847.6405	0	0	
demographic.indicators56	0.0302	0.1711	0	0	0	967.1092	0	0	
demographic.indicators57	0.032	0.176	0	0	0	794.5869	0	0	
demographic.indicators58	0.0274	0.1633	0	0	0	865.8889	0	0	
demographic.indicators59	0.0253	0.1571	0	0	0	866.5518	0	0	
demographic.indicators60	0.0169	0.1287	0	0	0	1464.5788	0	0	
demographic.indicators61	0.0351	0.1841	0	0	0	768.7326	0	0	
demographic.indicators62	0.0253	0.1572	0	0	0	1290.5382	0	0	
demographic.indicators63	0.0292	0.1683	0	0	0	951.9262	0	0	
demographic.indicators64	0.0196	0.1387	0	0	0	1146.6798	0	0	
demographic.indicators65	0.0232	0.1505	0	0	0	1055.7271	0	0	
demographic.indicators66	0.0171	0.1296	0	0	0	1813.796	0	0	
demographic.indicators67	0.0202	0.1408	0	0	0	884.3332	0	0	
demographic.indicators68	0.0218	0.1459	0	0	0	991.7705	0	0	
demographic.indicators69	0.0224	0.1481	0	0	0	1246.6496	0	0	
demographic.indicators70	0.0101	0.1002	0	0	0	1617.1345	0	0	
demographic.indicators71	0.0141	0.1179	0	0	0	1476.3093	0	0	
demographic.indicators72	0.0137	0.1164	0	0	0	1221.0386	0	0	
demographic.indicators73	0.0144	0.1192	0	0	0	2067.58	0	0	
demographic.indicators74	0.0198	0.1394	0	0	0	932.364	0	0	
demographic.indicators75	0.0147	0.1205	0	0	0	1339.848	0	0	
demographic.indicators76	0.0184	0.1343	0	0	0	1195.3242	0	0	
demographic.indicators77	0.017	0.1294	0	0	0	1546.1103	0	0	
demographic.indicators78	9.3513E-3	0.0962	0	0	0	1636.0913	0	0	
demographic.indicators79	0.0105	0.1021	0	0	0	1030.9637	0	0	
demographic.indicators80	9.0033E-3	0.0945	0	0	0	2722.5916	0	0	
demographic.indicators81	9.04E-3	0.0946	0	0	0	1060.1798	0	0	
demographic.indicators82	5.2007E-3	0.0719	0	0	0	2916.8174	0	0	
demographic.indicators83	0.0112	0.1052	0	0	0	1045.6755	0	0	
demographic.indicators84	7.9793E-3	0.089	0	0	0	1649.3061	0	0	
demographic.indicators85	0.0108	0.1035	0	0	0	1121.125	0	0	
demographic.indicators86	7.094E-3	0.0839	0	0	0	1581.5232	0	0	
demographic.indicators87	5.524E-3	0.0741	0	0	0	3245.0256	0	0	
demographic.indicators88	4.7467E-3	0.0687	0	0	0	3369.8622	0	0	
demographic.indicators89	7.0667E-3	0.0838	0	0	0	1874.3409	0	0	
demographic.indicators90	7.1167E-3	0.0841	0	0	0	3180.9293	0	0	
demographic.indicators91	7.338E-3	0.0853	0	0	0	2083.4318	0	0	
demographic.indicators92	4.1167E-3	0.064	0	0	0	3072.8262	0	0	
demographic.indicators93	3.14E-3	0.0559	0	0	0	4918.6541	0	0	
demographic.indicators94	4.0887E-3	0.0638	0	0	0	3097.4122	0	0	
demographic.indicators95	2.202E-3	0.0469	0	0	0	7150.6014	0	0	
demographic.indicators96	5.182E-3	0.0718	0	0	0	1753.6829	0	0	
demographic.indicators97	4.8247E-3	0.0693	0	0	0	3789.0854	0	0	
demographic.indicators98	4.954E-3	0.0702	0	0	0	2632.4591	0	0	
demographic.indicators99	4.2613E-3	0.0651	0	0	0	2886.1721	0	0	
demographic.indicators100	3.0027E-3	0.0547	0	0	0	3387.3095	0	0	
demographic.indicators101	5.1047E-3	0.0713	0	0	0	2192.6867	0	0	
demographic.indicators102	4.5553E-3	0.0673	0	0	0	2287.0737	0	0	
demographic.indicators103	5.5593E-3	0.0744	0	0	0	2433.3841	0	0	
demographic.indicators104	2.728E-3	0.0522	0	0	0	5509.9452	0	0	
demographic.indicators105	2.784E-3	0.0527	0	0	0	5273.8375	0	0	
demographic.indicators106	3.1467E-3	0.056	0	0	0	4052.5431	0	0	
demographic.indicators107	3.664E-3	0.0604	0	0	0	1872.36	0	0	
demographic.indicators108	3.7593E-3	0.0612	0	0	0	3442.1335	0	0	
demographic.indicators109	4.132E-3	0.0641	0	0	0	3188.691	0	0	
demographic.indicators110	3.9273E-3	0.0625	0	0	0	2978.4493	0	0	
demographic.indicators111	2.9127E-3	0.0539	0	0	0	2362.1768	0	0	
demographic.indicators112	4.924E-3	0.07	0	0	0	1782.782	0	0	
demographic.indicators113	3.6007E-3	0.0599	0	0	0	1773.6763	0	0	
demographic.indicators114	6.6333E-3	0.0812	0	0	0	1331.0409	0	0	
demographic.indicators115	4.1553E-3	0.0643	0	0	0	3315.5752	0	0	
demographic.indicators116	4.7367E-3	0.0687	0	0	0	2169.5404	0	0	
demographic.indicators117	2.42E-3	0.0491	0	0	0	7288.3723	0	0	
demographic.indicators118	2.0713E-3	0.0455	0	0	0	6939.3977	0	0	
demographic.indicators119	4.4913E-3	0.0669	0	0	0	2221.4185	0	0	
demographic.indicators120	2.9513E-3	0.0542	0	0	0	6770.3966	0	0	
demographic.indicators121	3.698E-3	0.0607	0	0	0	3164.309	0	0	
demographic.indicators122	2.166E-3	0.0465	0	0	0	10664.5884	0	0	
demographic.indicators123	3.898E-3	0.0623	0	0	0	1060.3857	0	0	
demographic.indicators124	2.9753E-3	0.0545	0	0	0	6749.7482	0	0	
demographic.indicators125	3.8173E-3	0.0617	0	0	0	2613.0733	0	0	
demographic.indicators126	1.758E-3	0.0419	0	0	0	7705.5581	0	0	
demographic.indicators127	5.5087E-3	0.074	0	0	0	1871.2253	0	0	
demographic.indicators128	2.78E-3	0.0527	0	0	0	3699.6857	0	0	
demographic.indicators129	4.6673E-3	0.0682	0	0	0	2137.4979	0	0	
demographic.indicators130	3.526E-3	0.0593	0	0	0	3355.7319	0	0	
demographic.indicators131	3.3293E-3	0.0576	0	0	0	3372.1564	0	0	
demographic.indicators132	2.3573E-3	0.0485	0	0	0	8730.8927	0	0	
demographic.indicators133	2.3267E-3	0.0482	0	0	0	6851.023	0	0	
demographic.indicators134	3.0067E-3	0.0548	0	0	0	4458.4612	0	0	
demographic.indicators135	1.5747E-3	0.0397	0	0	0	21971.1288	0	0	
demographic.indicators136	2.5907E-3	0.0508	0	0	0	12989.5139	0	0	
demographic.indicators137	3.3153E-3	0.0575	0	0	0	1232.2189	0	0	
demographic.indicators138	2.1667E-3	0.0465	0	0	0	5805.8687	0	0	
demographic.indicators139	1.9293E-3	0.0439	0	0	0	18067.5589	0	0	
demographic.indicators140	2.3547E-3	0.0485	0	0	0	5938.095	0	0	
demographic.indicators141	1.8493E-3	0.043	0	0	0	19786.6564	0	0	
demographic.indicators142	2.6407E-3	0.0513	0	0	0	6104.2859	0	0	
demographic.indicators143	2.3167E-3	0.0481	0	0	0	5730.1688	0	0	
demographic.indicators144	2.062E-3	0.0454	0	0	0	12977.0937	0	0	
demographic.indicators145	2.29E-3	0.0478	0	0	0	5570.3003	0	0	
demographic.indicators146	1.926E-3	0.0438	0	0	0	8648.2732	0	0	
demographic.indicators147	1.9307E-3	0.0439	0	0	0	10666.5131	0	0	
demographic.indicators148	1.7687E-3	0.042	0	0	0	9714.3655	0	0	
demographic.indicators149	2.4187E-3	0.0491	0	0	0	9362.8191	0	0	
demographic.indicators150	2.8273E-3	0.0531	0	0	0	6115.9691	0	0	
demographic.indicators151	3.65E-3	0.0603	0	0	0	2131.4113	0	0	
demographic.indicators152	2.064E-3	0.0454	0	0	0	12730.4942	0	0	
demographic.indicators153	1.9567E-3	0.0442	0	0	0	15921.7196	0	0	
demographic.indicators154	2.0313E-3	0.045	0	0	0	16039.4837	0	0	
demographic.indicators155	1.682E-3	0.041	0	0	0	19503.643	0	0	
demographic.indicators156	1.94E-3	0.044	0	0	0	25616.3943	0	0	
demographic.indicators157	2.6773E-3	0.0517	0	0	0	6777.5173	0	0	
demographic.indicators158	2.7393E-3	0.0523	0	0	0	6823.1027	0	0	
demographic.indicators159	1.922E-3	0.0438	0	0	0	11068.6609	0	0	
demographic.indicators160	2.3247E-3	0.0482	0	0	0	7618.9411	0	0	
demographic.indicators161	2.416E-3	0.0491	0	0	0	5598.7194	0	0	
demographic.indicators162	2.5773E-3	0.0507	0	0	0	8987.7821	0	0	
demographic.indicators163	1.8313E-3	0.0428	0	0	0	21431.3763	0	0	
demographic.indicators164	2.734E-3	0.0522	0	0	0	13075.92	0	0	
demographic.indicators165	2.494E-3	0.0499	0	0	0	4311.0547	0	0	
demographic.indicators166	1.9147E-3	0.0437	0	0	0	13808.0686	0	0	
demographic.indicators167	2.038E-3	0.0451	0	0	0	9554.6003	0	0	
demographic.indicators168	2.5153E-3	0.0501	0	0	0	13292.0391	0	0	
demographic.indicators169	3.1213E-3	0.0558	0	0	0	4440.2478	0	0	
demographic.indicators170	2.8487E-3	0.0533	0	0	0	8317.5484	0	0	
demographic.indicators171	1.8753E-3	0.0433	0	0	0	17798.0168	0	0	
demographic.indicators172	2.3733E-3	0.0487	0	0	0	16943.6067	0	0	
demographic.indicators173	3.44E-3	0.0586	0	0	0	2459.7401	0	0	
demographic.indicators174	1.6593E-3	0.0407	0	0	0	37846.2657	0	0	
demographic.indicators175	3.2053E-3	0.0565	0	0	0	10130.2051	0	0	
demographic.indicators176	3.6747E-3	0.0605	0	0	0	5233.9442	0	0	
demographic.indicators177	3.3033E-3	0.0574	0	0	0	15134.5853	0	0	
demographic.indicators178	2.9933E-3	0.0546	0	0	0	11918.5096	0	0	
demographic.indicators179	4.1553E-3	0.0643	0	0	0	3097.4421	0	0	
demographic.indicators180	2.1987E-3	0.0468	0	0	0	29932.5037	0	0	
demographic.indicators181	2.0593E-3	0.0453	0	0	0	40168.1582	0	0	
demographic.indicators182	3.9653E-3	0.0628	0	0	0	8298.3795	0	0	
demographic.indicators183	4.552E-3	0.0673	0	0	0	2768.6544	0	0	
demographic.indicators184	2.928E-3	0.054	0	0	0	11987.6658	0	0	
demographic.indicators185	3.4433E-3	0.0586	0	0	0	21901.1363	0	0	
demographic.indicators186	3.4547E-3	0.0587	0	0	0	15745.1507	0	0	
demographic.indicators187	4.6793E-3	0.0682	0	0	0	8816.7175	0	0	
demographic.indicators188	4.1707E-3	0.0644	0	0	0	16569.0005	0	0	
demographic.indicators189	4.9787E-3	0.0704	0	0	0	4649.76	0	0	
demographic.indicators190	4.2953E-3	0.0654	0	0	0	21319.9117	0	0	
demographic.indicators191	5.384E-3	0.0732	0	0	0	17775.5054	0	0	
demographic.indicators192	5.998E-3	0.0772	0	0	0	22058.6187	0	0	
demographic.indicators193	7.3487E-3	0.0854	0	0	0	17772.8376	0	0	
demographic.indicators194	0.0103	0.1011	0	0	0	9559.0701	0	0	
demographic.indicators195	0.0144	0.1193	0	0	0	5684.4607	0	0	
demographic.indicators196	0.0175	0.1312	0	0	0	6647.9777	0	0	
demographic.indicators197	0.0283	0.1659	0	0	0	3260.4468	0	0	
demographic.indicators198	0.049	0.2158	0	0	0	2144.7388	0	0	
demographic.indicators199	0.0657	0.2478	0	0	1	1819.4151	0	0	
kappa	2.3037	0.145	2.299	2.0242	2.5918	49702.3006	2.1958	2.3897	
frequencies1	0.2804	9.945E-3	0.2803	0.2604	0.2994	27517.642	0.2737	0.2872	
frequencies2	0.2062	8.5849E-3	0.206	0.1895	0.2231	26422.4326	0.1991	0.2107	
frequencies3	0.1935	8.381E-3	0.1935	0.1775	0.2102	27965.871	0.1873	0.1986	
frequencies4	0.3199	0.0106	0.3198	0.2994	0.3409	21806.1182	0.3133	0.3276	
alpha	0.4882	0.0379	0.4867	0.4143	0.5624	74072.124	0.4597	0.5104	
default.ucld.mean	9.3965E-4	2.8003E-4	9.0273E-4	4.7108E-4	1.4587E-3	443.132	6.963E-4	1.0268E-3	
default.ucld.stdev	3.1493E-3	1.9341E-3	2.7154E-3	9.0452E-4	6.4169E-3	487.7616	1.4385E-3	2.9742E-3	
host_groups.ucld.mean	7.4996E-3	2.1749E-3	7.2682E-3	3.5854E-3	0.0117	660.1897	5.5363E-3	8.3881E-3	
host_groups.ucld.stdev	5.9113E-3	5.6635E-3	4.331E-3	4.1108E-8	0.0168	1456.2464	3.1253E-6	4.3339E-3	
default.meanRate	7.3222E-4	1.649E-4	7.2184E-4	4.3351E-4	1.0436E-3	432.7903	5.8557E-4	8.1353E-4	
default.coefficientOfVariation	2.7051	0.5617	2.6369	1.7253	3.8474	535.0883	2.148	2.8595	
default.covariance	0.2709	0.1349	0.2678	0.0247	0.52	515.3173	0.1543	0.3485	
host_groups.meanRate	7.8773E-3	2.4753E-3	7.564E-3	3.6074E-3	0.0126	744.8297	5.5568E-3	8.6462E-3	
host_groups.coefficientOfVariation	0.7468	0.5952	0.6076	8.6193E-6	1.9206	1302.5508	3.5582E-4	0.6079	
host_groups.covariance	-0.0033	0.0494	-0.0057	-0.0976	0.0958	35389.8867	-0.0416	0.0234	
host_groups.rates.Amaranthaceae.Brassicaceae	0.7977	0.7107	0.6141	2.3791E-5	2.1201	19005.1414	0.1283	0.7152	
host_groups.rates.Amaranthaceae.Fabaceae	1.5508	0.8584	1.4072	0.1198	3.2482	4767.3106	0.7053	1.7127	
host_groups.rates.Amaranthaceae.Poaceae	1.04	0.6632	0.908	0.0168	2.3102	8556.3576	0.3378	1.0685	
host_groups.rates.Amaranthaceae.Solanaceae	1.0409	0.8133	0.8724	1.4979E-4	2.5617	8213.7515	0.1289	0.9952	
host_groups.rates.Brassicaceae.Fabaceae	0.9005	0.9566	0.5918	3.1376E-6	2.8172	18210.1501	3.1376E-6	0.5918	
host_groups.rates.Brassicaceae.Poaceae	1.0405	0.8105	0.8618	1.579E-5	2.5674	7864.3501	0.1838	1.0246	
host_groups.rates.Brassicaceae.Solanaceae	1.0424	0.7733	0.8803	7.0552E-5	2.4958	8246.3801	0.2155	1.0413	
host_groups.rates.Fabaceae.Poaceae	0.8386	0.7367	0.6536	9.9246E-5	2.2185	15357.5167	0.071	0.7171	
host_groups.rates.Fabaceae.Solanaceae	0.9044	0.9562	0.597	5.3409E-6	2.8162	17342.5924	5.3409E-6	0.597	
host_groups.rates.Poaceae.Solanaceae	1.0396	0.7682	0.8821	1.0135E-4	2.4742	9435.9515	0.2512	1.0824	
host_groups.rates.Brassicaceae.Amaranthaceae	0.8692	0.9338	0.5626	5.3595E-5	2.752	16319.3201	1.7694E-4	0.5627	
host_groups.rates.Fabaceae.Amaranthaceae	0.8216	0.8336	0.5761	3.1793E-5	2.4592	16836.1245	3.3945E-5	0.5761	
host_groups.rates.Poaceae.Amaranthaceae	0.8748	0.9268	0.5784	1.6549E-5	2.737	16088.1846	2.6685E-5	0.5784	
host_groups.rates.Solanaceae.Amaranthaceae	1.0659	0.8409	0.901	5.8367E-5	2.6278	8181.3499	2.5541E-4	0.9011	
host_groups.rates.Fabaceae.Brassicaceae	0.8684	0.8749	0.6104	3.6273E-5	2.5945	15988.3788	1.552E-4	0.6104	
host_groups.rates.Poaceae.Brassicaceae	1.1027	0.7918	0.9317	5.1942E-4	2.6147	3807.64	0.2268	1.0785	
host_groups.rates.Solanaceae.Brassicaceae	0.906	0.9089	0.6357	3.3839E-5	2.6909	18572.3891	2.1141E-4	0.6358	
host_groups.rates.Poaceae.Fabaceae	0.905	0.907	0.6372	7.3392E-6	2.6904	18750.7807	7.3392E-6	0.6372	
host_groups.rates.Solanaceae.Fabaceae	1.3978	0.7796	1.2489	0.1771	2.9341	8071.4735	0.5817	1.4659	
host_groups.rates.Solanaceae.Poaceae	0.8792	0.8956	0.6081	1.1541E-4	2.6504	16340.7163	1.7636E-4	0.6081	
host_groups.indicators.Amaranthaceae.Brassicaceae	0.6831	0.4653	1	0	1	1702.7937	1	1	
host_groups.indicators.Amaranthaceae.Fabaceae	0.9701	0.1702	1	1	1	1763.3833	1	1	
host_groups.indicators.Amaranthaceae.Poaceae	0.9598	0.1964	1	1	1	6882.9162	1	1	
host_groups.indicators.Amaranthaceae.Solanaceae	0.6655	0.4718	1	0	1	1583.3046	1	1	
host_groups.indicators.Brassicaceae.Fabaceae	0.1704	0.3759	0	0	1	5240.7246	0	0	
host_groups.indicators.Brassicaceae.Poaceae	0.7404	0.4384	1	0	1	1805.3562	1	1	
host_groups.indicators.Brassicaceae.Solanaceae	0.8277	0.3777	1	0	1	3113.0771	1	1	
host_groups.indicators.Fabaceae.Poaceae	0.6849	0.4646	1	0	1	2871.947	1	1	
host_groups.indicators.Fabaceae.Solanaceae	0.1626	0.369	0	0	1	18203.9213	0	0	
host_groups.indicators.Poaceae.Solanaceae	0.785	0.4108	1	0	1	2030.0952	1	1	
host_groups.indicators.Brassicaceae.Amaranthaceae	0.2002	0.4002	0	0	1	15211.4719	0	0	
host_groups.indicators.Fabaceae.Amaranthaceae	0.4644	0.4987	0	0	1	4175.9474	0	0	
host_groups.indicators.Poaceae.Amaranthaceae	0.237	0.4252	0	0	1	12200.985	0	0	
host_groups.indicators.Solanaceae.Amaranthaceae	0.6472	0.4779	1	0	1	1526.072	1	1	
host_groups.indicators.Fabaceae.Brassicaceae	0.3581	0.4794	0	0	1	2132.3769	0	0	
host_groups.indicators.Poaceae.Brassicaceae	0.9158	0.2777	1	0	1	1680.79	1	1	
host_groups.indicators.Solanaceae.Brassicaceae	0.2961	0.4566	0	0	1	3027.3127	0	0	
host_groups.indicators.Poaceae.Fabaceae	0.3142	0.4642	0	0	1	4062.2429	0	0	
host_groups.indicators.Solanaceae.Fabaceae	0.9965	0.0591	1	1	1	12669.2576	1	1	
host_groups.indicators.Solanaceae.Poaceae	0.2897	0.4536	0	0	1	3962.2237	0	0	
host_groups.nonZeroRates	11.3685	1.6503	11	8	14	4997.2379	9	11	
default.treeLikelihood	-7887.4255	14.2397	-7887.1148	-7915.8969	-7860.0609	1509.0852	-7896.1874	-7877.0262	
default.branchRates	-2382.6079	0	0	0	0	NaN	0	0	
host_groups.branchRates	-2382.6079	0	0	0	0	NaN	0	0	
c_host_groups.count[1]	47.1733	4.637	47	39	56	2710.8461	42	47	
c_allTransitions[1]	47.1766	4.6466	47	39	56	2715.7323	42	47	
coalescent	-1239.6959	45.5657	-1239.413	-1331.7577	-1151.9339	422.7613	-1269.5735	-1207.2884	

