burnIn   <= 0,   maxState  = 150000200
statistic	mean	stdErr	median	hpdLower	hpdUpper	ESS	50hpdLower	50hpdUpper
joint	-14114.7738	162.6632	-14109.5975	-14440.952	-13803.414	467.3263	-14210.3749	-13990.9937	
prior	-6983.3221	162.1343	-6978.2013	-7309.4572	-6671.7887	463.3448	-7076.5753	-6858.9371	
likelihood	-7131.4517	18.6004	-7131.7634	-7167.3087	-7094.5723	1160.6763	-7144.7813	-7119.7033	
treeModel.rootHeight	173.0531	56.688	161.6897	84.9306	286.385	564.7801	113.375	176.0554	
age(root)	1848.9469	56.688	1860.3103	1735.615	1937.0694	564.7801	1845.9446	1908.625	
treeLength	2064.2805	452.583	1981.8769	1273.4744	2978.7845	420.0957	1641.1323	2133.1126	
tmrca(ingroup)	173.0531	56.688	161.6897	84.9306	286.385	564.7801	113.375	176.0554	
age(ingroup)	1848.9469	56.688	1860.3103	1735.615	1937.0694	564.7801	1845.9446	1908.625	
demographic.populationSizeChanges	2.28	0.5402	2	2	3	2824.2916	2	2	
demographic.populationMean	89.1239	83.9995	64.5385	10.2661	241.0812	498.2329	21.0293	69.9473	
demographic.popSize1	110.8329	144.4238	61.8896	0.0503	357.4511	535.4222	0.6218	62.1697	
demographic.popSize2	89.9626	150.3271	43.761	3.4055E-3	321.8815	1422.7719	9.505E-3	43.7643	
demographic.popSize3	85.7603	147.2918	40.0053	6.6752E-4	315.6623	1372.6425	6.6752E-4	40.0053	
demographic.popSize4	84.8157	141.8447	40.2131	1.8006E-3	312.0336	1458.5361	1.8006E-3	40.2131	
demographic.popSize5	87.4559	145.831	41.8289	1.3133E-3	315.6062	1463.8845	1.3133E-3	41.8289	
demographic.popSize6	80.8834	139.2533	38.3956	1.5989E-4	294.9476	1502.1978	1.5989E-4	38.3956	
demographic.popSize7	85.542	145.2159	40.3721	2.6717E-3	308.3889	1457.3488	0.0111	40.3725	
demographic.popSize8	85.3013	140.7583	40.1588	1.321E-5	312.3099	1429.0541	1.3397E-3	40.1588	
demographic.popSize9	88.4006	147.8265	42.8912	6.0915E-3	313.8421	1555.6237	8.6127E-3	42.8921	
demographic.popSize10	86.309	148.9432	40.9246	1.0389E-3	318.8721	1483.2159	2.3566E-3	40.9254	
demographic.popSize11	82.491	135.9643	38.4946	2.7606E-3	308.6944	1416.2628	1.0069E-4	38.4946	
demographic.popSize12	83.8559	146.2967	38.6313	9.2199E-4	305.6509	1431.6393	9.2199E-4	38.6313	
demographic.popSize13	86.6638	146.2913	41.1732	9.7942E-4	316.0838	1349.8168	5.5253E-3	41.175	
demographic.popSize14	68.7723	127.3719	28.8233	3.2677E-3	262.5837	1283.6002	1.0039E-3	28.8233	
demographic.popSize15	87.5641	151.6555	41.1441	3.4846E-3	319.3495	1438.7382	6.1439E-5	41.1441	
demographic.popSize16	85.9747	143.3342	41.0609	2.2932E-3	313.1221	1408.1636	2.2932E-3	41.0609	
demographic.popSize17	87.6832	148.4729	40.9278	2.2864E-3	322.0904	1421.0394	2.2864E-3	40.9278	
demographic.popSize18	87.4644	145.9937	42.6061	1.9381E-3	308.6245	1444.1453	1.9381E-3	42.6061	
demographic.popSize19	86.9715	146.8055	41.6416	2.5954E-3	312.157	1385.962	2.5954E-3	41.6416	
demographic.popSize20	83.1764	151.6291	36.8303	3.2008E-3	311.3045	1285.5799	2.612E-3	36.8303	
demographic.popSize21	85.9473	150.1859	38.8532	5.4379E-3	313.7529	1295.4485	0.0155	38.8605	
demographic.popSize22	88.093	143.7639	42.4884	2.0963E-3	319.401	1502.9434	7.2698E-3	42.489	
demographic.popSize23	84.5931	144.5399	39.8069	1.416E-3	311.42	1440.9212	0.0148	39.8146	
demographic.popSize24	88.9399	147.4219	42.3299	3.0521E-3	325.8202	1422.422	3.9969E-5	42.3299	
demographic.popSize25	88.9005	149.4068	42.3299	3.6295E-3	325.7718	1409.7277	3.6295E-3	42.3299	
demographic.popSize26	88.5111	152.2804	42.1459	1.1499E-3	317.2186	1532.0785	1.5544E-3	42.1459	
demographic.popSize27	88.702	150.1766	43.4188	5.1035E-3	316.6092	1515.7876	4.6014E-3	43.4188	
demographic.popSize28	88.3707	147.452	42.1995	2.1613E-4	323.764	1381.656	2.1613E-4	42.1995	
demographic.popSize29	87.9796	146.3763	42.4179	2.6156E-3	320.1348	1360.1817	5.951E-3	42.4209	
demographic.popSize30	88.0537	151.0324	43.191	3.746E-3	321.197	1573.5027	1.3838E-3	43.191	
demographic.popSize31	87.5313	142.6393	43.774	1.1472E-3	311.3115	1540.6612	1.1472E-3	43.774	
demographic.popSize32	87.195	138.5974	44.0397	0.0101	311.3766	1570.4156	5.9144E-3	44.0397	
demographic.popSize33	88.0155	146.8009	43.6176	2.0904E-3	317.6899	1467.4591	2.9807E-3	43.6176	
demographic.popSize34	89.9797	148.6997	44.1646	1.7797E-3	325.8177	1395.5507	1.7797E-3	44.1646	
demographic.popSize35	89.6212	147.436	44.4201	6.8509E-5	321.178	1462.4582	6.8509E-5	44.4201	
demographic.popSize36	89.1498	145.3696	44.6452	1.5981E-3	313.9301	1521.2094	6.8111E-4	44.6452	
demographic.popSize37	89.705	150.1787	43.001	3.024E-3	322.8919	1455.2537	4.1438E-3	43.0011	
demographic.popSize38	89.0953	148.7987	43.9137	1.2299E-3	320.9279	1457.976	1.2299E-3	43.9137	
demographic.popSize39	88.7691	143.1066	43.8118	3.7418E-4	316.8697	1423.7518	4.1495E-3	43.8118	
demographic.popSize40	88.5914	149.1306	43.3473	2.3151E-3	314.8374	1482.826	2.3151E-3	43.3473	
demographic.popSize41	89.4425	153.4035	43.889	3.5151E-3	323.2629	1514.8251	4.8619E-3	43.889	
demographic.popSize42	87.7095	140.804	43.5443	2.8533E-3	315.5607	1463.3185	5.9974E-4	43.5443	
demographic.popSize43	89.2793	141.7862	44.1451	2.7157E-4	321.3787	1535.268	2.757E-3	44.1471	
demographic.popSize44	88.8583	149.5517	43.5921	2.4671E-3	319.0509	1469.9505	2.4671E-3	43.5921	
demographic.popSize45	88.8402	145.2865	44.0337	7.4112E-3	322.1627	1435.3588	6.3075E-3	44.0337	
demographic.popSize46	89.9602	150.8544	43.6331	2.501E-3	322.3057	1449.1668	2.5177E-4	43.6331	
demographic.popSize47	89.7536	144.3066	44.8605	5.9832E-3	324.1553	1424.7241	0.0284	44.8773	
demographic.popSize48	90.0355	151.3387	44.212	2.1992E-3	316.6549	1463.4498	0.0169	44.2237	
demographic.popSize49	88.5152	149.1573	43.4134	2.3309E-3	313.6763	1521.5248	2.3309E-3	43.4134	
demographic.popSize50	89.5385	151.0729	43.447	1.6482E-3	321.3453	1534.4535	0.0177	43.4576	
demographic.popSize51	90.4776	153.5811	45.0295	3.134E-4	319.0974	1473.7813	1.0035E-3	45.0295	
demographic.popSize52	88.3701	144.4551	44.2905	7.0016E-4	314.3144	1542.0025	5.5952E-3	44.2905	
demographic.popSize53	88.4794	138.9198	44.5904	3.7652E-3	319.298	1493.8013	0.0202	44.5904	
demographic.popSize54	88.2632	146.5869	42.9789	1.9312E-3	312.3505	1377.8679	1.0834E-3	42.9789	
demographic.popSize55	89.2262	143.8998	44.6345	4.7052E-4	313.8547	1482.5375	2.6301E-3	44.6345	
demographic.popSize56	90.162	153.2865	44.6332	4.8708E-3	326.5788	1495.8801	7.3997E-3	44.6334	
demographic.popSize57	88.8701	148.5952	43.8239	1.2896E-3	322.929	1502.2501	1.2896E-3	43.8239	
demographic.popSize58	87.4192	141.3184	44.3569	7.9365E-4	314.633	1504.8894	8.4411E-3	44.3626	
demographic.popSize59	88.501	142.4667	44.589	1.6861E-3	313.5993	1468.3018	2.6547E-3	44.589	
demographic.popSize60	89.7066	152.0422	44.2868	2.5505E-4	317.535	1476.6637	2.5505E-4	44.2868	
demographic.popSize61	89.2885	145.5057	44.8681	4.1372E-5	319.6353	1446.6015	5.8174E-3	44.8695	
demographic.popSize62	89.0002	147.4315	43.694	2.4096E-3	313.1067	1432.0595	2.0806E-3	43.694	
demographic.popSize63	89.4254	148.7059	43.1743	6.3296E-3	322.3397	1462.1208	1.304E-3	43.1743	
demographic.popSize64	88.7513	145.2606	44.9736	2.8311E-3	320.6556	1498.776	1.711E-3	44.9736	
demographic.popSize65	88.7346	145.7777	43.7228	1.7966E-3	321.5768	1470.6686	7.0251E-4	43.7228	
demographic.popSize66	87.3081	142.958	43.1493	3.2324E-4	313.6485	1598.4866	0.0293	43.1591	
demographic.popSize67	90.1039	147.5366	44.1638	2.4311E-3	326.2911	1417.9249	2.4311E-3	44.1638	
demographic.popSize68	88.1009	142.0161	44.3876	5.4485E-4	314.9829	1495.2924	4.7348E-3	44.3894	
demographic.popSize69	91.3623	154.5245	44.9036	5.9732E-4	324.1643	1426.9416	0.0141	44.9139	
demographic.popSize70	90.8861	156.9913	44.0206	5.3831E-5	324.1953	1575.7181	5.3831E-5	44.0206	
demographic.popSize71	89.638	144.6808	44.6275	1.1294E-3	320.7832	1564.6738	2.1652E-4	44.6275	
demographic.popSize72	89.6298	151.3524	44.7608	6.3909E-3	311.5911	1515.0933	0.0145	44.7643	
demographic.popSize73	88.957	142.2674	45.1235	3.3027E-4	311.531	1537.6741	0.0134	45.1235	
demographic.popSize74	87.527	142.4901	43.8445	2.6864E-3	308.9249	1449.265	0.0125	43.8498	
demographic.popSize75	89.165	145.4027	44.6852	2.5293E-4	319.6814	1489.7145	2.5293E-4	44.6852	
demographic.popSize76	89.1406	144.0378	44.3131	3.4472E-3	323.1617	1392.4644	0.0123	44.3173	
demographic.popSize77	89.3832	149.4843	44.5754	3.6971E-3	317.3046	1542.0573	3.9054E-3	44.5768	
demographic.popSize78	89.9377	152.5086	44.0691	2.5651E-4	319.6975	1427.7543	2.874E-3	44.0691	
demographic.popSize79	87.7231	140.8486	43.9517	8.4835E-4	313.2392	1479.7249	6.8657E-3	43.9517	
demographic.popSize80	90.1208	150.5889	44.7204	4.0781E-3	319.1259	1499.928	8.9599E-3	44.7264	
demographic.popSize81	89.5841	145.3924	44.2754	7.5915E-4	325.9755	1531.4305	1.8807E-3	44.2758	
demographic.popSize82	88.511	147.9163	43.8633	1.7052E-3	315.7418	1566.9078	2.362E-3	43.8634	
demographic.popSize83	89.4508	149.4124	44.9502	3.0284E-4	318.1708	1479.2973	3.5505E-3	44.9502	
demographic.popSize84	88.7932	141.5605	44.9796	3.8065E-5	320.9767	1480.4746	2.72E-3	44.9796	
demographic.popSize85	86.9135	142.9519	43.5415	8.3121E-3	309.3912	1627.897	6.4051E-3	43.5415	
demographic.popSize86	89.6045	146.4349	44.8464	2.0315E-3	319.229	1476.9162	6.503E-3	44.847	
demographic.popSize87	88.9981	149.2048	44.1982	4.6502E-3	317.2934	1505.093	1.1557E-3	44.1982	
demographic.popSize88	91.0058	159.3166	43.813	1.9189E-3	322.6149	1425.3796	0.0132	43.816	
demographic.popSize89	88.5459	145.0537	43.4444	5.0553E-3	315.9871	1555.4388	0.014	43.4544	
demographic.popSize90	89.3164	143.2813	44.3816	2.5136E-3	320.9839	1494.9819	8.1015E-3	44.3816	
demographic.popSize91	89.2895	146.6388	44.8723	1.639E-3	316.6707	1492.2863	1.639E-3	44.8723	
demographic.popSize92	89.9941	158.2806	43.944	3.7944E-3	323.0705	1554.1021	3.7944E-3	43.944	
demographic.popSize93	90.2302	149.9099	44.312	1.8281E-3	320.8196	1490.8053	1.8187E-3	44.312	
demographic.popSize94	90.3672	150.3855	44.7225	3.3147E-3	319.4408	1390.2796	4.4936E-3	44.7225	
demographic.popSize95	89.5454	146.5991	44.0272	1.3006E-3	322.4323	1450.8446	1.3006E-3	44.0272	
demographic.popSize96	92.0055	151.3713	44.2868	9.9234E-4	326.5545	1436.9905	9.9907E-3	44.295	
demographic.popSize97	90.5272	153.1088	43.5451	1.7421E-3	328.9282	1426.7379	1.7421E-3	43.5452	
demographic.popSize98	89.3465	145.3987	43.9686	1.1083E-4	319.855	1497.1817	4.3399E-3	43.9694	
demographic.popSize99	90.6356	151.0002	43.816	2.0043E-3	331.4716	1438.3111	1.8734E-4	43.816	
demographic.popSize100	89.9755	150.4383	44.7576	7.7609E-4	320.5126	1477.3365	9.9179E-4	44.7576	
demographic.popSize101	89.6515	150.9812	43.9567	6.5744E-4	318.0197	1529.5873	1.607E-3	43.9567	
demographic.popSize102	89.3362	147.5424	44.4232	2.5772E-3	315.6771	1437.8017	1.2435E-3	44.4232	
demographic.popSize103	87.2404	141.1603	43.812	1.3229E-4	309.7939	1449.7592	1.3229E-4	43.812	
demographic.popSize104	90.556	154.8052	43.7558	1.7168E-3	324.9707	1417.2303	1.1599E-3	43.7558	
demographic.popSize105	89.7933	150.1168	43.5745	7.696E-6	316.2244	1511.5159	0.0139	43.5809	
demographic.popSize106	88.7705	144.7933	43.9425	5.7287E-3	319.0172	1451.6186	3.5593E-3	43.9425	
demographic.popSize107	88.1474	143.593	42.9718	2.9453E-3	318.6304	1473.0551	2.9453E-3	42.974	
demographic.popSize108	89.2768	153.1383	42.7833	5.4991E-3	319.1786	1439.4756	0.0126	42.7853	
demographic.popSize109	89.5035	148.9599	43.8506	3.2347E-3	317.0022	1508.9731	0.0164	43.86	
demographic.popSize110	89.0126	141.1772	44.1556	1.3828E-4	316.6094	1488.0477	0.0103	44.1569	
demographic.popSize111	88.9249	145.6823	43.3668	1.1282E-3	316.5289	1476.2343	1.1282E-3	43.3668	
demographic.popSize112	89.8789	146.5919	44.1073	3.1033E-3	321.0351	1406.3161	3.1033E-3	44.1073	
demographic.popSize113	89.528	145.1453	44.097	5.0842E-3	325.1901	1503.2964	0.0131	44.0989	
demographic.popSize114	88.2654	142.0688	43.5056	1.033E-3	316.4657	1446.6428	1.033E-3	43.5056	
demographic.popSize115	88.729	143.2898	44.1627	3.0863E-3	319.7449	1440.3328	1.9033E-3	44.1627	
demographic.popSize116	89.5052	150.006	43.1069	3.6037E-4	325.225	1401.9989	1.0736E-4	43.1069	
demographic.popSize117	89.0825	159.2942	43.5394	1.2032E-3	314.3968	1706.879	3.6491E-3	43.5415	
demographic.popSize118	88.3119	148.061	43.4521	7.5337E-3	316.2001	1446.5026	0.0137	43.4521	
demographic.popSize119	87.7453	142.6286	43.0624	0.0206	319.6648	1424.7978	8.0114E-3	43.0625	
demographic.popSize120	87.8491	141.3778	43.4873	2.1954E-4	319.5215	1477.4143	2.1954E-4	43.4873	
demographic.popSize121	89.2793	153.1502	43.1755	7.8604E-4	313.5838	1439.2096	7.5319E-3	43.1793	
demographic.popSize122	89.2056	144.1027	43.8768	3.5554E-4	319.9492	1452.7169	3.5554E-4	43.8768	
demographic.popSize123	89.1369	146.0798	43.7371	1.3285E-3	327.5015	1426.3883	1.3285E-3	43.7371	
demographic.popSize124	90.3607	156.2585	43.3842	5.7328E-4	322.7951	1465.9503	3.2131E-3	43.3842	
demographic.popSize125	89.5306	150.5923	43.4391	5.3234E-3	319.8266	1478.3895	2.1096E-3	43.4391	
demographic.popSize126	89.4379	146.9334	43.7288	1.7407E-3	317.4816	1412.504	0.0187	43.7373	
demographic.popSize127	89.6989	151.2221	42.9928	8.7073E-4	325.0182	1436.4622	8.7073E-4	42.9928	
demographic.popSize128	88.2739	142.4954	43.4929	3.3818E-3	315.5431	1459.2187	2.4761E-3	43.4929	
demographic.popSize129	89.4003	150.0171	43.4178	3.7541E-3	314.6727	1471.6538	3.7541E-3	43.4178	
demographic.popSize130	89.6116	148.6425	44.3863	1.8656E-3	314.4617	1417.5594	1.2607E-3	44.3863	
demographic.popSize131	90.0254	151.3284	43.1743	3.788E-3	323.4902	1449.892	9.4723E-3	43.1748	
demographic.popSize132	89.1719	144.0747	44.0446	2.3112E-3	319.8805	1487.6985	2.3112E-3	44.0446	
demographic.popSize133	89.9122	150.1975	43.5632	1.2592E-3	320.0212	1388.561	1.2592E-3	43.5632	
demographic.popSize134	88.6451	144.7631	43.676	3.1917E-3	319.142	1526.3668	3.1917E-3	43.676	
demographic.popSize135	88.9402	143.874	43.5528	3.3016E-3	325.8444	1496.1307	4.4993E-3	43.5528	
demographic.popSize136	90.7581	159.1821	43.5993	3.0555E-4	320.3504	1468.74	3.0555E-4	43.5993	
demographic.popSize137	89.2568	150.8506	43.3034	6.1035E-3	323.6591	1448.2778	6.1035E-3	43.3034	
demographic.popSize138	88.6496	147.6542	42.3959	4.6213E-3	325.0385	1475.873	4.6213E-3	42.3959	
demographic.popSize139	88.7642	144.848	43.4339	7.3578E-4	319.3159	1493.0365	2.1108E-3	43.4346	
demographic.popSize140	89.939	151.143	42.9133	4.0923E-3	325.8518	1412.8123	2.4672E-3	42.9133	
demographic.popSize141	88.101	145.3758	43.302	1.2836E-3	315.374	1517.335	1.2836E-3	43.302	
demographic.popSize142	88.5403	143.0731	43.9349	2.3426E-3	316.2637	1453.8745	2.3426E-3	43.9349	
demographic.popSize143	90.8704	157.4945	43.8801	1.7141E-4	329.4934	1471.2562	1.7295E-3	43.8801	
demographic.popSize144	88.8932	149.3245	42.8144	3.0113E-3	316.5318	1481.1368	0.0146	42.8201	
demographic.popSize145	89.1035	148.1028	43.7884	6.9734E-4	316.8461	1453.828	1.9858E-3	43.7884	
demographic.popSize146	88.7465	143.9457	43.7359	4.2986E-4	314.4349	1474.561	6.3103E-4	43.7359	
demographic.popSize147	86.8169	141.7892	43.0096	3.8629E-3	312.3038	1480.6521	0.0102	43.0097	
demographic.popSize148	88.8208	146.689	43.1205	4.1264E-4	317.2143	1446.3239	8.7079E-3	43.1237	
demographic.popSize149	89.6621	149.0628	43.4415	3.6866E-3	324.6676	1480.6658	6.5688E-3	43.4433	
demographic.popSize150	88.3944	150.9437	42.8542	4.2361E-5	317.7088	1467.1766	4.2361E-5	42.8542	
demographic.popSize151	89.7415	154.0212	43.7893	1.2695E-3	318.3872	1544.1134	2.264E-3	43.7893	
demographic.popSize152	88.0548	145.8204	42.8874	7.372E-4	314.3142	1495.7227	2.378E-3	42.8883	
demographic.popSize153	89.2591	143.9995	42.8309	1.7964E-3	329.1037	1523.1759	1.7964E-3	42.8309	
demographic.popSize154	88.8555	149.4486	43.2051	1.4865E-3	324.1303	1400.0629	1.4865E-3	43.2051	
demographic.popSize155	89.1452	147.7624	43.7021	4.5747E-3	320.1602	1409.2272	0.0207	43.7147	
demographic.popSize156	88.7451	144.3766	43.2695	1.2959E-3	313.9732	1355.3218	1.2959E-3	43.2696	
demographic.popSize157	89.9226	154.207	42.9516	2.4777E-3	321.6286	1456.4795	9.4972E-3	42.9605	
demographic.popSize158	88.5034	147.223	43.0106	1.7503E-3	319.5161	1485.1699	1.7503E-3	43.0106	
demographic.popSize159	88.9215	147.5031	43.3622	1.7314E-3	318.1801	1504.5295	0.0119	43.3651	
demographic.popSize160	89.4317	154.6822	42.8368	1.8217E-3	319.2985	1435.9073	8.1972E-3	42.8401	
demographic.popSize161	89.3051	147.1478	44.2548	4.6298E-3	320.9937	1430.9102	4.6298E-3	44.2586	
demographic.popSize162	87.6918	140.1639	42.6468	6.0837E-3	325.1586	1444.0627	6.0837E-3	42.6468	
demographic.popSize163	88.9398	146.3387	44.3501	5.8637E-3	315.1883	1488.2601	5.8637E-3	44.3501	
demographic.popSize164	89.7634	151.3353	43.401	5.3392E-3	322.2002	1431.8582	0.0241	43.4138	
demographic.popSize165	89.9783	151.7351	44.3942	1.3036E-3	323.0548	1443.4601	1.3036E-3	44.3942	
demographic.popSize166	88.3033	140.7755	42.9326	7.45E-3	321.7947	1441.1367	1.3661E-4	42.9326	
demographic.popSize167	88.2097	148.0702	42.5501	1.1632E-3	315.5077	1421.8214	1.1632E-3	42.5501	
demographic.popSize168	89.7865	149.671	44.184	4.9453E-3	323.4886	1513.6407	1.8518E-3	44.184	
demographic.popSize169	88.7919	149.8105	42.6686	5.6274E-5	317.4315	1469.0012	5.6274E-5	42.6686	
demographic.popSize170	87.9892	141.0901	43.0825	3.005E-4	315.7803	1455.2841	1.2076E-3	43.0825	
demographic.popSize171	88.7839	149.4797	42.6351	9.1886E-5	324.9813	1566.7979	4.5221E-3	42.6356	
demographic.popSize172	88.6832	153.0851	42.9854	1.0712E-3	317.1195	1528.0975	0.0199	42.9994	
demographic.popSize173	88.2146	140.402	43.2411	4.9796E-5	319.6616	1503.1336	4.9796E-5	43.2411	
demographic.popSize174	89.6678	150.5031	43.6664	1.4614E-3	323.6943	1470.0463	3.5488E-3	43.6664	
demographic.popSize175	87.8947	147.3419	42.8264	1.8148E-3	315.1841	1513.0958	0.0164	42.8283	
demographic.popSize176	87.8615	144.4685	43.0795	3.2857E-3	317.467	1484.4048	9.6512E-3	43.0829	
demographic.popSize177	88.6643	142.4591	43.1113	3.8496E-3	318.2204	1438.9272	7.1047E-3	43.1113	
demographic.popSize178	89.1367	149.3951	43.3501	1.5917E-3	323.3275	1473.486	5.6305E-4	43.3501	
demographic.popSize179	88.9664	146.8177	43.5839	3.4203E-3	321.9497	1468.9738	4.0409E-3	43.585	
demographic.popSize180	87.2762	138.9785	42.7399	1.7543E-3	317.4145	1424.0328	5.8497E-4	42.7399	
demographic.popSize181	88.1111	146.1614	43.2318	2.4566E-3	321.006	1541.2243	2.4566E-3	43.2338	
demographic.popSize182	90.718	152.0876	43.4669	3.7779E-3	324.527	1413.4995	0.0105	43.4697	
demographic.popSize183	88.1555	144.1345	42.7777	2.4494E-3	319.5481	1477.8325	2.4494E-3	42.7777	
demographic.popSize184	89.5923	149.0731	42.9009	4.8767E-4	325.6422	1495.6944	4.8767E-4	42.9009	
demographic.popSize185	88.1884	144.8872	42.9677	1.9949E-3	315.9461	1512.7138	7.8447E-3	42.9686	
demographic.popSize186	88.8319	149.4104	42.7241	6.0689E-4	321.919	1451.1714	2.6376E-3	42.7241	
demographic.popSize187	90.2125	150.1717	43.143	1.3473E-3	325.1182	1420.4838	1.3473E-3	43.143	
demographic.popSize188	88.371	143.0907	43.3694	1.4553E-3	319.6059	1456.4024	9.7223E-3	43.3743	
demographic.popSize189	88.6487	145.6739	42.7796	1.1561E-3	316.1788	1448.64	5.6675E-3	42.7822	
demographic.popSize190	87.4228	143.6029	42.7454	9.3881E-4	315.5729	1530.5588	6.4794E-3	42.7497	
demographic.popSize191	89.5827	155.1722	43.4585	9.851E-4	319.1934	1568.1616	3.6852E-4	43.4585	
demographic.popSize192	88.2128	147.3004	43.2727	4.564E-5	313.9835	1514.1548	4.564E-5	43.2727	
demographic.popSize193	89.7765	152.3487	43.2631	1.9489E-4	322.3884	1504.8456	1.9489E-4	43.2631	
demographic.popSize194	89.505	150.5562	43.6222	1.0946E-3	319.0314	1445.8496	1.2631E-4	43.6222	
demographic.popSize195	89.5045	148.2405	44.0487	3.9773E-3	324.3281	1442.8093	2.8262E-4	44.0487	
demographic.popSize196	89.2843	149.5631	43.07	7.7829E-3	322.7169	1478.7017	2.5933E-3	43.07	
demographic.popSize197	87.9265	145.5954	42.7821	6.8658E-4	315.3203	1557.02	6.8658E-4	42.7821	
demographic.popSize198	87.9484	145.182	42.6645	5.7569E-3	314.1336	1438.3937	5.7569E-3	42.6645	
demographic.popSize199	88.7703	146.0781	42.1828	2.0964E-3	322.0481	1406.63	0.0108	42.1871	
demographic.popSize200	86.2398	144.0263	41.0542	4.5358E-3	311.1312	1435.8379	8.7598E-3	41.0578	
demographic.indicators1	4.0427E-3	0.0635	0	0	0	12693.3726	0	0	
demographic.indicators2	0.0519	0.2218	0	0	1	449.921	0	0	
demographic.indicators3	0.0337	0.1804	0	0	0	561.0023	0	0	
demographic.indicators4	0.0269	0.1617	0	0	0	601.3245	0	0	
demographic.indicators5	0.0553	0.2286	0	0	1	449.8346	0	0	
demographic.indicators6	0.0391	0.1939	0	0	0	552.3087	0	0	
demographic.indicators7	0.0353	0.1844	0	0	0	490.603	0	0	
demographic.indicators8	0.0143	0.1188	0	0	0	722.6831	0	0	
demographic.indicators9	0.0262	0.1599	0	0	0	586.7922	0	0	
demographic.indicators10	0.0635	0.2439	0	0	1	506.2515	0	0	
demographic.indicators11	0.0578	0.2334	0	0	1	508.7696	0	0	
demographic.indicators12	0.0302	0.1712	0	0	0	687.2718	0	0	
demographic.indicators13	0.1632	0.3696	0	0	1	428.469	0	0	
demographic.indicators14	0.0324	0.1771	0	0	0	683.6754	0	0	
demographic.indicators15	0.0323	0.1768	0	0	0	599.1764	0	0	
demographic.indicators16	0.0208	0.1426	0	0	0	726.799	0	0	
demographic.indicators17	0.0243	0.1541	0	0	0	801.878	0	0	
demographic.indicators18	0.0321	0.1764	0	0	0	626.5471	0	0	
demographic.indicators19	0.0796	0.2707	0	0	1	451.0816	0	0	
demographic.indicators20	0.056	0.2299	0	0	1	504.5896	0	0	
demographic.indicators21	0.0101	0.1002	0	0	0	1086.7164	0	0	
demographic.indicators22	0.0397	0.1952	0	0	0	498.5704	0	0	
demographic.indicators23	8.5647E-3	0.0921	0	0	0	1680.1189	0	0	
demographic.indicators24	0.0159	0.1251	0	0	0	844.8467	0	0	
demographic.indicators25	0.0181	0.1333	0	0	0	709.8174	0	0	
demographic.indicators26	0.0153	0.1229	0	0	0	632.756	0	0	
demographic.indicators27	0.0203	0.1411	0	0	0	733.2127	0	0	
demographic.indicators28	0.0182	0.1336	0	0	0	818.5165	0	0	
demographic.indicators29	0.0135	0.1155	0	0	0	845.1958	0	0	
demographic.indicators30	0.0267	0.1613	0	0	0	669.9373	0	0	
demographic.indicators31	0.0142	0.1182	0	0	0	1056.7059	0	0	
demographic.indicators32	0.0148	0.1206	0	0	0	952.8673	0	0	
demographic.indicators33	0.0127	0.1121	0	0	0	944.1065	0	0	
demographic.indicators34	0.0211	0.1436	0	0	0	1067.1258	0	0	
demographic.indicators35	0.0158	0.1248	0	0	0	988.2599	0	0	
demographic.indicators36	6.7147E-3	0.0817	0	0	0	2372.5345	0	0	
demographic.indicators37	6.842E-3	0.0824	0	0	0	3600.8396	0	0	
demographic.indicators38	8.186E-3	0.0901	0	0	0	2294.8972	0	0	
demographic.indicators39	0.0115	0.1067	0	0	0	1391.9497	0	0	
demographic.indicators40	0.0111	0.1048	0	0	0	1348.0769	0	0	
demographic.indicators41	0.0114	0.1064	0	0	0	1655.134	0	0	
demographic.indicators42	0.0107	0.1031	0	0	0	1467.799	0	0	
demographic.indicators43	6.484E-3	0.0803	0	0	0	2442.8954	0	0	
demographic.indicators44	9.878E-3	0.0989	0	0	0	2150.934	0	0	
demographic.indicators45	0.0106	0.1023	0	0	0	1528.2162	0	0	
demographic.indicators46	0.0124	0.1105	0	0	0	1719.0734	0	0	
demographic.indicators47	0.0146	0.1201	0	0	0	1033.2838	0	0	
demographic.indicators48	0.0121	0.1095	0	0	0	2008.4873	0	0	
demographic.indicators49	9.0367E-3	0.0946	0	0	0	1721.0431	0	0	
demographic.indicators50	0.0147	0.1202	0	0	0	1145.6683	0	0	
demographic.indicators51	0.0173	0.1303	0	0	0	1438.2351	0	0	
demographic.indicators52	0.0136	0.116	0	0	0	1425.0456	0	0	
demographic.indicators53	7.5033E-3	0.0863	0	0	0	2226.706	0	0	
demographic.indicators54	0.0157	0.1244	0	0	0	1083.7135	0	0	
demographic.indicators55	0.0119	0.1084	0	0	0	1864.5849	0	0	
demographic.indicators56	0.0136	0.1158	0	0	0	1369.5042	0	0	
demographic.indicators57	0.0135	0.1155	0	0	0	1605.5444	0	0	
demographic.indicators58	0.0157	0.1242	0	0	0	1469.5997	0	0	
demographic.indicators59	0.0148	0.1207	0	0	0	1576.9973	0	0	
demographic.indicators60	0.0153	0.1229	0	0	0	891.9627	0	0	
demographic.indicators61	9.14E-3	0.0952	0	0	0	1764.0518	0	0	
demographic.indicators62	7.4967E-3	0.0863	0	0	0	3259.3558	0	0	
demographic.indicators63	0.0201	0.1405	0	0	0	1034.8097	0	0	
demographic.indicators64	0.0112	0.1051	0	0	0	2584.4581	0	0	
demographic.indicators65	0.013	0.1133	0	0	0	1642.3087	0	0	
demographic.indicators66	0.0123	0.11	0	0	0	1193.3411	0	0	
demographic.indicators67	0.0147	0.1204	0	0	0	1802.9319	0	0	
demographic.indicators68	0.0157	0.1242	0	0	0	1617.8609	0	0	
demographic.indicators69	0.0139	0.117	0	0	0	1739.6804	0	0	
demographic.indicators70	0.0159	0.125	0	0	0	1327.5882	0	0	
demographic.indicators71	0.0152	0.1223	0	0	0	1654.3013	0	0	
demographic.indicators72	0.0181	0.1332	0	0	0	1047.9447	0	0	
demographic.indicators73	0.0119	0.1084	0	0	0	1806.0285	0	0	
demographic.indicators74	0.0132	0.1139	0	0	0	1720.1008	0	0	
demographic.indicators75	0.0123	0.1104	0	0	0	1349.5651	0	0	
demographic.indicators76	0.0153	0.1226	0	0	0	1401.1608	0	0	
demographic.indicators77	0.0147	0.1205	0	0	0	1187.4454	0	0	
demographic.indicators78	0.0163	0.1266	0	0	0	1018.5779	0	0	
demographic.indicators79	0.0122	0.11	0	0	0	1605.8185	0	0	
demographic.indicators80	0.0128	0.1122	0	0	0	1466.1576	0	0	
demographic.indicators81	0.0121	0.1093	0	0	0	2307.4138	0	0	
demographic.indicators82	0.0157	0.1244	0	0	0	1272.8357	0	0	
demographic.indicators83	0.0173	0.1303	0	0	0	1238.9241	0	0	
demographic.indicators84	0.0104	0.1014	0	0	0	1877.0877	0	0	
demographic.indicators85	0.0153	0.1228	0	0	0	1126.4909	0	0	
demographic.indicators86	0.0106	0.1023	0	0	0	2296.9374	0	0	
demographic.indicators87	0.0108	0.1031	0	0	0	1698.9397	0	0	
demographic.indicators88	8.262E-3	0.0905	0	0	0	3000.9793	0	0	
demographic.indicators89	9.8233E-3	0.0986	0	0	0	1964.4202	0	0	
demographic.indicators90	0.014	0.1176	0	0	0	1754.0639	0	0	
demographic.indicators91	9.29E-3	0.0959	0	0	0	1297.947	0	0	
demographic.indicators92	0.0111	0.1048	0	0	0	1386.1742	0	0	
demographic.indicators93	0.0126	0.1115	0	0	0	1328.1708	0	0	
demographic.indicators94	8.2073E-3	0.0902	0	0	0	2012.309	0	0	
demographic.indicators95	8.2113E-3	0.0902	0	0	0	1568.6867	0	0	
demographic.indicators96	9.4687E-3	0.0968	0	0	0	1759.5521	0	0	
demographic.indicators97	8.2933E-3	0.0907	0	0	0	1184.1818	0	0	
demographic.indicators98	9.2953E-3	0.096	0	0	0	2050.6842	0	0	
demographic.indicators99	0.0125	0.1109	0	0	0	1143.8022	0	0	
demographic.indicators100	7.234E-3	0.0847	0	0	0	2003.9191	0	0	
demographic.indicators101	0.0112	0.1051	0	0	0	1206.2196	0	0	
demographic.indicators102	9.4947E-3	0.097	0	0	0	1496.8933	0	0	
demographic.indicators103	8.1913E-3	0.0901	0	0	0	2039.7059	0	0	
demographic.indicators104	6.9607E-3	0.0831	0	0	0	2436.9503	0	0	
demographic.indicators105	6.0313E-3	0.0774	0	0	0	2000.9959	0	0	
demographic.indicators106	4.4187E-3	0.0663	0	0	0	3673.7194	0	0	
demographic.indicators107	4.8687E-3	0.0696	0	0	0	3573.4986	0	0	
demographic.indicators108	7.162E-3	0.0843	0	0	0	2770.9611	0	0	
demographic.indicators109	0.0118	0.1082	0	0	0	1480.5201	0	0	
demographic.indicators110	6.0187E-3	0.0773	0	0	0	1308.4109	0	0	
demographic.indicators111	7.5307E-3	0.0865	0	0	0	2037.9613	0	0	
demographic.indicators112	7.132E-3	0.0841	0	0	0	906.4368	0	0	
demographic.indicators113	6.7153E-3	0.0817	0	0	0	1485.8129	0	0	
demographic.indicators114	5.5187E-3	0.0741	0	0	0	1844.0609	0	0	
demographic.indicators115	3.5587E-3	0.0595	0	0	0	3338.8504	0	0	
demographic.indicators116	5.9553E-3	0.0769	0	0	0	1342.6728	0	0	
demographic.indicators117	3.7627E-3	0.0612	0	0	0	3811.6191	0	0	
demographic.indicators118	4.9613E-3	0.0703	0	0	0	2874.195	0	0	
demographic.indicators119	5.4973E-3	0.0739	0	0	0	2882.6907	0	0	
demographic.indicators120	4.1653E-3	0.0644	0	0	0	1437.1477	0	0	
demographic.indicators121	4.6387E-3	0.0679	0	0	0	2491.0064	0	0	
demographic.indicators122	2.476E-3	0.0497	0	0	0	6581.4166	0	0	
demographic.indicators123	2.7533E-3	0.0524	0	0	0	1936.21	0	0	
demographic.indicators124	3.42E-3	0.0584	0	0	0	2737.1509	0	0	
demographic.indicators125	3.6127E-3	0.06	0	0	0	2762.6465	0	0	
demographic.indicators126	3.4313E-3	0.0585	0	0	0	4195.1018	0	0	
demographic.indicators127	3.1973E-3	0.0565	0	0	0	4412.9009	0	0	
demographic.indicators128	3.1707E-3	0.0562	0	0	0	2851.7746	0	0	
demographic.indicators129	2.7753E-3	0.0526	0	0	0	4870.4629	0	0	
demographic.indicators130	3.1927E-3	0.0564	0	0	0	3498.4314	0	0	
demographic.indicators131	1.906E-3	0.0436	0	0	0	9772.3471	0	0	
demographic.indicators132	2.448E-3	0.0494	0	0	0	5776.8954	0	0	
demographic.indicators133	1.98E-3	0.0445	0	0	0	5768.5447	0	0	
demographic.indicators134	4.3747E-3	0.066	0	0	0	2044.9658	0	0	
demographic.indicators135	2.8107E-3	0.0529	0	0	0	5914.2989	0	0	
demographic.indicators136	1.49E-3	0.0386	0	0	0	8850.375	0	0	
demographic.indicators137	3.3913E-3	0.0581	0	0	0	2143.9009	0	0	
demographic.indicators138	2.3733E-3	0.0487	0	0	0	8289.0939	0	0	
demographic.indicators139	3.128E-3	0.0558	0	0	0	5779.8815	0	0	
demographic.indicators140	2.2427E-3	0.0473	0	0	0	8194.8935	0	0	
demographic.indicators141	2.5527E-3	0.0505	0	0	0	3378.2715	0	0	
demographic.indicators142	1.9993E-3	0.0447	0	0	0	8164.3369	0	0	
demographic.indicators143	1.8347E-3	0.0428	0	0	0	12346.1342	0	0	
demographic.indicators144	2.9507E-3	0.0542	0	0	0	1998.2436	0	0	
demographic.indicators145	2.1947E-3	0.0468	0	0	0	10011.9877	0	0	
demographic.indicators146	2.5647E-3	0.0506	0	0	0	4959.2632	0	0	
demographic.indicators147	1.6493E-3	0.0406	0	0	0	11527.4369	0	0	
demographic.indicators148	1.5613E-3	0.0395	0	0	0	15731.5017	0	0	
demographic.indicators149	2.4393E-3	0.0493	0	0	0	2532.0245	0	0	
demographic.indicators150	2.1273E-3	0.0461	0	0	0	4868.2555	0	0	
demographic.indicators151	2.4313E-3	0.0492	0	0	0	8306.2645	0	0	
demographic.indicators152	1.764E-3	0.042	0	0	0	15146.6785	0	0	
demographic.indicators153	1.246E-3	0.0353	0	0	0	22577.7997	0	0	
demographic.indicators154	2.452E-3	0.0495	0	0	0	7722.4154	0	0	
demographic.indicators155	2.012E-3	0.0448	0	0	0	6142.3088	0	0	
demographic.indicators156	1.6793E-3	0.0409	0	0	0	8770.8203	0	0	
demographic.indicators157	1.5127E-3	0.0389	0	0	0	22411.7648	0	0	
demographic.indicators158	2.172E-3	0.0466	0	0	0	2999.3347	0	0	
demographic.indicators159	1.908E-3	0.0436	0	0	0	7451.0186	0	0	
demographic.indicators160	1.674E-3	0.0409	0	0	0	12000.7605	0	0	
demographic.indicators161	1.0733E-3	0.0327	0	0	0	46471.7262	0	0	
demographic.indicators162	2.9473E-3	0.0542	0	0	0	5264.148	0	0	
demographic.indicators163	9.24E-4	0.0304	0	0	0	57350.1519	0	0	
demographic.indicators164	2.172E-3	0.0466	0	0	0	9604.9367	0	0	
demographic.indicators165	1.3847E-3	0.0372	0	0	0	27480.9067	0	0	
demographic.indicators166	1.1787E-3	0.0343	0	0	0	48194.9778	0	0	
demographic.indicators167	1.1813E-3	0.0344	0	0	0	62379.9985	0	0	
demographic.indicators168	1.2267E-3	0.035	0	0	0	44820.9493	0	0	
demographic.indicators169	1.2647E-3	0.0355	0	0	0	40306.972	0	0	
demographic.indicators170	1.43E-3	0.0378	0	0	0	19295.2252	0	0	
demographic.indicators171	2.102E-3	0.0458	0	0	0	10878.8901	0	0	
demographic.indicators172	1.0827E-3	0.0329	0	0	0	66408.2594	0	0	
demographic.indicators173	1.434E-3	0.0378	0	0	0	33639.6301	0	0	
demographic.indicators174	1.6067E-3	0.0401	0	0	0	17122.2512	0	0	
demographic.indicators175	1.6067E-3	0.0401	0	0	0	17941.3549	0	0	
demographic.indicators176	1.7687E-3	0.042	0	0	0	15353.783	0	0	
demographic.indicators177	1.3227E-3	0.0363	0	0	0	54549.4439	0	0	
demographic.indicators178	1.16E-3	0.034	0	0	0	48790.6849	0	0	
demographic.indicators179	1.7493E-3	0.0418	0	0	0	21013.5506	0	0	
demographic.indicators180	1.2753E-3	0.0357	0	0	0	31876.847	0	0	
demographic.indicators181	2.1173E-3	0.046	0	0	0	14690.201	0	0	
demographic.indicators182	1.292E-3	0.0359	0	0	0	38023.7022	0	0	
demographic.indicators183	1.378E-3	0.0371	0	0	0	57955.3916	0	0	
demographic.indicators184	1.6287E-3	0.0403	0	0	0	31128.2605	0	0	
demographic.indicators185	1.4287E-3	0.0378	0	0	0	80685.4625	0	0	
demographic.indicators186	1.4313E-3	0.0378	0	0	0	52820.7289	0	0	
demographic.indicators187	1.6153E-3	0.0402	0	0	0	70931.6763	0	0	
demographic.indicators188	1.7433E-3	0.0417	0	0	0	40912.3929	0	0	
demographic.indicators189	1.8087E-3	0.0425	0	0	0	29731.3594	0	0	
demographic.indicators190	1.9967E-3	0.0446	0	0	0	58170.9223	0	0	
demographic.indicators191	2.534E-3	0.0503	0	0	0	48011.0638	0	0	
demographic.indicators192	2.4767E-3	0.0497	0	0	0	72781.3978	0	0	
demographic.indicators193	2.6387E-3	0.0513	0	0	0	61802.7224	0	0	
demographic.indicators194	3.0747E-3	0.0554	0	0	0	54591.08	0	0	
demographic.indicators195	4.3633E-3	0.0659	0	0	0	9665.6202	0	0	
demographic.indicators196	5.418E-3	0.0734	0	0	0	42832.1751	0	0	
demographic.indicators197	9.352E-3	0.0963	0	0	0	12244.1974	0	0	
demographic.indicators198	0.0137	0.1163	0	0	0	11213.1816	0	0	
demographic.indicators199	0.0245	0.1545	0	0	0	3099.5567	0	0	
kappa	2.3402	0.1573	2.3351	2.0345	2.6494	40658.5403	2.225	2.4352	
frequencies1	0.2701	0.0104	0.27	0.2499	0.2905	26719.896	0.263	0.277	
frequencies2	0.2218	9.4603E-3	0.2217	0.2038	0.2408	15944.5988	0.2149	0.2276	
frequencies3	0.1797	8.5335E-3	0.1796	0.1634	0.1968	25815.8709	0.1733	0.1848	
frequencies4	0.3284	0.0113	0.3283	0.3065	0.3505	14977.525	0.3208	0.3359	
alpha	0.5096	0.0429	0.5075	0.4272	0.5948	61784.11	0.4772	0.5339	
default.ucld.mean	1.2703E-3	4.2319E-4	1.1998E-3	5.3759E-4	2.1831E-3	449.3562	8.6519E-4	1.34E-3	
default.ucld.stdev	6.5219E-3	5.0591E-3	5.0937E-3	8.6062E-4	0.0158	505.6914	2.0838E-3	5.6401E-3	
host_groups.ucld.mean	0.0106	3.095E-3	0.0103	4.9186E-3	0.0168	764.5922	7.9523E-3	0.012	
host_groups.ucld.stdev	0.0152	0.0151	0.0112	5.5473E-8	0.0431	1088.2049	5.5473E-8	0.0112	
default.meanRate	9.9645E-4	2.0653E-4	9.9213E-4	5.9696E-4	1.4063E-3	452.6109	8.552E-4	1.1287E-3	
default.coefficientOfVariation	3.1143	0.7335	3.0346	1.839	4.5583	479.7601	2.3602	3.3549	
default.covariance	0.2863	0.1554	0.2691	0.0181	0.5799	434.3283	0.1083	0.3183	
host_groups.meanRate	0.0114	3.8126E-3	0.0109	4.6619E-3	0.0189	920.3166	8.0351E-3	0.0126	
host_groups.coefficientOfVariation	1.2567	0.935	1.0724	6.5711E-6	3.0483	794.0842	6.5711E-6	1.0724	
host_groups.covariance	-0.0049	0.0479	-0.0101	-0.0932	0.0942	23026.8058	-0.047	0.0119	
host_groups.rates.Amaranthaceae.Brassicaceae	0.8683	0.8157	0.6432	4.865E-5	2.4348	15769.5933	1.1422E-3	0.6441	
host_groups.rates.Amaranthaceae.Fabaceae	1.1863	0.995	0.9516	2.5089E-5	3.105	2751.4818	5.1154E-5	0.9516	
host_groups.rates.Amaranthaceae.Poaceae	0.9219	0.7326	0.7465	4.6705E-5	2.3126	10759.4995	0.1523	0.8571	
host_groups.rates.Amaranthaceae.Solanaceae	0.894	0.8596	0.6557	3.8925E-5	2.5622	17757.8723	6.7493E-5	0.6557	
host_groups.rates.Brassicaceae.Fabaceae	0.9004	0.9379	0.6048	3.3565E-5	2.7693	19670.8025	4.7598E-5	0.6048	
host_groups.rates.Brassicaceae.Poaceae	1.6121	0.8594	1.4501	0.2534	3.3043	13859.4535	0.7247	1.7026	
host_groups.rates.Brassicaceae.Solanaceae	0.8684	0.8321	0.6344	1.3031E-4	2.4764	18391.5512	1.1135E-3	0.6351	
host_groups.rates.Fabaceae.Poaceae	1.1408	0.7634	0.9943	5.2224E-5	2.5736	7578.3049	0.3722	1.2202	
host_groups.rates.Fabaceae.Solanaceae	0.9692	0.7935	0.7904	7.3011E-5	2.4518	11656.5477	0.1434	0.9211	
host_groups.rates.Poaceae.Solanaceae	0.9096	0.8112	0.7	5.0044E-5	2.4539	17886.6351	2.3914E-4	0.7001	
host_groups.rates.Brassicaceae.Amaranthaceae	0.904	0.962	0.5887	6.9057E-6	2.8447	18774.3344	6.9057E-6	0.5887	
host_groups.rates.Fabaceae.Amaranthaceae	1.0459	0.7284	0.9035	1.1703E-5	2.3986	8145.1152	0.3213	1.1079	
host_groups.rates.Poaceae.Amaranthaceae	0.8487	0.7874	0.6303	6.7593E-6	2.3664	18955.8632	0.0263	0.6538	
host_groups.rates.Solanaceae.Amaranthaceae	0.8249	0.7693	0.6126	1.5444E-5	2.2981	9552.935	0.0254	0.6378	
host_groups.rates.Fabaceae.Brassicaceae	0.8249	0.7422	0.6341	5.8487E-5	2.2147	21673.8452	0.0991	0.7199	
host_groups.rates.Poaceae.Brassicaceae	0.835	0.7809	0.6206	1.1244E-5	2.3263	21287.1767	0.0506	0.6673	
host_groups.rates.Solanaceae.Brassicaceae	0.8601	0.8991	0.5761	2.395E-5	2.6553	19169.6858	3.6146E-5	0.5761	
host_groups.rates.Poaceae.Fabaceae	1.504	1.0426	1.3148	7.6614E-5	3.4776	2717.898	0.3672	1.6061	
host_groups.rates.Solanaceae.Fabaceae	1.0888	0.8825	0.8894	9.5326E-6	2.7746	5597.0004	3.2252E-5	0.8894	
host_groups.rates.Solanaceae.Poaceae	0.8858	0.9416	0.5794	5.4755E-6	2.7782	16907.2775	4.9555E-6	0.5794	
host_groups.indicators.Amaranthaceae.Brassicaceae	0.5155	0.4998	1	0	1	1656.3	1	1	
host_groups.indicators.Amaranthaceae.Fabaceae	0.5458	0.4979	1	0	1	940.0781	1	1	
host_groups.indicators.Amaranthaceae.Poaceae	0.8116	0.391	1	0	1	2231.8883	1	1	
host_groups.indicators.Amaranthaceae.Solanaceae	0.408	0.4915	0	0	1	1074.5748	0	0	
host_groups.indicators.Brassicaceae.Fabaceae	0.2148	0.4107	0	0	1	4059.0378	0	0	
host_groups.indicators.Brassicaceae.Poaceae	0.9999	9.6949E-3	1	1	1	32980.7488	1	1	
host_groups.indicators.Brassicaceae.Solanaceae	0.4795	0.4996	0	0	1	4183.5441	0	0	
host_groups.indicators.Fabaceae.Poaceae	0.8672	0.3394	1	0	1	2001.813	1	1	
host_groups.indicators.Fabaceae.Solanaceae	0.6207	0.4852	1	0	1	1115.7969	1	1	
host_groups.indicators.Poaceae.Solanaceae	0.5775	0.494	1	0	1	2555.4569	1	1	
host_groups.indicators.Brassicaceae.Amaranthaceae	0.14	0.347	0	0	1	37377.5652	0	0	
host_groups.indicators.Fabaceae.Amaranthaceae	0.8051	0.3961	1	0	1	1124.8448	1	1	
host_groups.indicators.Poaceae.Amaranthaceae	0.6088	0.488	1	0	1	2213.3172	1	1	
host_groups.indicators.Solanaceae.Amaranthaceae	0.6471	0.4779	1	0	1	1421.8594	1	1	
host_groups.indicators.Fabaceae.Brassicaceae	0.6309	0.4826	1	0	1	1847.9298	1	1	
host_groups.indicators.Poaceae.Brassicaceae	0.6055	0.4888	1	0	1	3449.1343	1	1	
host_groups.indicators.Solanaceae.Brassicaceae	0.2826	0.4503	0	0	1	5592.9212	0	0	
host_groups.indicators.Poaceae.Fabaceae	0.8338	0.3723	1	0	1	1196.6093	1	1	
host_groups.indicators.Solanaceae.Fabaceae	0.6652	0.4719	1	0	1	1222.4978	1	1	
host_groups.indicators.Solanaceae.Poaceae	0.1949	0.3961	0	0	1	18172.948	0	0	
host_groups.nonZeroRates	11.4544	1.989	11	8	15	2928.8039	10	12	
default.treeLikelihood	-6995.8962	13.5046	-6995.5596	-7022.4703	-6969.88	1500.3554	-7004.1886	-6985.9326	
default.branchRates	-2382.6079	0	0	0	0	NaN	0	0	
host_groups.branchRates	-2382.6079	0	0	0	0	NaN	0	0	
c_host_groups.count[1]	44.1437	6.3461	44	33	56	2354.8969	39	46	
c_allTransitions[1]	44.1394	6.343	44	33	56	2351.2424	39	46	
coalescent	-1134.454	43.9743	-1132.6893	-1219.9666	-1047.0868	437.4767	-1159.601	-1101.4726	

