burnIn   <= 25000000,   maxState  = 100000000
statistic	mean	stdErr	median	hpdLower	hpdUpper	ESS	50hpdLower	50hpdUpper
joint	-15541.8265	139.5799	-15534.9826	-15818.8194	-15275.1636	236.8583	-15627.1175	-15435.7108	
prior	-7342.4828	139.9044	-7337.6056	-7618.6037	-7079.8057	234.1929	-7433.5988	-7240.091	
likelihood	-8199.3437	18.383	-8199.1989	-8235.3791	-8163.5426	688.8823	-8211.3652	-8186.4261	
treeModel.rootHeight	91.6035	27.8167	85.7124	47.222	145.8788	258.4353	64.8939	95.1166	
age(root)	1931.3965	27.8167	1937.2876	1877.1212	1975.778	258.4353	1927.8834	1958.1061	
treeLength	2243.9802	338.8686	2248.2639	1608.9478	2867.1399	206.05	2067.4629	2543.644	
tmrca(ingroup)	91.6035	27.8167	85.7124	47.222	145.8788	258.4353	64.8939	95.1166	
age(ingroup)	1931.3965	27.8167	1937.2876	1877.1212	1975.778	258.4353	1927.8834	1958.1061	
demographic.populationSizeChanges	3.4191	0.6349	3	3	5	741.9992	3	3	
demographic.populationMean	267.648	223.8396	198.9858	32.1354	679.7683	237.4879	71.8177	216.9213	
demographic.popSize1	155.6756	160.9416	101.9751	3.7693	485.8751	246.9672	6.8914	103.9729	
demographic.popSize2	270.2077	426.406	135.2849	5.1556E-3	965.6041	758.1531	3.5123E-3	135.2849	
demographic.popSize3	267.9627	412.2993	136.2956	6.7451E-3	974.7999	769.261	0.1221	136.3695	
demographic.popSize4	271.0453	434.0014	134.7195	0.0119	985.1431	709.361	0.0717	134.7385	
demographic.popSize5	269.5685	433.5264	135.8721	8.9366E-3	961.6815	735.5488	8.9366E-3	135.8721	
demographic.popSize6	261.6506	403.6701	137.6214	0.0246	899.251	755.2336	0.0626	137.6391	
demographic.popSize7	265.4084	413.9741	133.0635	4.0505E-3	955.7563	723.7407	4.0505E-3	133.0635	
demographic.popSize8	260.5017	422.7444	129.808	7.7948E-3	927.3427	776.2601	7.7948E-3	129.808	
demographic.popSize9	267.0019	415.3292	133.9701	7.9014E-3	969.3774	722.1701	7.9014E-3	133.9701	
demographic.popSize10	273.4572	440.6125	136.5162	0.0375	998.0705	752.1854	0.0375	136.5162	
demographic.popSize11	263.2989	400.1423	137.3565	0.0315	940.1611	793.2696	0.0324	137.3599	
demographic.popSize12	253.8971	399.5671	127.3076	3.8265E-3	896.6686	780.8563	0.047	127.3205	
demographic.popSize13	265.2831	440.5205	133.2056	2.2855E-3	923.0978	792.4262	4.8301E-3	133.2056	
demographic.popSize14	258.0246	388.2509	130.3894	9.4229E-4	929.1392	745.775	9.4229E-4	130.3894	
demographic.popSize15	245.284	394.2683	117.8814	8.4247E-3	887.4197	690.0908	8.4247E-3	117.8814	
demographic.popSize16	253.2061	408.7029	124.0452	0.0133	932.2933	728.5895	0.0515	124.0452	
demographic.popSize17	259.4713	403.9922	130.2395	6.862E-3	942.3313	791.2633	0.0685	130.2595	
demographic.popSize18	267.2811	440.8602	132.3701	0.0168	950.4963	713.4645	0.027	132.3701	
demographic.popSize19	171.8347	319.8812	59.7365	8.8615E-3	702.847	582.243	0.0817	59.782	
demographic.popSize20	255.6615	418.8855	120.6195	2.795E-3	938.3598	705.3048	0.0165	120.63	
demographic.popSize21	228.6688	416.5078	102.1058	6.212E-3	848.9049	656.2749	6.212E-3	102.1058	
demographic.popSize22	250.6177	422.1642	117.8833	7.0502E-3	931.5567	711.1431	0.0857	117.9607	
demographic.popSize23	264.0045	397.7668	132.8178	5.8117E-3	943.5221	716.1102	0.0719	132.8828	
demographic.popSize24	266.1978	414.777	133.9017	3.4002E-3	941.4187	759.5698	0.032	133.9095	
demographic.popSize25	262.6645	411.0835	135.3177	2.4195E-3	920.1445	734.696	0.0444	135.3204	
demographic.popSize26	268.1247	417.2499	138.5117	7.8719E-3	947.5526	746.5249	0.0218	138.5117	
demographic.popSize27	264.2051	395.8524	137.8907	8.6795E-3	935.2714	740.3005	8.6795E-3	137.8907	
demographic.popSize28	269.9709	422.8649	136.6883	0.0584	947.372	747.4533	0.0369	136.6883	
demographic.popSize29	274.374	427.4833	141.8488	0.0163	964.7592	736.1122	7.7487E-3	141.8488	
demographic.popSize30	268.132	398.597	137.5745	5.7376E-3	964.9953	743.7475	0.0197	137.5745	
demographic.popSize31	274.9849	436.8979	139.3614	2.3737E-3	976.211	741.6212	2.3737E-3	139.3614	
demographic.popSize32	265.5144	388.3989	140.2014	9.2927E-3	920.3939	814.5408	0.0113	140.2019	
demographic.popSize33	272.4113	417.6364	138.5288	0.0142	955.2378	782.2885	0.0142	138.5288	
demographic.popSize34	269.6342	414.0196	139.5605	0.0268	957.9524	786.8065	0.0101	139.5605	
demographic.popSize35	268.5966	398.0869	138.7881	0.0572	965.9014	783.4487	0.0466	138.8012	
demographic.popSize36	267.9501	415.522	138.8968	0.0782	945.744	770.4384	0.0934	138.9619	
demographic.popSize37	278.5495	440.6391	140.0126	0.012	978.1026	747.0679	0.0749	140.0191	
demographic.popSize38	274.085	419.4633	142.2713	0.017	954.2143	815.2475	0.079	142.2713	
demographic.popSize39	275.8459	412.9345	138.4801	2.833E-4	1005.2527	688.0743	2.833E-4	138.4801	
demographic.popSize40	278.0797	437.6266	141.0853	0.0131	992.9844	763.8975	0.1183	141.1315	
demographic.popSize41	268.5881	407.081	138.1204	3.2539E-3	947.5234	734.4441	3.2539E-3	138.1204	
demographic.popSize42	270.2414	409.9306	138.0442	0.0304	955.3453	775.6519	0.0304	138.0442	
demographic.popSize43	272.139	443.0892	137.2235	0.0104	965.2143	744.6683	0.0104	137.2235	
demographic.popSize44	271.6623	391.615	144.5324	7.0903E-3	930.7717	759.7267	7.0903E-3	144.5324	
demographic.popSize45	270.5654	395.2181	139.7296	1.7872E-3	987.0471	744.489	0.1411	139.8097	
demographic.popSize46	270.3869	413.0246	140.1417	0.0201	935.7061	845.4169	0.0201	140.1417	
demographic.popSize47	268.749	405.3358	139.754	7.4335E-5	934.3209	761.0681	0.0616	139.7753	
demographic.popSize48	276.923	430.2083	140.3076	6.5504E-3	970.916	725.7258	6.7839E-3	140.3076	
demographic.popSize49	274.649	418.0864	138.5087	5.8161E-4	990.498	677.0619	5.8161E-4	138.5087	
demographic.popSize50	275.8753	416.5596	140.6295	1.6193E-3	970.0611	720.9293	0.0593	140.6295	
demographic.popSize51	271.2986	420.8295	136.9784	0.0201	947.3385	750.7213	1.4196E-3	136.9784	
demographic.popSize52	273.1088	406.1706	140.3826	0.0137	969.4301	751.1991	0.1023	140.4187	
demographic.popSize53	276.8335	437.0459	144.8204	0.021	986.333	747.1254	0.0367	144.8204	
demographic.popSize54	266.9807	395.4933	141.066	0.0378	974.0979	808.2894	0.0443	141.0887	
demographic.popSize55	278.5312	408.3044	140.2972	4.9586E-3	1017.4944	674.7506	4.9586E-3	140.2972	
demographic.popSize56	270.8077	419.2404	143.7556	0.0107	940.7464	798.6723	0.1267	143.8387	
demographic.popSize57	279.8021	423.5434	143.4723	0.0241	959.0507	734.2107	0.0241	143.4723	
demographic.popSize58	266.3451	387.5191	138.3475	8.3396E-3	948.7354	733.534	0.1253	138.394	
demographic.popSize59	271.5796	394.1933	140.487	0.0264	950.6555	783.3357	7.7909E-3	140.487	
demographic.popSize60	275.5878	427.699	140.8706	0.0115	961.9576	844.1691	0.1516	140.9997	
demographic.popSize61	269.1976	427.9885	136.481	0.0552	977.3065	746.3944	0.1691	136.5343	
demographic.popSize62	276.106	422.1102	139.8095	0.0531	981.4223	713.0083	0.0167	139.8095	
demographic.popSize63	271.9295	415.2509	143.2368	0.015	937.9143	739.5091	0.0115	143.2368	
demographic.popSize64	275.2021	436.1107	141.0672	0.0203	942.7492	772.3929	0.1283	141.1005	
demographic.popSize65	267.8868	448.0258	136.1901	9.4716E-3	927.261	850.4017	0.0269	136.1986	
demographic.popSize66	281.3848	436.2032	140.027	0.0133	1002.2973	731.1867	0.0351	140.0486	
demographic.popSize67	271.6701	419.0147	140.393	0.0122	980.8888	727.1607	0.0181	140.393	
demographic.popSize68	277.2784	409.8627	147.6232	0.0114	948.2965	745.229	0.019	147.6232	
demographic.popSize69	271.7852	406.2045	139.1131	5.2539E-3	966.8335	702.9057	5.2539E-3	139.1131	
demographic.popSize70	280.2865	421.2625	141.415	8.9579E-3	952.5719	716.2024	0.0149	141.415	
demographic.popSize71	277.5692	403.969	139.649	0.0239	1012.4112	681.7681	0.0239	139.649	
demographic.popSize72	270.3964	433.9234	137.0421	3.4863E-3	949.9112	770.4028	3.4863E-3	137.0421	
demographic.popSize73	285.2757	413.654	142.3263	0.037	1092.2737	617.1946	0.037	142.3263	
demographic.popSize74	269.2297	396.2234	140.3885	0.0161	938.0602	844.3219	0.0197	140.3914	
demographic.popSize75	293.9615	420.1803	147.261	8.4512E-4	1056.5394	587.7263	8.4512E-4	147.261	
demographic.popSize76	292.1402	452.9287	144.1184	2.7553E-3	1019.1151	600.9917	0.0372	144.1184	
demographic.popSize77	278.4985	423.3786	144.313	2.2796E-3	942.0161	742.6051	0.0216	144.313	
demographic.popSize78	263.3104	397.5793	133.5459	1.7824E-3	915.9579	715.7022	1.7824E-3	133.5459	
demographic.popSize79	289.2976	457.8054	141.3153	0.0156	1054.8227	639.108	0.0456	141.3181	
demographic.popSize80	276.068	429.2882	141.0127	6.4849E-3	951.5735	732.3119	6.4849E-3	141.0127	
demographic.popSize81	263.6141	393.5371	137.646	8.3356E-3	943.6926	799.7374	0.1415	137.7416	
demographic.popSize82	274.9114	416.8718	143.0187	0.0174	953.5809	748.0072	0.0174	143.0187	
demographic.popSize83	270.347	405.6847	139.8989	2.2458E-3	937.5209	759.4064	2.2458E-3	139.8989	
demographic.popSize84	277.7535	419.2495	140.35	0.0395	1002.322	694.0226	0.0384	140.35	
demographic.popSize85	270.3055	403.1519	138.5131	0.0144	961.3917	723.9449	0.0194	138.5131	
demographic.popSize86	264.3873	402.612	132.1539	5.4497E-3	939.6432	684.0936	0.0163	132.1615	
demographic.popSize87	270.6154	393.7276	138.8358	0.064	947.103	685.1859	0.0616	138.8598	
demographic.popSize88	270.8519	418.2932	139.9167	1.9166E-3	945.5415	668.6075	9.7224E-3	139.9167	
demographic.popSize89	274.1833	406.2593	138.5175	2.3975E-3	998.7409	684.4618	2.3975E-3	138.5175	
demographic.popSize90	269.9683	398.3443	137.0991	0.0204	956.3336	762.4056	0.1155	137.1614	
demographic.popSize91	269.7887	433.815	134.2717	0.0422	961.4432	795.9994	0.0884	134.2951	
demographic.popSize92	276.8408	430.7051	140.8156	0.0355	979.2331	766.6296	0.0355	140.8156	
demographic.popSize93	269.4382	428.4971	135.975	0.0143	955.0936	833.5966	9.5733E-3	135.975	
demographic.popSize94	265.4672	406.637	138.4155	0.017	949.5732	768.7862	0.0497	138.4155	
demographic.popSize95	256.3377	401.4463	126.3303	0.0159	915.62	711.4688	0.0236	126.3303	
demographic.popSize96	257.1625	394.8007	131.2697	0.0198	888.9742	778.712	6.2028E-3	131.2697	
demographic.popSize97	266.1034	409.2076	135.0803	0.0198	930.6792	774.8798	0.0198	135.0803	
demographic.popSize98	275.0352	437.6505	137.2635	0.0256	983.7984	733.5059	0.0207	137.277	
demographic.popSize99	265.3343	421.9944	132.5494	9.9619E-3	927.5801	758.2981	9.9619E-3	132.5494	
demographic.popSize100	265.1714	389.3064	134.7368	0.0173	964.6533	788.2429	0.0173	134.7368	
demographic.popSize101	271.3023	425.2959	134.3563	0.0182	965.8395	816.8133	0.0139	134.3563	
demographic.popSize102	271.7624	419.2514	138.6727	3.5897E-4	964.2206	742.3138	0.0503	138.6727	
demographic.popSize103	268.6363	414.4483	136.3881	4.9823E-3	931.5184	719.2599	0.0562	136.405	
demographic.popSize104	268.8748	422.0662	130.308	4.2788E-3	964.4355	753.3832	0.0672	130.329	
demographic.popSize105	265.4149	386.6454	136.6733	7.9476E-3	960.2419	749.5526	7.9476E-3	136.6733	
demographic.popSize106	265.0463	425.2592	132.3152	2.1228E-3	927.596	779.569	2.1228E-3	132.3152	
demographic.popSize107	262.3414	396.4018	134.3447	3.5376E-3	948.0644	751.3197	3.5376E-3	134.3447	
demographic.popSize108	265.9356	394.17	136.2626	0.0139	955.0604	825.5922	0.0465	136.2653	
demographic.popSize109	262.7457	385.7919	136.9121	0.0147	926.0654	760.0016	9.6901E-3	136.9121	
demographic.popSize110	267.3334	440.169	135.3779	0.0193	926.4306	868.995	0.0296	135.3779	
demographic.popSize111	253.4571	357.6287	133.0734	0.0232	910.7357	831.5817	0.0679	133.0734	
demographic.popSize112	267.6362	410.6453	135.1813	2.4802E-3	928.006	761.538	0.0203	135.1934	
demographic.popSize113	268.1294	416.4982	133.5962	6.9562E-3	987.7163	754.7617	0.0245	133.5962	
demographic.popSize114	256.6659	392.4392	131.4955	7.504E-3	903.132	850.9168	7.504E-3	131.4955	
demographic.popSize115	267.5382	423.9653	134.6292	1.1062E-3	970.9706	681.8458	0.0762	134.692	
demographic.popSize116	266.5941	414.4417	134.6579	0.0139	970.7313	725.6492	4.3434E-3	134.6579	
demographic.popSize117	264.7491	420.1325	133.2506	4.3311E-4	927.2803	726.511	4.3311E-4	133.2506	
demographic.popSize118	266.0258	412.4648	136.0074	9.5602E-3	923.4816	754.4557	9.5602E-3	136.0074	
demographic.popSize119	263.0464	424.3007	132.2185	0.0316	931.3223	753.0487	0.0316	132.2185	
demographic.popSize120	263.3021	409.4601	133.6774	6.7908E-3	935.8215	793.9218	6.7908E-3	133.6774	
demographic.popSize121	256.452	388.4995	129.5523	6.7881E-3	919.0428	774.5245	6.7881E-3	129.5523	
demographic.popSize122	259.7466	391.5789	132.5018	5.2493E-3	910.3594	849.4788	5.2493E-3	132.5018	
demographic.popSize123	265.2569	407.8639	133.6432	3.5791E-3	949.4808	716.7201	0.0124	133.6432	
demographic.popSize124	264.327	403.0959	134.3146	8.3971E-3	934.4018	777.7051	0.0554	134.3401	
demographic.popSize125	259.7926	393.5978	129.7442	0.0144	934.0997	726.2239	0.1698	129.8657	
demographic.popSize126	265.107	421.7523	130.6098	0.012	973.216	741.0828	0.1125	130.6737	
demographic.popSize127	257.5739	395.2851	131.191	0.0175	932.9721	799.2389	0.0175	131.191	
demographic.popSize128	267.7302	417.1502	135.5901	0.0161	950.1962	762.6766	0.1385	135.6401	
demographic.popSize129	264.5601	422.59	135.9615	0.0178	922.5369	806.9796	7.0318E-3	135.9615	
demographic.popSize130	258.4497	391.3211	132.4839	0.0354	921.0298	744.1758	0.1569	132.6009	
demographic.popSize131	268.4071	411.6931	134.7362	4.2717E-3	971.5883	749.6745	0.019	134.7362	
demographic.popSize132	266.3958	409.8251	134.8923	0.0191	947.2919	772.4602	0.0237	134.8923	
demographic.popSize133	258.9367	402.472	131.661	6.6947E-3	931.7493	752.3185	0.1702	131.803	
demographic.popSize134	260.9383	399.641	133.2444	1.6179E-3	938.089	758.1028	1.6179E-3	133.2444	
demographic.popSize135	269.4352	410.9167	138.8503	0.0124	951.9095	761.0915	3.5506E-3	138.8503	
demographic.popSize136	267.9432	407.322	136.8481	0.0111	959.7208	718.3163	0.0865	136.9115	
demographic.popSize137	273.8148	438.9025	137.379	9.2536E-4	993.7534	716.726	9.2536E-4	137.379	
demographic.popSize138	265.1842	408.708	134.4446	0.0142	925.002	777.7223	0.0142	134.4446	
demographic.popSize139	260.654	383.7911	134.1409	1.0915E-3	939.001	741.8041	0.0235	134.1511	
demographic.popSize140	261.4618	396.8673	134.018	8.5837E-3	942.4873	720.9109	8.5837E-3	134.018	
demographic.popSize141	263.995	386.646	135.3152	0.0161	957.8435	782.5364	0.2554	135.5019	
demographic.popSize142	264.9599	407.415	134.6181	0.0137	953.3222	808.8087	0.0137	134.6181	
demographic.popSize143	261.6597	401.7502	132.8069	0.0189	924.6698	779.2529	0.0128	132.8069	
demographic.popSize144	265.9141	424.0689	133.3352	0.0134	928.0104	701.337	0.0134	133.3352	
demographic.popSize145	268.3292	403.6369	138.1972	0.018	959.1409	832.6035	0.0566	138.2093	
demographic.popSize146	265.5008	421.7014	136.7595	0.0248	929.2158	815.8781	0.1208	136.8111	
demographic.popSize147	270.6544	419.4292	136.4548	0.018	973.5626	696.1415	0.0204	136.4548	
demographic.popSize148	268.8563	414.6824	136.5782	2.7743E-4	946.1168	774.7227	2.7155E-3	136.5782	
demographic.popSize149	265.5713	414.5456	134.1635	0.0247	947.9639	721.322	0.0262	134.1692	
demographic.popSize150	265.1619	402.6102	137.7056	2.3624E-3	935.9814	789.3682	0.0258	137.7063	
demographic.popSize151	271.8981	427.5831	134.3045	1.5292E-3	971.9246	706.642	1.5292E-3	134.3045	
demographic.popSize152	260.3479	397.4862	131.6487	5.4709E-3	939.5573	786.6808	5.4709E-3	131.6487	
demographic.popSize153	260.1919	379.5844	138.3081	0.0292	931.4731	774.9576	0.1595	138.4119	
demographic.popSize154	268.4057	410.6059	134.889	2.9177E-3	959.8781	739.7775	2.9177E-3	134.889	
demographic.popSize155	264.329	415.4679	132.3913	0.0443	961.1844	749.5262	0.0339	132.3913	
demographic.popSize156	262.8522	397.8706	134.8249	0.0226	948.2052	851.3628	0.0226	134.8249	
demographic.popSize157	265.8281	404.8462	134.9583	2.8632E-3	929.908	784.9514	0.0477	134.9595	
demographic.popSize158	263.6316	397.3318	134.3544	0.0385	941.9324	769.1805	0.0357	134.3544	
demographic.popSize159	268.8345	420.2265	132.0626	2.4975E-3	965.1271	711.0025	2.4975E-3	132.0626	
demographic.popSize160	268.4739	412.9002	133.0663	1.0332E-3	986.9842	756.8034	0.015	133.0736	
demographic.popSize161	263.7475	409.6955	133.3832	0.0219	942.7553	717.1012	0.0219	133.3832	
demographic.popSize162	264.567	400.9811	135.0277	7.235E-3	936.541	795.5347	0.0847	135.0435	
demographic.popSize163	263.0353	410.4712	132.9336	1.3238E-3	927.5728	790.1245	0.0654	132.9336	
demographic.popSize164	261.507	407.9088	133.1371	3.4257E-4	930.5594	799.346	3.4257E-4	133.1371	
demographic.popSize165	266.8499	405.3979	133.8203	0.0191	960.8881	695.9362	0.0191	133.8203	
demographic.popSize166	269.4015	419.1971	138.6397	8.0941E-3	955.3831	804.4101	0.0247	138.6397	
demographic.popSize167	267.2627	433.8947	132.6721	5.9433E-4	946.8663	755.7615	0.1061	132.7529	
demographic.popSize168	270.8251	417.8061	137.0172	0.0194	980.3153	723.5701	0.0194	137.0172	
demographic.popSize169	260.182	402.2006	133.8207	0.0117	933.3602	785.0007	0.027	133.8228	
demographic.popSize170	263.2063	400.8538	134.8609	0.0364	933.3643	742.8711	0.0364	134.8609	
demographic.popSize171	270.286	423.996	133.874	0.023	976.3533	707.6177	0.023	133.8893	
demographic.popSize172	259.1739	380.1174	131.4362	1.1867E-3	954.438	767.8572	1.1867E-3	131.4362	
demographic.popSize173	271.2688	423.5163	137.8081	0.0147	950.6984	717.02	0.0147	137.8081	
demographic.popSize174	261.4985	403.962	134.1179	8.2527E-3	925.9217	746.9176	8.2527E-3	134.1179	
demographic.popSize175	260.4396	389.1234	131.3366	0.0523	926.7337	721.3132	0.0849	131.3831	
demographic.popSize176	269.5014	426.0571	136.1735	1.9141E-3	960.4176	711.5	1.9141E-3	136.1735	
demographic.popSize177	263.4345	446.5593	131.4295	0.0119	922.4198	719.7195	0.0134	131.4295	
demographic.popSize178	258.9971	392.9807	132.1717	0.0234	921.3811	815.9571	0.0172	132.1717	
demographic.popSize179	269.463	431.8741	136.9145	1.0358E-3	965.3952	799.9172	1.0358E-3	136.9145	
demographic.popSize180	267.1612	419.787	133.056	0.0277	953.2956	704.7461	0.0277	133.056	
demographic.popSize181	267.0298	406.5407	132.4741	1.1931E-3	968.1326	764.2933	6.6726E-3	132.4741	
demographic.popSize182	261.4176	389.6919	134.1474	2.6084E-3	934.4809	808.1845	2.6084E-3	134.1474	
demographic.popSize183	260.0101	413.0748	128.2396	0.0178	937.8438	720.3436	0.0365	128.2479	
demographic.popSize184	261.0403	398.77	131.3892	0.0132	931.1592	848.1657	0.0138	131.3892	
demographic.popSize185	269.8936	421.8519	135.7281	5.2453E-3	969.5999	736.877	4.5964E-3	135.7281	
demographic.popSize186	268.5825	441.3673	130.6262	1.4968E-3	952.2721	705.9544	0.0538	130.6518	
demographic.popSize187	271.3951	425.8261	135.2788	0.0321	961.1541	758.6324	0.0994	135.3526	
demographic.popSize188	260.7109	396.3616	131.9433	0.013	935.3006	746.0562	0.0545	131.9722	
demographic.popSize189	262.6382	388.7004	132.716	3.0983E-5	938.0123	758.2623	0.1374	132.7837	
demographic.popSize190	269.6278	426.077	137.8865	1.4586E-3	950.0044	755.502	3.5419E-3	137.8865	
demographic.popSize191	266.8955	417.1046	131.5497	6.8709E-4	962.6921	746.2364	0.016	131.5497	
demographic.popSize192	268.1286	417.9408	133.2093	0.0313	968.8448	757.2781	0.0636	133.2128	
demographic.popSize193	272.2201	429.3685	137.7015	0.0133	984.0883	759.388	0.0133	137.7015	
demographic.popSize194	267.0287	432.0299	132.7235	0.0343	951.7926	794.2687	0.0343	132.7235	
demographic.popSize195	267.2794	406.9217	136.6848	3.9675E-3	953.1393	740.5415	5.1243E-3	136.6848	
demographic.popSize196	265.7369	411.378	135.2516	7.6149E-3	942.6727	782.7358	7.6149E-3	135.2516	
demographic.popSize197	259.9263	391.883	133.4708	0.0219	916.6683	736.3499	0.0676	133.51	
demographic.popSize198	263.8051	409.2582	133.8032	0.0225	952.2586	723.2717	0.0225	133.8032	
demographic.popSize199	262.6139	413.9519	131.7498	0.029	938.466	722.3793	0.1613	131.8154	
demographic.popSize200	262.0855	409.9101	132.3244	5.2154E-3	927.3453	758.8121	0.0437	132.3266	
demographic.indicators1	3.3973E-3	0.0582	0	0	0	3751.1218	0	0	
demographic.indicators2	2.4973E-3	0.0499	0	0	0	2328.0549	0	0	
demographic.indicators3	0.0218	0.146	0	0	0	203.4487	0	0	
demographic.indicators4	7.5467E-3	0.0865	0	0	0	459.4861	0	0	
demographic.indicators5	7.5627E-3	0.0866	0	0	0	323.4795	0	0	
demographic.indicators6	0.0154	0.1232	0	0	0	322.853	0	0	
demographic.indicators7	0.0519	0.2219	0	0	1	197.5839	0	0	
demographic.indicators8	4.0173E-3	0.0633	0	0	0	751.2056	0	0	
demographic.indicators9	0.0146	0.1198	0	0	0	269.4954	0	0	
demographic.indicators10	1.3693E-3	0.037	0	0	0	1317.3722	0	0	
demographic.indicators11	0.0395	0.1949	0	0	0	224.0026	0	0	
demographic.indicators12	0.0133	0.1148	0	0	0	297.9277	0	0	
demographic.indicators13	0.0245	0.1545	0	0	0	305.183	0	0	
demographic.indicators14	0.0644	0.2454	0	0	1	218.0311	0	0	
demographic.indicators15	0.0473	0.2123	0	0	0	239.9166	0	0	
demographic.indicators16	0.0336	0.1802	0	0	0	244.6756	0	0	
demographic.indicators17	0.0459	0.2093	0	0	0	254.213	0	0	
demographic.indicators18	0.2858	0.4518	0	0	1	197.5661	0	0	
demographic.indicators19	0.0722	0.2587	0	0	1	206.4207	0	0	
demographic.indicators20	0.1297	0.336	0	0	1	196.1682	0	0	
demographic.indicators21	0.081	0.2729	0	0	1	209.3446	0	0	
demographic.indicators22	0.0167	0.1281	0	0	0	252.4292	0	0	
demographic.indicators23	0.032	0.176	0	0	0	264.7195	0	0	
demographic.indicators24	0.0229	0.1494	0	0	0	275.6929	0	0	
demographic.indicators25	5.3867E-3	0.0732	0	0	0	1952.6567	0	0	
demographic.indicators26	7.548E-3	0.0866	0	0	0	919.9073	0	0	
demographic.indicators27	8.2013E-3	0.0902	0	0	0	1146.704	0	0	
demographic.indicators28	0.0204	0.1414	0	0	0	326.859	0	0	
demographic.indicators29	9.048E-3	0.0947	0	0	0	511.3753	0	0	
demographic.indicators30	4.5787E-3	0.0675	0	0	0	1532.894	0	0	
demographic.indicators31	9.0427E-3	0.0947	0	0	0	479.2588	0	0	
demographic.indicators32	6.3053E-3	0.0792	0	0	0	886.2522	0	0	
demographic.indicators33	0.0123	0.1101	0	0	0	451.1041	0	0	
demographic.indicators34	8.3173E-3	0.0908	0	0	0	672.7852	0	0	
demographic.indicators35	0.014	0.1177	0	0	0	366.2926	0	0	
demographic.indicators36	0.0119	0.1086	0	0	0	481.3124	0	0	
demographic.indicators37	0.0151	0.122	0	0	0	358.7189	0	0	
demographic.indicators38	0.011	0.1045	0	0	0	382.8413	0	0	
demographic.indicators39	0.0178	0.1323	0	0	0	313.4644	0	0	
demographic.indicators40	0.0119	0.1086	0	0	0	514.2688	0	0	
demographic.indicators41	0.0122	0.1099	0	0	0	387.0405	0	0	
demographic.indicators42	0.011	0.1043	0	0	0	530.8975	0	0	
demographic.indicators43	0.0177	0.1319	0	0	0	527.3624	0	0	
demographic.indicators44	6.904E-3	0.0828	0	0	0	468.3789	0	0	
demographic.indicators45	0.0104	0.1014	0	0	0	465.6293	0	0	
demographic.indicators46	0.0157	0.1243	0	0	0	416.9984	0	0	
demographic.indicators47	0.0157	0.1243	0	0	0	544.9138	0	0	
demographic.indicators48	8.6227E-3	0.0925	0	0	0	843.6059	0	0	
demographic.indicators49	0.0174	0.1307	0	0	0	404.1457	0	0	
demographic.indicators50	8.596E-3	0.0923	0	0	0	1090.0031	0	0	
demographic.indicators51	0.0118	0.1079	0	0	0	798.3417	0	0	
demographic.indicators52	0.0267	0.1611	0	0	0	440.4292	0	0	
demographic.indicators53	0.0205	0.1417	0	0	0	372.2756	0	0	
demographic.indicators54	0.0307	0.1726	0	0	0	475.909	0	0	
demographic.indicators55	0.0116	0.1069	0	0	0	421.8954	0	0	
demographic.indicators56	0.0253	0.1569	0	0	0	287.1031	0	0	
demographic.indicators57	0.0127	0.1119	0	0	0	695.9519	0	0	
demographic.indicators58	0.0126	0.1114	0	0	0	505.1648	0	0	
demographic.indicators59	0.0199	0.1395	0	0	0	392.2372	0	0	
demographic.indicators60	0.0145	0.1196	0	0	0	517.2205	0	0	
demographic.indicators61	0.0233	0.1507	0	0	0	341.8613	0	0	
demographic.indicators62	0.0114	0.106	0	0	0	732.2132	0	0	
demographic.indicators63	0.0193	0.1376	0	0	0	518.7666	0	0	
demographic.indicators64	8.1067E-3	0.0897	0	0	0	734.1571	0	0	
demographic.indicators65	0.0136	0.1157	0	0	0	477.2602	0	0	
demographic.indicators66	0.0133	0.1145	0	0	0	530.6206	0	0	
demographic.indicators67	0.0285	0.1664	0	0	0	363.4874	0	0	
demographic.indicators68	7.92E-3	0.0886	0	0	0	1131.0515	0	0	
demographic.indicators69	0.0213	0.1445	0	0	0	433.7795	0	0	
demographic.indicators70	0.0319	0.1757	0	0	0	373.7595	0	0	
demographic.indicators71	0.0108	0.1032	0	0	0	612.7923	0	0	
demographic.indicators72	0.0288	0.1673	0	0	0	290.6921	0	0	
demographic.indicators73	0.0113	0.1055	0	0	0	716.7423	0	0	
demographic.indicators74	0.0434	0.2037	0	0	0	255.8615	0	0	
demographic.indicators75	0.0341	0.1815	0	0	0	344.847	0	0	
demographic.indicators76	0.0281	0.1651	0	0	0	333.5643	0	0	
demographic.indicators77	0.0299	0.1702	0	0	0	375.4948	0	0	
demographic.indicators78	0.0296	0.1696	0	0	0	341.231	0	0	
demographic.indicators79	0.0216	0.1454	0	0	0	374.9251	0	0	
demographic.indicators80	6.9893E-3	0.0833	0	0	0	638.6361	0	0	
demographic.indicators81	0.0222	0.1474	0	0	0	529.363	0	0	
demographic.indicators82	9.4627E-3	0.0968	0	0	0	959.6387	0	0	
demographic.indicators83	0.019	0.1367	0	0	0	407.9441	0	0	
demographic.indicators84	0.0105	0.1021	0	0	0	553.2634	0	0	
demographic.indicators85	0.0243	0.154	0	0	0	315.6343	0	0	
demographic.indicators86	0.0212	0.1439	0	0	0	329.1147	0	0	
demographic.indicators87	7.1373E-3	0.0842	0	0	0	859.1012	0	0	
demographic.indicators88	0.015	0.1216	0	0	0	389.5969	0	0	
demographic.indicators89	0.0144	0.1191	0	0	0	486.6437	0	0	
demographic.indicators90	0.0149	0.121	0	0	0	507.2073	0	0	
demographic.indicators91	0.0234	0.1511	0	0	0	401.8733	0	0	
demographic.indicators92	8.4027E-3	0.0913	0	0	0	1039.596	0	0	
demographic.indicators93	0.0111	0.1048	0	0	0	857.6041	0	0	
demographic.indicators94	0.0328	0.1782	0	0	0	270.7243	0	0	
demographic.indicators95	0.0202	0.1408	0	0	0	346.1032	0	0	
demographic.indicators96	0.0223	0.1475	0	0	0	341.2856	0	0	
demographic.indicators97	5.4693E-3	0.0738	0	0	0	1978.6435	0	0	
demographic.indicators98	0.0133	0.1147	0	0	0	459.6784	0	0	
demographic.indicators99	7.6947E-3	0.0874	0	0	0	917.942	0	0	
demographic.indicators100	6.4787E-3	0.0802	0	0	0	1042.3579	0	0	
demographic.indicators101	9.2653E-3	0.0958	0	0	0	475.487	0	0	
demographic.indicators102	7.2813E-3	0.085	0	0	0	761.9749	0	0	
demographic.indicators103	0.0167	0.1282	0	0	0	519.0192	0	0	
demographic.indicators104	8.48E-3	0.0917	0	0	0	433.78	0	0	
demographic.indicators105	9.6453E-3	0.0977	0	0	0	815.8466	0	0	
demographic.indicators106	6.8427E-3	0.0824	0	0	0	905.3902	0	0	
demographic.indicators107	7.624E-3	0.087	0	0	0	866.7076	0	0	
demographic.indicators108	0.0128	0.1124	0	0	0	444.5838	0	0	
demographic.indicators109	9.3133E-3	0.0961	0	0	0	420.0495	0	0	
demographic.indicators110	0.0225	0.1484	0	0	0	304.1538	0	0	
demographic.indicators111	9.464E-3	0.0968	0	0	0	523.9895	0	0	
demographic.indicators112	5.488E-3	0.0739	0	0	0	980.1711	0	0	
demographic.indicators113	0.0209	0.1431	0	0	0	402.792	0	0	
demographic.indicators114	0.0124	0.1108	0	0	0	536.3235	0	0	
demographic.indicators115	9.2773E-3	0.0959	0	0	0	728.673	0	0	
demographic.indicators116	0.0134	0.1149	0	0	0	452.0337	0	0	
demographic.indicators117	0.0121	0.1092	0	0	0	678.5542	0	0	
demographic.indicators118	6.288E-3	0.079	0	0	0	1002.7467	0	0	
demographic.indicators119	7.2373E-3	0.0848	0	0	0	1490.8663	0	0	
demographic.indicators120	0.0264	0.1603	0	0	0	326.0517	0	0	
demographic.indicators121	0.0142	0.1181	0	0	0	414.7501	0	0	
demographic.indicators122	0.0173	0.1303	0	0	0	436.0508	0	0	
demographic.indicators123	0.0111	0.1049	0	0	0	478.2801	0	0	
demographic.indicators124	0.0113	0.1059	0	0	0	538.5602	0	0	
demographic.indicators125	0.0151	0.1221	0	0	0	395.5793	0	0	
demographic.indicators126	0.0189	0.136	0	0	0	310.4401	0	0	
demographic.indicators127	7.624E-3	0.087	0	0	0	904.5458	0	0	
demographic.indicators128	6.5293E-3	0.0805	0	0	0	1829.0935	0	0	
demographic.indicators129	0.0134	0.1152	0	0	0	411.9278	0	0	
demographic.indicators130	0.0109	0.1036	0	0	0	907.2179	0	0	
demographic.indicators131	8.8133E-3	0.0935	0	0	0	830.1294	0	0	
demographic.indicators132	0.0152	0.1225	0	0	0	359.451	0	0	
demographic.indicators133	5.548E-3	0.0743	0	0	0	669.6274	0	0	
demographic.indicators134	8.9333E-3	0.0941	0	0	0	553.4223	0	0	
demographic.indicators135	5.108E-3	0.0713	0	0	0	1044.8248	0	0	
demographic.indicators136	7.4533E-3	0.086	0	0	0	828.2842	0	0	
demographic.indicators137	0.0114	0.1064	0	0	0	620.8736	0	0	
demographic.indicators138	0.0132	0.1142	0	0	0	464.8559	0	0	
demographic.indicators139	8.6773E-3	0.0927	0	0	0	1531.7077	0	0	
demographic.indicators140	9.3E-3	0.096	0	0	0	360.6397	0	0	
demographic.indicators141	9.4787E-3	0.0969	0	0	0	610.7655	0	0	
demographic.indicators142	6.2107E-3	0.0786	0	0	0	592.0638	0	0	
demographic.indicators143	0.0103	0.101	0	0	0	769.1404	0	0	
demographic.indicators144	4.964E-3	0.0703	0	0	0	1890.2402	0	0	
demographic.indicators145	0.0124	0.1106	0	0	0	364.7406	0	0	
demographic.indicators146	0.0145	0.1194	0	0	0	357.8965	0	0	
demographic.indicators147	0.0111	0.105	0	0	0	712.5456	0	0	
demographic.indicators148	6.7627E-3	0.082	0	0	0	873.341	0	0	
demographic.indicators149	4.3933E-3	0.0661	0	0	0	964.9822	0	0	
demographic.indicators150	4.0973E-3	0.0639	0	0	0	1710.0701	0	0	
demographic.indicators151	6.976E-3	0.0832	0	0	0	992.7629	0	0	
demographic.indicators152	4.2573E-3	0.0651	0	0	0	1687.1151	0	0	
demographic.indicators153	0.0122	0.11	0	0	0	545.044	0	0	
demographic.indicators154	8.4533E-3	0.0916	0	0	0	855.2904	0	0	
demographic.indicators155	9.0227E-3	0.0946	0	0	0	682.4938	0	0	
demographic.indicators156	9.872E-3	0.0989	0	0	0	742.0396	0	0	
demographic.indicators157	4.3827E-3	0.0661	0	0	0	2322.426	0	0	
demographic.indicators158	3.9973E-3	0.0631	0	0	0	1323.2764	0	0	
demographic.indicators159	9.608E-3	0.0975	0	0	0	482.0969	0	0	
demographic.indicators160	7.0253E-3	0.0835	0	0	0	1533.2791	0	0	
demographic.indicators161	5.404E-3	0.0733	0	0	0	1542.2653	0	0	
demographic.indicators162	7.0413E-3	0.0836	0	0	0	420.8274	0	0	
demographic.indicators163	0.0136	0.1159	0	0	0	261.9369	0	0	
demographic.indicators164	9.724E-3	0.0981	0	0	0	342.4099	0	0	
demographic.indicators165	0.0105	0.1021	0	0	0	767.328	0	0	
demographic.indicators166	0.0142	0.1183	0	0	0	306.4704	0	0	
demographic.indicators167	5.0027E-3	0.0706	0	0	0	966.6019	0	0	
demographic.indicators168	0.0138	0.1169	0	0	0	446.2535	0	0	
demographic.indicators169	8.0227E-3	0.0892	0	0	0	369.5528	0	0	
demographic.indicators170	5.8267E-3	0.0761	0	0	0	1976.5935	0	0	
demographic.indicators171	0.0132	0.1143	0	0	0	478.804	0	0	
demographic.indicators172	7.0947E-3	0.0839	0	0	0	1288.6787	0	0	
demographic.indicators173	0.0167	0.1282	0	0	0	351.8556	0	0	
demographic.indicators174	0.0137	0.1162	0	0	0	534.3616	0	0	
demographic.indicators175	0.0281	0.1653	0	0	0	353.0963	0	0	
demographic.indicators176	0.0254	0.1572	0	0	0	304.0643	0	0	
demographic.indicators177	7.656E-3	0.0872	0	0	0	1137.6642	0	0	
demographic.indicators178	8.532E-3	0.092	0	0	0	1362.4885	0	0	
demographic.indicators179	0.0152	0.1222	0	0	0	306.5572	0	0	
demographic.indicators180	0.021	0.1434	0	0	0	516.6374	0	0	
demographic.indicators181	8.7053E-3	0.0929	0	0	0	651.1802	0	0	
demographic.indicators182	0.0258	0.1584	0	0	0	343.1583	0	0	
demographic.indicators183	0.0274	0.1632	0	0	0	385.1813	0	0	
demographic.indicators184	0.0153	0.1226	0	0	0	1006.8744	0	0	
demographic.indicators185	0.0224	0.148	0	0	0	524.3043	0	0	
demographic.indicators186	7.568E-3	0.0867	0	0	0	1055.1466	0	0	
demographic.indicators187	0.0153	0.1228	0	0	0	701.6612	0	0	
demographic.indicators188	0.0111	0.1045	0	0	0	678.4073	0	0	
demographic.indicators189	0.0134	0.1151	0	0	0	415.0582	0	0	
demographic.indicators190	0.0138	0.1168	0	0	0	711.6639	0	0	
demographic.indicators191	0.0128	0.1124	0	0	0	667.9095	0	0	
demographic.indicators192	6.8747E-3	0.0826	0	0	0	1890.1263	0	0	
demographic.indicators193	0.0128	0.1123	0	0	0	598.0459	0	0	
demographic.indicators194	9.1267E-3	0.0951	0	0	0	2387.7977	0	0	
demographic.indicators195	0.011	0.1042	0	0	0	1108.8527	0	0	
demographic.indicators196	0.0128	0.1125	0	0	0	983.466	0	0	
demographic.indicators197	0.0212	0.1442	0	0	0	573.9714	0	0	
demographic.indicators198	0.029	0.1679	0	0	0	361.0489	0	0	
demographic.indicators199	0.0248	0.1555	0	0	0	458.8236	0	0	
kappa	2.3148	0.1452	2.3106	2.0368	2.6019	33013.961	2.2095	2.4048	
frequencies1	0.2805	0.01	0.2805	0.2601	0.2995	11274.5854	0.2733	0.2869	
frequencies2	0.2058	8.598E-3	0.2058	0.1887	0.2224	12646.3388	0.1998	0.2113	
frequencies3	0.1937	8.3014E-3	0.1936	0.1777	0.2101	11227.9637	0.1879	0.199	
frequencies4	0.32	0.0107	0.3199	0.2985	0.3408	10533.2693	0.3134	0.3278	
alpha	0.4851	0.0374	0.4834	0.4111	0.5573	38163.9859	0.4533	0.5034	
default.ucld.mean	1.7314E-3	5.2498E-4	1.6447E-3	9.1296E-4	2.7784E-3	245.4801	1.1478E-3	1.8031E-3	
default.ucld.stdev	0.0162	0.0114	0.013	2.9573E-3	0.0376	327.3708	4.5808E-3	0.014	
host.ucld.mean	0.0178	4.3182E-3	0.0171	0.0106	0.0266	313.4078	0.0135	0.0187	
host.ucld.stdev	4.6621E-3	4.1286E-3	3.5716E-3	4.5271E-8	0.0127	1250.9889	5.2564E-7	3.572E-3	
default.meanRate	1.0038E-3	1.6629E-4	9.7862E-4	7.2002E-4	1.3434E-3	226.5062	8.306E-4	1.0398E-3	
default.coefficientOfVariation	2.8295	0.5695	2.7373	1.9124	3.8942	288.2362	2.3049	2.9282	
default.covariance	0.1231	0.0728	0.112	-0.005	0.2639	283.8192	0.045	0.1392	
host.meanRate	0.018	4.3961E-3	0.0173	0.0106	0.0268	317.4779	0.0135	0.0189	
host.coefficientOfVariation	0.2598	0.2131	0.2087	3.2211E-6	0.673	1531.5756	1.4695E-5	0.2087	
host.covariance	-0.0019	0.0494	-0.0022	-0.0987	0.095	21811.6031	-0.0356	0.031	
host.rates.Amaranthaceae.Brassicaceae	0.921	0.9787	0.6082	1.5858E-5	2.8864	4835.1174	1.5858E-5	0.6082	
host.rates.Amaranthaceae.Fabaceae	0.9154	0.9817	0.5943	5.3718E-7	2.8964	4813.8506	5.9692E-7	0.5943	
host.rates.Amaranthaceae.Poaceae	0.6357	0.5712	0.4819	6.9866E-4	1.6829	2554.5818	0.0797	0.5365	
host.rates.Amaranthaceae.Solanaceae	0.8813	0.9448	0.5757	4.5489E-5	2.7856	5244.1437	4.9478E-5	0.5757	
host.rates.Brassicaceae.Fabaceae	0.8903	0.9331	0.5953	8.0535E-5	2.763	4743.5308	1.2903E-3	0.5961	
host.rates.Brassicaceae.Poaceae	0.9354	0.9446	0.6486	5.622E-5	2.783	2801.6273	6.0325E-5	0.6486	
host.rates.Brassicaceae.Solanaceae	0.9071	0.8525	0.6675	5.9698E-6	2.565	2650.6112	6.3557E-6	0.6675	
host.rates.Fabaceae.Poaceae	0.8783	0.9519	0.564	1.1089E-5	2.7877	4689.4755	1.1089E-5	0.564	
host.rates.Fabaceae.Solanaceae	0.8168	0.8502	0.5526	3.1496E-5	2.4844	4351.9404	4.178E-5	0.5526	
host.rates.Poaceae.Solanaceae	1.6298	0.7617	1.5254	0.3338	3.1844	1685.629	0.8923	1.8263	
host.rates.Brassicaceae.Amaranthaceae	0.8232	0.8554	0.562	2E-4	2.5238	4040.5403	3.3407E-4	0.5621	
host.rates.Fabaceae.Amaranthaceae	0.7879	0.8786	0.4975	8.1423E-5	2.5581	4598.9669	8.5312E-5	0.4975	
host.rates.Poaceae.Amaranthaceae	1.6422	0.7128	1.5336	0.4598	3.083	3124.4012	0.9449	1.805	
host.rates.Solanaceae.Amaranthaceae	0.77	0.835	0.5076	2.131E-4	2.4265	4293.6262	5.0395E-4	0.5077	
host.rates.Fabaceae.Brassicaceae	0.7553	0.7419	0.5508	3.8188E-5	2.1668	4361.9403	0.0254	0.5727	
host.rates.Poaceae.Brassicaceae	1.5693	0.7157	1.4679	0.3686	3.0453	2474.3474	0.8935	1.7642	
host.rates.Solanaceae.Brassicaceae	0.8314	0.8594	0.5707	5.1931E-5	2.5308	3980.2045	7.325E-4	0.571	
host.rates.Poaceae.Fabaceae	1.4901	0.6778	1.3846	0.37	2.8568	2620.9558	0.8154	1.6295	
host.rates.Solanaceae.Fabaceae	0.8112	0.7486	0.6138	1.8395E-4	2.2306	5208.6631	0.0689	0.6713	
host.rates.Solanaceae.Poaceae	0.903	0.9246	0.6173	2.6655E-5	2.7483	3421.3292	2.6092E-5	0.6173	
host.indicators.Amaranthaceae.Brassicaceae	0.0922	0.2893	0	0	1	5055.1881	0	0	
host.indicators.Amaranthaceae.Fabaceae	0.1077	0.31	0	0	1	7730.8552	0	0	
host.indicators.Amaranthaceae.Poaceae	0.8703	0.336	1	0	1	1206.6007	1	1	
host.indicators.Amaranthaceae.Solanaceae	0.135	0.3418	0	0	1	5071.0057	0	0	
host.indicators.Brassicaceae.Fabaceae	0.2345	0.4237	0	0	1	2471.7105	0	0	
host.indicators.Brassicaceae.Poaceae	0.2776	0.4478	0	0	1	980.5774	0	0	
host.indicators.Brassicaceae.Solanaceae	0.4453	0.497	0	0	1	707.6101	0	0	
host.indicators.Fabaceae.Poaceae	0.1597	0.3663	0	0	1	4350.0511	0	0	
host.indicators.Fabaceae.Solanaceae	0.3874	0.4872	0	0	1	1889.3449	0	0	
host.indicators.Poaceae.Solanaceae	0.9855	0.1196	1	1	1	470.9772	1	1	
host.indicators.Brassicaceae.Amaranthaceae	0.3952	0.4889	0	0	1	985.7503	0	0	
host.indicators.Fabaceae.Amaranthaceae	0.3177	0.4656	0	0	1	1662.2815	0	0	
host.indicators.Poaceae.Amaranthaceae	0.9973	0.0521	1	1	1	1194.1983	1	1	
host.indicators.Solanaceae.Amaranthaceae	0.4467	0.4972	0	0	1	1430.0901	0	0	
host.indicators.Fabaceae.Brassicaceae	0.5724	0.4947	1	0	1	944.6921	1	1	
host.indicators.Poaceae.Brassicaceae	0.9862	0.1169	1	1	1	466.7778	1	1	
host.indicators.Solanaceae.Brassicaceae	0.3744	0.484	0	0	1	1553.2471	0	0	
host.indicators.Poaceae.Fabaceae	0.9919	0.0894	1	1	1	402.5937	1	1	
host.indicators.Solanaceae.Fabaceae	0.6152	0.4865	1	0	1	788.2935	1	1	
host.indicators.Solanaceae.Poaceae	0.2738	0.4459	0	0	1	1728.736	0	0	
host.nonZeroRates	9.6661	1.6835	9	7	13	701.6383	7	9	
default.treeLikelihood	-7888.3962	13.7663	-7888.0216	-7915.5202	-7861.7562	958.1109	-7897.091	-7878.4924	
default.branchRates	-2382.6079	0	0	0	0	NaN	0	0	
host.branchRates	-2382.6079	0	0	0	0	NaN	0	0	
c_host.count[1]	110.1556	7.1034	109	97	124	614.9804	104	112	
c_allTransitions[1]	110.1555	7.1039	109	97	124	615.7123	104	112	
coalescent	-1245.0001	35.6088	-1246.1601	-1312.8724	-1178.3402	220.9291	-1277.9801	-1225.5227	

