burnIn   <= 25000000,   maxState  = 100000000
statistic	mean	stdErr	median	hpdLower	hpdUpper	ESS	50hpdLower	50hpdUpper
joint	-15060.6199	161.7677	-15050.6072	-15400.5922	-14764.2801	232.2358	-15139.909	-14928.8003	
prior	-7291.2922	159.9767	-7281.1052	-7635.4475	-7005.2332	230.3574	-7368.9876	-7160.6415	
likelihood	-7769.3277	18.694	-7769.2645	-7806.0553	-7732.1681	747.7566	-7781.726	-7757.0389	
treeModel.rootHeight	72.0679	15.9219	70.1531	44.4867	103.5242	272.7101	58.6947	77.6941	
age(root)	1950.9321	15.9219	1952.8469	1919.4758	1978.5133	272.7101	1945.3059	1964.3053	
treeLength	1944.6477	334.1968	1921.9308	1238.5037	2556.3133	202.4772	1644.9883	2083.5525	
tmrca(ingroup)	72.0679	15.9219	70.1531	44.4867	103.5242	272.7101	58.6947	77.6941	
age(ingroup)	1950.9321	15.9219	1952.8469	1919.4758	1978.5133	272.7101	1945.3059	1964.3053	
demographic.populationSizeChanges	3.3769	0.6319	3	3	5	772.3113	3	3	
demographic.populationMean	230.3465	208.9894	163.6655	22.188	649.101	247.1196	59.9446	180.6616	
demographic.popSize1	236.7403	339.0647	132.7531	1.169	783.8529	284.5845	4.5167	136.0105	
demographic.popSize2	229.064	377.7011	114.7192	0.0158	807.4171	802.1987	0.0158	114.7232	
demographic.popSize3	211.7626	344.7316	101.4911	0.0163	794.4961	694.5956	0.0303	101.5018	
demographic.popSize4	231.6532	372.2139	109.1908	7.7968E-3	853.538	750.3061	7.7968E-3	109.1908	
demographic.popSize5	228.6233	373.6638	113.4903	1.4277E-3	822.7263	740.0108	0.0248	113.4903	
demographic.popSize6	224.919	373.0795	105.8092	3.7324E-3	829.7976	742.2633	8.3457E-3	105.8092	
demographic.popSize7	202.7656	335.2807	92.516	3.7198E-3	773.2397	677.4888	0.1604	92.6301	
demographic.popSize8	222.4648	382.6299	103.1608	5.98E-3	829.174	691.0685	5.98E-3	103.1608	
demographic.popSize9	224.0936	360.7753	107.5941	0.0164	826.3993	734.5891	0.0215	107.5941	
demographic.popSize10	231.9703	375.737	110.2457	9.7261E-4	864.8513	736.2161	0.025	110.2534	
demographic.popSize11	213.56	328.6884	104.2721	6.9944E-3	792.2497	799.836	0.0433	104.2964	
demographic.popSize12	217.8692	378.9813	104.6842	0.012	799.5147	784.1615	2.1816E-3	104.6842	
demographic.popSize13	218.1135	352.9925	105.8893	7.5451E-4	798.0273	707.8832	1.6375E-3	105.8893	
demographic.popSize14	208.4867	347.1302	94.0837	0.0125	787.4486	670.7204	4.4934E-4	94.0837	
demographic.popSize15	229.3744	407.8827	108.1651	7.9867E-3	825.9945	704.8221	0.0208	108.1735	
demographic.popSize16	206.199	366.905	91.4534	2.9191E-3	772.8096	640.1624	2.9191E-3	91.4534	
demographic.popSize17	209.5809	353.1279	96.1376	0.0243	783.7943	702.6083	0.0311	96.1376	
demographic.popSize18	224.6539	378.3482	104.2223	4.3567E-3	857.5706	759.6865	0.0124	104.224	
demographic.popSize19	227.7285	361.0906	109.1973	8.4579E-3	847.3827	727.4691	0.0402	109.2095	
demographic.popSize20	222.0691	364.6452	105.2848	0.0221	801.0359	747.9881	2.5743E-3	105.2848	
demographic.popSize21	234.2624	399.6931	111.074	7.2811E-3	855.1446	734.979	0.0132	111.0783	
demographic.popSize22	215.5857	353.5849	102.5719	9.7032E-3	782.4078	751.2125	0.3488	102.8809	
demographic.popSize23	219.3335	355.4551	102.1652	0.0111	833.6025	698.6664	0.0482	102.1729	
demographic.popSize24	226.3819	373.4326	110.5498	0.0223	814.9599	780.6357	0.0223	110.5498	
demographic.popSize25	226.8756	371.7144	107	2.8359E-3	843.0442	708.2273	2.8359E-3	107	
demographic.popSize26	234.7541	386.2797	112.6618	9.8608E-3	868.6204	782.9377	9.8608E-3	112.6618	
demographic.popSize27	232.5497	386.2836	114.4055	0.0102	842.4418	711.3421	0.0958	114.4765	
demographic.popSize28	229.8269	379.8748	110.8745	0.0233	836.7386	742.1588	0.0273	110.8756	
demographic.popSize29	231.7414	377.3335	113.3712	0.0268	851.5375	716.9562	0.0268	113.3885	
demographic.popSize30	233.1884	379.0695	112.1297	0.021	859.4608	725.6523	0.021	112.1297	
demographic.popSize31	233.4082	385.0912	112.6937	0.0136	845.2452	760.4519	0.0136	112.6937	
demographic.popSize32	232.4705	378.2454	114.1505	0.0485	831.53	712.408	0.0485	114.164	
demographic.popSize33	228.5685	359.0513	111.7953	6.0424E-4	848.4088	740.4923	9.537E-3	111.7953	
demographic.popSize34	230.7064	367.8277	112.4908	0.0136	850.0276	748.6398	5.6449E-4	112.4908	
demographic.popSize35	228.3979	363.3226	111.9695	0.0125	835.3853	733.6436	0.0125	111.9695	
demographic.popSize36	232.485	371.4236	116.5211	5.3869E-4	841.4753	778.439	5.3869E-4	116.5211	
demographic.popSize37	235.6674	387.2023	113.2966	0.0254	860.2828	789.3817	0.0203	113.2966	
demographic.popSize38	226.3615	360.044	110.2081	3.9605E-4	805.5116	769.6799	3.9605E-4	110.2081	
demographic.popSize39	234.7325	372.4829	114.1521	5.9956E-3	863.6952	717.2538	0.0237	114.1521	
demographic.popSize40	229.2362	361.1519	113.5143	0.018	824.8511	789.1636	0.0615	113.5265	
demographic.popSize41	232.1123	389.6376	114.4827	5.2209E-3	808.933	724.0937	5.2209E-3	114.4827	
demographic.popSize42	233.3948	384.0868	111.544	1.789E-3	851.7187	710.7536	8.3396E-3	111.544	
demographic.popSize43	228.6128	357.589	116.8508	8.836E-3	805.2932	767.9885	0.048	116.8678	
demographic.popSize44	236.5876	397.2965	115.4886	1.3252E-3	866.8015	704.6957	0.1364	115.6232	
demographic.popSize45	232.056	376.5339	112.3721	0.0114	835.245	746.0389	0.0114	112.3721	
demographic.popSize46	232.7316	383.4738	115.7966	0.0139	831.8382	700.6801	0.0947	115.8755	
demographic.popSize47	232.4516	369.588	113.3482	0.0213	864.0945	720.0903	0.0616	113.3838	
demographic.popSize48	233.5892	386.542	114.2843	7.8689E-3	837.5784	745.5962	0.0739	114.3122	
demographic.popSize49	234.9421	379.9456	113.1773	4.47E-3	870.7486	702.5226	4.133E-3	113.1773	
demographic.popSize50	233.8727	400.5314	111.8964	1.7107E-3	841.3864	747.9077	5.6101E-3	111.8984	
demographic.popSize51	240.9702	370.8718	116.6668	0.013	921.2315	667.1822	0.0718	116.7177	
demographic.popSize52	229.7431	366.6002	111.9113	0.0189	850.0031	708.1218	0.1135	111.9993	
demographic.popSize53	239.7883	404.569	116.6951	2.2273E-3	865.2825	730.9915	8.3241E-3	116.6951	
demographic.popSize54	228.007	341.9513	114.8957	8.0617E-3	836.0733	755.0651	8.0617E-3	114.8957	
demographic.popSize55	231.8689	367.4392	114.4559	6.8597E-3	818.1516	751.0637	6.8597E-3	114.4559	
demographic.popSize56	229.9951	357.848	111.9794	0.0125	864.489	724.6239	0.0129	111.9794	
demographic.popSize57	238.8863	374.3757	118.5964	9.0571E-3	872.355	685.4867	9.0571E-3	118.5964	
demographic.popSize58	235.3416	395.736	115.1064	7.1116E-3	846.852	675.9722	0.1455	115.2309	
demographic.popSize59	236.4286	377.8314	116.763	9.0932E-3	829.6297	740.7201	9.0932E-3	116.763	
demographic.popSize60	237.839	371.675	115.9189	0.0145	861.6911	693.4059	0.0145	115.9189	
demographic.popSize61	234.9363	379.4049	114.3386	0.0341	848.2982	668.4343	0.0216	114.3484	
demographic.popSize62	230.6177	362.358	115.9536	0.027	822.3415	749.5413	0.027	115.9536	
demographic.popSize63	236.1995	380.5345	119.1066	0.191	822.7001	730.1723	7.6708E-3	119.1066	
demographic.popSize64	235.6703	391.3765	116.9263	0.0156	853.634	765.6395	0.027	116.9343	
demographic.popSize65	238.0195	349.9775	122.3348	0.0247	802.3298	682.5004	0.0231	122.3348	
demographic.popSize66	238.4146	396.0666	117.0026	5.3103E-3	838.9672	725.6343	0.0342	117.0116	
demographic.popSize67	229.0138	363.7379	113.0484	0.0159	809.0756	744.7175	1.0429E-3	113.0484	
demographic.popSize68	237.1282	389.6278	117.0802	1.9661E-3	845.1994	760.0026	0.0183	117.0932	
demographic.popSize69	234.9781	383.4091	117.5126	9.1939E-3	832.9613	720.9058	8.6144E-3	117.5126	
demographic.popSize70	231.7683	355.6137	115.117	0.172	865.0658	724.5266	0.0233	115.1221	
demographic.popSize71	226.4439	345.4389	116.0692	2.2768E-3	828.6279	722.7548	0.011	116.0692	
demographic.popSize72	239.2227	381.0497	116.5838	7.9905E-3	879.2234	698.3394	0.0288	116.5838	
demographic.popSize73	240.0833	375.4577	114.9031	4.9674E-3	877.9578	699.9478	4.9674E-3	114.9031	
demographic.popSize74	229.5817	376.0345	114.4274	9.7947E-3	810.9646	721.5911	0.1194	114.5132	
demographic.popSize75	230.7144	374.9396	116.9403	1.79E-3	825.2249	708.6618	0.0733	116.9952	
demographic.popSize76	238.3175	412.5182	113.9134	0.0242	860.3705	758.8176	0.0242	113.9134	
demographic.popSize77	239.194	392.9088	113.4857	0.0424	868.9702	686.191	3.2957E-3	113.4857	
demographic.popSize78	230.8166	374.1053	114.7914	1.9235E-4	813.5624	784.1184	0.0498	114.8116	
demographic.popSize79	236.1237	382.3754	117.3191	5.7152E-3	829.4073	708.0083	3.2303E-3	117.3191	
demographic.popSize80	231.9193	379.6358	113.2134	0.0313	810.7044	781.0672	0.0465	113.224	
demographic.popSize81	229.5374	365.4589	115.2778	9.4748E-3	820.2443	805.2102	0.0737	115.3179	
demographic.popSize82	229.4741	375.1578	111.5104	6.2239E-3	829.7104	754.6491	0.0202	111.5104	
demographic.popSize83	230.4458	362.7158	113.823	0.0264	836.9183	740.9771	0.0264	113.8264	
demographic.popSize84	236.4356	376.2857	118.146	0.0183	844.9067	746.9999	0.0435	118.1475	
demographic.popSize85	231.2398	360.9427	116.6291	5.6689E-5	839.2221	751.2597	5.6689E-5	116.6291	
demographic.popSize86	232.2663	373.068	112.3654	0.0155	829.5102	710.2219	0.0308	112.3735	
demographic.popSize87	240.2817	378.5287	118.7438	0.0122	860.9791	661.0284	0.0298	118.7491	
demographic.popSize88	239.0113	392.2717	117.708	4.8818E-3	847.1762	691.6616	0.0169	117.7133	
demographic.popSize89	226.4562	359.8621	114.265	0.023	812.1828	788.1721	0.023	114.265	
demographic.popSize90	234.3288	379.2601	113.2419	0.0119	856.9102	673.3547	0.0119	113.2419	
demographic.popSize91	229.023	357.8459	114.01	5.5633E-3	836.4753	731.6302	5.5633E-3	114.01	
demographic.popSize92	236.5945	370.4885	116.2814	4.8738E-4	837.1291	761.6628	4.8738E-4	116.2814	
demographic.popSize93	233.6126	377.6699	114.8771	3.4988E-5	829.7114	760.3925	0.0328	114.8886	
demographic.popSize94	231.4464	364.1394	113.0748	5.3217E-3	833.0377	736.1367	5.3217E-3	113.0748	
demographic.popSize95	235.3317	393.8892	114.5377	0.0114	840.9088	732.6011	0.0114	114.5377	
demographic.popSize96	231.7255	356.8094	115.7678	4.2818E-3	824.6224	733.0393	4.2818E-3	115.7678	
demographic.popSize97	230.0795	363.6903	115.2368	0.0138	798.338	681.7026	0.0138	115.2451	
demographic.popSize98	230.3825	379.1072	111.695	1.0302E-3	830.1844	797.5963	1.0302E-3	111.695	
demographic.popSize99	235.2309	385.8283	114.7476	0.0207	867.8284	765.8511	0.0207	114.7476	
demographic.popSize100	230.7852	351.1721	117.2252	3.5349E-3	828.5176	675.5608	0.0566	117.2286	
demographic.popSize101	231.1179	381.2182	114.618	3.8855E-4	820.2068	744.9203	2.0217E-3	114.6182	
demographic.popSize102	232.8269	371.3213	114.6592	2.3152E-4	846.1323	738.4529	2.3152E-4	114.6592	
demographic.popSize103	236.0758	385.7758	115.8949	5.974E-5	826.5954	719.3619	5.974E-5	115.8949	
demographic.popSize104	228.8513	358.4584	115.4764	3.5602E-4	823.6159	780.6712	5.4222E-3	115.4764	
demographic.popSize105	235.8949	392.1862	112.079	0.0142	867.1178	725.1227	0.0142	112.079	
demographic.popSize106	227.2914	367.879	113.2715	0.0111	812.696	827.8179	1.1015E-3	113.2715	
demographic.popSize107	227.5418	363.5043	112.5669	7.301E-3	817.9204	752.6852	0.0362	112.593	
demographic.popSize108	229.1147	372.9274	112.6821	0.0429	835.679	775.6102	0.0495	112.6821	
demographic.popSize109	230.6083	371.2393	111.8236	9.6388E-3	834.5225	758.9053	9.6388E-3	111.8241	
demographic.popSize110	233.1532	378.4551	114.7759	9.9132E-4	834.7918	721.4471	9.9132E-4	114.7759	
demographic.popSize111	236.1072	379.7605	114.8994	1.9761E-3	835.538	753.0194	8.4312E-3	114.9037	
demographic.popSize112	231.4507	379.3408	116.9852	2.4134E-3	806.1175	700.2455	1.6825E-3	116.9852	
demographic.popSize113	236.4201	380.6155	114.6219	6.0048E-4	855.7831	735.945	6.0048E-4	114.6219	
demographic.popSize114	228.3099	363.8428	111.1629	0.0139	815.9847	728.5555	0.0116	111.1629	
demographic.popSize115	228.2719	360.6298	112.3713	5.2101E-3	825.4922	768.432	5.2101E-3	112.3713	
demographic.popSize116	236.375	397.0814	114.0715	0.0102	862.6821	695.2154	0.0114	114.0715	
demographic.popSize117	230.5661	368.2325	110.5055	4.3664E-3	852.2272	747.629	4.3664E-3	110.5055	
demographic.popSize118	230.2251	369.4036	112.2572	0.0133	842.2755	747.3591	0.0133	112.2572	
demographic.popSize119	225.6861	356.1907	112.1184	6.45E-3	825.5925	817.6701	8.4381E-3	112.1184	
demographic.popSize120	229.1028	379.2215	110.0262	0.0215	830.5623	765.6961	0.0349	110.0359	
demographic.popSize121	227.9601	363.4999	112.9783	0.0112	816.2345	753.7092	0.0169	112.9805	
demographic.popSize122	228.7552	363.9481	110.947	0.0101	836.0731	759.2467	0.0101	110.947	
demographic.popSize123	230.0626	394.1261	109.4696	0.0103	823.9559	757.8578	0.0103	109.4696	
demographic.popSize124	223.3062	354.9495	111.7404	0.0433	796.4796	821.4122	8.6547E-3	111.7404	
demographic.popSize125	229.6619	378.5136	113.2709	3.4327E-4	832.2723	793.6022	3.4327E-4	113.2709	
demographic.popSize126	231.2307	382.2207	111.1642	2.4722E-5	833.5646	738.4395	0.0886	111.2151	
demographic.popSize127	218.8474	354.1405	107.4505	2.7119E-3	803.9933	785.599	0.0225	107.4567	
demographic.popSize128	227.3362	364.3807	109.579	5.1376E-3	819.4141	740.9232	5.1376E-3	109.579	
demographic.popSize129	230.705	363.7288	111.3189	5.9892E-3	838.5744	751.6052	0.0325	111.3238	
demographic.popSize130	229.1039	389.6521	111.9792	2.7569E-3	824.7015	787.491	4.7158E-3	111.98	
demographic.popSize131	216.9903	342.8191	106.0213	8.7573E-3	789.0791	824.4603	8.7573E-3	106.0213	
demographic.popSize132	212.8265	327.0353	106.3691	0.024	777.5376	822.2211	0.024	106.3691	
demographic.popSize133	228.0583	373.1824	111.885	8.0127E-3	821.8128	729.1783	8.0127E-3	111.885	
demographic.popSize134	216.271	365.7585	101.8196	0.0229	793.8618	756.562	0.0343	101.8196	
demographic.popSize135	224.219	366.6831	105.5291	7.3281E-3	808.8938	754.6419	7.3281E-3	105.5291	
demographic.popSize136	227.1741	355.7694	110.5416	9.3661E-3	838.6616	760.8994	0.0923	110.6052	
demographic.popSize137	230.2561	377.5292	110.5553	1.3891E-4	833.5449	751.47	9.8181E-3	110.5572	
demographic.popSize138	226.8226	357.2328	110.2262	1.6013E-3	823.7821	756.9826	1.6013E-3	110.2262	
demographic.popSize139	232.0333	376.8958	111.2281	0.0116	850.0769	746.4169	0.0116	111.2281	
demographic.popSize140	225.0173	358.2556	111.108	0.0102	820.0852	792.0251	0.0492	111.144	
demographic.popSize141	224.2802	372.1048	106.7486	0.0108	827.6968	756.3453	0.0108	106.7486	
demographic.popSize142	227.7127	349.373	114.0187	0.0126	846.9331	744.0547	0.0168	114.0187	
demographic.popSize143	223.1591	356.1369	107.7695	0.0394	807.656	796.8467	0.0394	107.7695	
demographic.popSize144	225.1518	364.5179	110.364	7.9579E-4	792.6762	699.3059	7.9579E-4	110.364	
demographic.popSize145	228.3297	351.8883	112.0828	0.0296	837.8154	726.374	0.0443	112.1167	
demographic.popSize146	225.7328	363.7536	110.3323	0.0175	825.4393	745.5159	0.0343	110.3368	
demographic.popSize147	232.3806	379.4965	113.7721	6.5567E-3	841.8174	845.5853	6.9859E-3	113.7721	
demographic.popSize148	228.2072	372.1961	109.091	0.0293	826.4895	729.0144	0.0119	109.091	
demographic.popSize149	225.1951	366.6739	109.642	3.0562E-3	800.2032	759.622	8.5508E-3	109.6441	
demographic.popSize150	224.2758	386.6664	107.8648	5.0045E-3	788.4282	832.3483	5.0045E-3	107.8648	
demographic.popSize151	229.1163	366.2225	111.9853	4.2666E-3	841.6458	709.0807	4.2666E-3	111.9853	
demographic.popSize152	224.6716	361.3401	105.7672	9.2169E-4	830.0024	702.8977	9.2169E-4	105.7672	
demographic.popSize153	229.006	374.1509	109.2998	0.0222	833.2965	755.26	0.0192	109.2998	
demographic.popSize154	223.7392	358.3501	106.4	2.7594E-3	818.887	766.8525	2.7594E-3	106.4	
demographic.popSize155	228.392	371.9749	109.1057	3.8948E-3	836.6658	726.9508	0.0283	109.1057	
demographic.popSize156	227.0879	378.8049	108.9466	0.0438	819.8798	667.8367	6.3313E-3	108.9466	
demographic.popSize157	229.7265	379.2642	107.6965	3.7619E-3	845.9664	740.6783	0.0624	107.7275	
demographic.popSize158	227.7074	365.2207	108.6068	3.3693E-3	824.0076	757.5712	3.3693E-3	108.6068	
demographic.popSize159	229.286	375.9107	109.0107	5.664E-3	841.8414	721.7421	5.664E-3	109.0107	
demographic.popSize160	228.9087	365.7726	109.4839	8.2448E-3	835.7088	733.9063	0.0709	109.5247	
demographic.popSize161	225.1845	397.2607	107.7742	6.001E-3	791.072	739.3724	0.0166	107.7742	
demographic.popSize162	230.7021	392.9479	108.8681	9.0848E-3	825.496	754.8662	9.0848E-3	108.8681	
demographic.popSize163	229.4684	373.4861	109.8166	5.1884E-3	837.7022	735.2652	5.1884E-3	109.8166	
demographic.popSize164	226.8199	365.8663	110.014	0.056	827.2755	740.8652	0.1906	110.1808	
demographic.popSize165	230.1155	362.6845	110.8229	0.0225	850.4734	767.1678	8.1005E-3	110.8229	
demographic.popSize166	220.388	351.0167	107.3783	8.1512E-3	796.9688	801.0256	9.5455E-3	107.3783	
demographic.popSize167	234.9953	373.964	112.8524	1.5335E-3	876.5311	693.7913	1.5335E-3	112.8524	
demographic.popSize168	232.9141	402.179	111.2592	0.0402	849.9547	716.3635	0.0402	111.2592	
demographic.popSize169	228.5882	388.6108	110.5964	2.104E-4	840.0573	732.0343	0.0524	110.6096	
demographic.popSize170	227.2752	366.3512	108.1711	4.5203E-4	841.9304	686.6082	4.5203E-4	108.1711	
demographic.popSize171	229.5667	383.036	109.2206	8.2113E-3	817.4077	685.0207	8.2113E-3	109.2206	
demographic.popSize172	233.8261	391.8086	111.8334	1.3765E-4	853.8709	744.1703	1.3765E-4	111.8334	
demographic.popSize173	228.5022	382.0866	109.5953	6.3333E-3	842.5574	693.2758	6.3333E-3	109.5953	
demographic.popSize174	227.5552	375.4475	108.418	0.0321	815.7985	742.7088	0.0321	108.4218	
demographic.popSize175	231.2989	395.8977	107.7986	0.015	848.5447	696.8529	0.0138	107.7986	
demographic.popSize176	231.2263	400.5153	110.388	1.3039E-3	840.0452	730.9829	0.0842	110.4355	
demographic.popSize177	228.0857	373.7331	111.4408	2.386E-3	830.5047	727.5444	8.9336E-3	111.4408	
demographic.popSize178	228.5122	377.1031	108.8676	6.0319E-3	850.255	780.0575	6.0319E-3	108.8676	
demographic.popSize179	228.2383	363.93	108.9706	0.0144	843.6988	787.9855	0.0114	108.9706	
demographic.popSize180	229.796	389.2589	111.5363	0.02	819.5991	731.7387	0.0804	111.573	
demographic.popSize181	226.2453	383.6067	105.868	0.0361	843.6352	707.3863	0.012	105.868	
demographic.popSize182	224.7128	364.2451	109.204	8.2822E-3	812.9351	733.9524	0.049	109.2132	
demographic.popSize183	229.5872	366.3052	111.8172	0.0158	843.1867	723.695	0.0158	111.8172	
demographic.popSize184	224.5595	360.2126	105.1334	3.1384E-3	848.7641	706.6143	0.0151	105.1334	
demographic.popSize185	230.132	370.5312	109.517	0.0119	830.3837	731.2044	0.0517	109.526	
demographic.popSize186	228.937	379.0885	107.709	3.3129E-3	833.2816	669.5803	0.0496	107.7142	
demographic.popSize187	228.9609	379.2493	109.1022	0.0108	835.1884	775.7896	0.0162	109.1138	
demographic.popSize188	222.6417	355.5183	109.9738	1.0838E-3	805.2883	747.6033	6.5015E-3	109.977	
demographic.popSize189	227.2025	373.0675	109.5508	4.8317E-3	830.516	792.9984	1.8173E-3	109.5508	
demographic.popSize190	222.2943	370.4532	105.0566	6.9915E-3	822.6994	709.3324	0.1034	105.095	
demographic.popSize191	229.3701	372.0827	112.3097	4.4175E-3	822.5868	790.4141	4.4175E-3	112.3097	
demographic.popSize192	232.4607	382.4763	111.4887	8.9928E-3	835.2589	719.5291	8.9928E-3	111.4887	
demographic.popSize193	225.4615	361.3931	109.6917	4.1696E-3	813.4611	744.0911	0.0297	109.6917	
demographic.popSize194	226.0427	364.2004	107.8385	6.3663E-3	836.4897	730.7979	6.3663E-3	107.8385	
demographic.popSize195	230.1474	379.349	108.72	3.7582E-3	838.3115	708.0213	3.5247E-3	108.72	
demographic.popSize196	230.1531	373.9203	110.3965	2.082E-3	855.9488	660.8101	0.0751	110.4411	
demographic.popSize197	227.0123	367.7048	109.6629	1.443E-3	829.5676	788.5239	0.1021	109.7381	
demographic.popSize198	223.2224	365.6375	108.8516	0.0124	836.4922	796.0802	0.0194	108.8516	
demographic.popSize199	228.5326	373.6312	111.3851	0.0145	826.2829	691.1509	0.0145	111.3851	
demographic.popSize200	227.9513	374.5253	108.5785	6.7104E-3	829.3534	776.3183	6.163E-3	108.5785	
demographic.indicators1	4.5213E-3	0.0671	0	0	0	3730.546	0	0	
demographic.indicators2	0.0569	0.2317	0	0	1	219.289	0	0	
demographic.indicators3	0.0129	0.113	0	0	0	709.1634	0	0	
demographic.indicators4	0.0113	0.1056	0	0	0	515.7449	0	0	
demographic.indicators5	0.0348	0.1833	0	0	0	249.6668	0	0	
demographic.indicators6	0.0887	0.2844	0	0	1	219.5272	0	0	
demographic.indicators7	0.0413	0.1991	0	0	0	234.8141	0	0	
demographic.indicators8	0.025	0.1561	0	0	0	298.8263	0	0	
demographic.indicators9	0.0175	0.1311	0	0	0	433.8985	0	0	
demographic.indicators10	0.0456	0.2086	0	0	0	285.4073	0	0	
demographic.indicators11	0.0414	0.1992	0	0	0	298.2278	0	0	
demographic.indicators12	0.0434	0.2037	0	0	0	347.6324	0	0	
demographic.indicators13	0.0984	0.2978	0	0	1	244.6315	0	0	
demographic.indicators14	0.0265	0.1608	0	0	0	392.1872	0	0	
demographic.indicators15	0.0959	0.2945	0	0	1	231.2485	0	0	
demographic.indicators16	0.0789	0.2695	0	0	1	238.436	0	0	
demographic.indicators17	0.055	0.228	0	0	1	297.6935	0	0	
demographic.indicators18	0.0352	0.1843	0	0	0	368.8227	0	0	
demographic.indicators19	0.0325	0.1774	0	0	0	295.4184	0	0	
demographic.indicators20	0.0179	0.1324	0	0	0	405.4364	0	0	
demographic.indicators21	0.0559	0.2298	0	0	1	249.5646	0	0	
demographic.indicators22	0.0563	0.2306	0	0	1	215.9066	0	0	
demographic.indicators23	0.0155	0.1237	0	0	0	352.7366	0	0	
demographic.indicators24	0.0233	0.1509	0	0	0	225.5469	0	0	
demographic.indicators25	9.4707E-3	0.0969	0	0	0	604.4895	0	0	
demographic.indicators26	4.684E-3	0.0683	0	0	0	1012.1777	0	0	
demographic.indicators27	1.784E-3	0.0422	0	0	0	34597.5342	0	0	
demographic.indicators28	2.3413E-3	0.0483	0	0	0	8020.1787	0	0	
demographic.indicators29	3.508E-3	0.0591	0	0	0	1536.3029	0	0	
demographic.indicators30	1.5613E-3	0.0395	0	0	0	37662.1311	0	0	
demographic.indicators31	3.6227E-3	0.0601	0	0	0	1754.4573	0	0	
demographic.indicators32	1.8227E-3	0.0427	0	0	0	28786.5633	0	0	
demographic.indicators33	2.1147E-3	0.0459	0	0	0	11315.6141	0	0	
demographic.indicators34	2.8493E-3	0.0533	0	0	0	11541.843	0	0	
demographic.indicators35	2.1173E-3	0.046	0	0	0	9362.5328	0	0	
demographic.indicators36	3.472E-3	0.0588	0	0	0	1586.751	0	0	
demographic.indicators37	3.2347E-3	0.0568	0	0	0	5283.6549	0	0	
demographic.indicators38	1.4787E-3	0.0384	0	0	0	37851.9341	0	0	
demographic.indicators39	0.0106	0.1026	0	0	0	377.9007	0	0	
demographic.indicators40	7.4893E-3	0.0862	0	0	0	426.4442	0	0	
demographic.indicators41	4.0653E-3	0.0636	0	0	0	3312.5012	0	0	
demographic.indicators42	8.1467E-3	0.0899	0	0	0	442.671	0	0	
demographic.indicators43	9.42E-3	0.0966	0	0	0	757.4974	0	0	
demographic.indicators44	6.8627E-3	0.0826	0	0	0	830.2086	0	0	
demographic.indicators45	9.7773E-3	0.0984	0	0	0	518.2199	0	0	
demographic.indicators46	0.0118	0.1081	0	0	0	446.8458	0	0	
demographic.indicators47	5.9987E-3	0.0772	0	0	0	1722.6949	0	0	
demographic.indicators48	0.0177	0.1319	0	0	0	367.5895	0	0	
demographic.indicators49	9.4653E-3	0.0968	0	0	0	1141.5546	0	0	
demographic.indicators50	0.0288	0.1673	0	0	0	275.9055	0	0	
demographic.indicators51	0.0134	0.1149	0	0	0	436.9475	0	0	
demographic.indicators52	0.0292	0.1683	0	0	0	388.3615	0	0	
demographic.indicators53	0.0133	0.1144	0	0	0	437.0246	0	0	
demographic.indicators54	0.0144	0.1193	0	0	0	445.8617	0	0	
demographic.indicators55	7.3973E-3	0.0857	0	0	0	967.6242	0	0	
demographic.indicators56	0.0265	0.1607	0	0	0	366.0646	0	0	
demographic.indicators57	0.0175	0.131	0	0	0	464.9852	0	0	
demographic.indicators58	0.0159	0.125	0	0	0	539.31	0	0	
demographic.indicators59	0.0344	0.1822	0	0	0	316.151	0	0	
demographic.indicators60	0.0157	0.1241	0	0	0	333.2742	0	0	
demographic.indicators61	0.0118	0.108	0	0	0	651.3314	0	0	
demographic.indicators62	0.0164	0.1269	0	0	0	434.6982	0	0	
demographic.indicators63	0.0135	0.1155	0	0	0	897.8247	0	0	
demographic.indicators64	0.0484	0.2147	0	0	0	304.4711	0	0	
demographic.indicators65	0.0219	0.1463	0	0	0	461.2029	0	0	
demographic.indicators66	7.756E-3	0.0877	0	0	0	742.2205	0	0	
demographic.indicators67	0.0238	0.1523	0	0	0	344.1395	0	0	
demographic.indicators68	0.021	0.1435	0	0	0	542.3429	0	0	
demographic.indicators69	0.0168	0.1286	0	0	0	392.9849	0	0	
demographic.indicators70	0.0155	0.1236	0	0	0	631.6084	0	0	
demographic.indicators71	0.0105	0.102	0	0	0	417.7126	0	0	
demographic.indicators72	0.0301	0.171	0	0	0	314.887	0	0	
demographic.indicators73	8.2573E-3	0.0905	0	0	0	711.53	0	0	
demographic.indicators74	0.017	0.1292	0	0	0	420.035	0	0	
demographic.indicators75	0.0105	0.1018	0	0	0	509.5374	0	0	
demographic.indicators76	0.0204	0.1414	0	0	0	486.2499	0	0	
demographic.indicators77	9.496E-3	0.097	0	0	0	775.7081	0	0	
demographic.indicators78	0.019	0.1367	0	0	0	511.57	0	0	
demographic.indicators79	0.0127	0.1118	0	0	0	554.6488	0	0	
demographic.indicators80	8.3067E-3	0.0908	0	0	0	892.921	0	0	
demographic.indicators81	0.0102	0.1004	0	0	0	509.5244	0	0	
demographic.indicators82	9.3213E-3	0.0961	0	0	0	442.7314	0	0	
demographic.indicators83	0.0163	0.1265	0	0	0	443.5887	0	0	
demographic.indicators84	0.012	0.1089	0	0	0	501.0851	0	0	
demographic.indicators85	0.0124	0.1108	0	0	0	389.5432	0	0	
demographic.indicators86	0.0247	0.1552	0	0	0	324.9769	0	0	
demographic.indicators87	0.0201	0.1405	0	0	0	364.3772	0	0	
demographic.indicators88	0.011	0.1042	0	0	0	534.498	0	0	
demographic.indicators89	0.0158	0.1247	0	0	0	403.9147	0	0	
demographic.indicators90	7.3267E-3	0.0853	0	0	0	647.0764	0	0	
demographic.indicators91	0.0207	0.1424	0	0	0	568.0308	0	0	
demographic.indicators92	0.0146	0.1201	0	0	0	397.0504	0	0	
demographic.indicators93	0.0128	0.1122	0	0	0	532.0145	0	0	
demographic.indicators94	0.0185	0.1349	0	0	0	402.9639	0	0	
demographic.indicators95	0.0158	0.1248	0	0	0	517.9632	0	0	
demographic.indicators96	7.004E-3	0.0834	0	0	0	1439.2667	0	0	
demographic.indicators97	0.0118	0.1079	0	0	0	691.8959	0	0	
demographic.indicators98	0.0101	0.1002	0	0	0	775.7642	0	0	
demographic.indicators99	0.0208	0.1427	0	0	0	346.859	0	0	
demographic.indicators100	7.8453E-3	0.0882	0	0	0	1404.3307	0	0	
demographic.indicators101	0.0113	0.1056	0	0	0	640.9312	0	0	
demographic.indicators102	0.0217	0.1455	0	0	0	345.7848	0	0	
demographic.indicators103	0.0203	0.141	0	0	0	315.331	0	0	
demographic.indicators104	6.9147E-3	0.0829	0	0	0	825.8895	0	0	
demographic.indicators105	7.644E-3	0.0871	0	0	0	956.8073	0	0	
demographic.indicators106	9.0693E-3	0.0948	0	0	0	468.8772	0	0	
demographic.indicators107	7.5627E-3	0.0866	0	0	0	602.0077	0	0	
demographic.indicators108	7.6333E-3	0.087	0	0	0	661.4861	0	0	
demographic.indicators109	7.6947E-3	0.0874	0	0	0	529.6259	0	0	
demographic.indicators110	0.0169	0.1291	0	0	0	296.6292	0	0	
demographic.indicators111	0.017	0.1291	0	0	0	354.0432	0	0	
demographic.indicators112	9.88E-3	0.0989	0	0	0	928.3379	0	0	
demographic.indicators113	5.448E-3	0.0736	0	0	0	1619.6533	0	0	
demographic.indicators114	3.884E-3	0.0622	0	0	0	3518.3278	0	0	
demographic.indicators115	5.7787E-3	0.0758	0	0	0	1186.7709	0	0	
demographic.indicators116	0.012	0.1088	0	0	0	637.4283	0	0	
demographic.indicators117	7.3573E-3	0.0855	0	0	0	1165.5731	0	0	
demographic.indicators118	6.7293E-3	0.0818	0	0	0	1253.9947	0	0	
demographic.indicators119	0.013	0.1132	0	0	0	360.871	0	0	
demographic.indicators120	8.7253E-3	0.093	0	0	0	748.3748	0	0	
demographic.indicators121	4.084E-3	0.0638	0	0	0	2573.0193	0	0	
demographic.indicators122	4.0573E-3	0.0636	0	0	0	4596.7797	0	0	
demographic.indicators123	0.0143	0.1189	0	0	0	529.421	0	0	
demographic.indicators124	0.0153	0.1226	0	0	0	494.0472	0	0	
demographic.indicators125	6.1133E-3	0.0779	0	0	0	1710.9831	0	0	
demographic.indicators126	0.0289	0.1675	0	0	0	287.0014	0	0	
demographic.indicators127	9.452E-3	0.0968	0	0	0	471.3443	0	0	
demographic.indicators128	0.0101	0.1002	0	0	0	582.4646	0	0	
demographic.indicators129	0.0131	0.1136	0	0	0	355.7092	0	0	
demographic.indicators130	0.0281	0.1654	0	0	0	309.6621	0	0	
demographic.indicators131	0.0272	0.1627	0	0	0	225.3701	0	0	
demographic.indicators132	0.0128	0.1125	0	0	0	387.5313	0	0	
demographic.indicators133	0.0343	0.1821	0	0	0	266.2959	0	0	
demographic.indicators134	0.0205	0.1418	0	0	0	276.4663	0	0	
demographic.indicators135	4.4173E-3	0.0663	0	0	0	2767.5921	0	0	
demographic.indicators136	5.4067E-3	0.0733	0	0	0	1611.9933	0	0	
demographic.indicators137	8.7707E-3	0.0932	0	0	0	357.7216	0	0	
demographic.indicators138	9.1853E-3	0.0954	0	0	0	732.4667	0	0	
demographic.indicators139	0.0135	0.1154	0	0	0	529.8358	0	0	
demographic.indicators140	0.0281	0.1654	0	0	0	379.2067	0	0	
demographic.indicators141	5.6107E-3	0.0747	0	0	0	804.4184	0	0	
demographic.indicators142	0.0146	0.1201	0	0	0	421.4109	0	0	
demographic.indicators143	0.014	0.1175	0	0	0	371.4281	0	0	
demographic.indicators144	0.0113	0.1056	0	0	0	734.5018	0	0	
demographic.indicators145	0.02	0.14	0	0	0	359.5336	0	0	
demographic.indicators146	6.7307E-3	0.0818	0	0	0	985.4582	0	0	
demographic.indicators147	0.0187	0.1354	0	0	0	315.4878	0	0	
demographic.indicators148	0.0139	0.1171	0	0	0	382.2985	0	0	
demographic.indicators149	0.0214	0.1446	0	0	0	350.7652	0	0	
demographic.indicators150	9.532E-3	0.0972	0	0	0	819.647	0	0	
demographic.indicators151	0.0299	0.1704	0	0	0	278.7046	0	0	
demographic.indicators152	8.3267E-3	0.0909	0	0	0	488.4523	0	0	
demographic.indicators153	0.0191	0.137	0	0	0	340.7619	0	0	
demographic.indicators154	0.0161	0.126	0	0	0	430.9192	0	0	
demographic.indicators155	0.0116	0.1072	0	0	0	714.4515	0	0	
demographic.indicators156	0.0124	0.1106	0	0	0	531.1907	0	0	
demographic.indicators157	0.0106	0.1024	0	0	0	877.8923	0	0	
demographic.indicators158	0.0121	0.1095	0	0	0	473.4144	0	0	
demographic.indicators159	0.0148	0.1208	0	0	0	648.8213	0	0	
demographic.indicators160	0.0243	0.1538	0	0	0	456.1053	0	0	
demographic.indicators161	0.0121	0.1094	0	0	0	469.3085	0	0	
demographic.indicators162	9.1533E-3	0.0952	0	0	0	679.8698	0	0	
demographic.indicators163	6.452E-3	0.0801	0	0	0	709.5755	0	0	
demographic.indicators164	0.0129	0.1128	0	0	0	547.6861	0	0	
demographic.indicators165	0.0191	0.137	0	0	0	341.9071	0	0	
demographic.indicators166	8.008E-3	0.0891	0	0	0	849.752	0	0	
demographic.indicators167	4.4667E-3	0.0667	0	0	0	1057.6789	0	0	
demographic.indicators168	7.4093E-3	0.0858	0	0	0	827.167	0	0	
demographic.indicators169	0.0248	0.1557	0	0	0	391.2732	0	0	
demographic.indicators170	0.0133	0.1144	0	0	0	743.4075	0	0	
demographic.indicators171	0.0107	0.1031	0	0	0	415.3258	0	0	
demographic.indicators172	0.0124	0.1105	0	0	0	332.7663	0	0	
demographic.indicators173	0.0117	0.1074	0	0	0	562.5963	0	0	
demographic.indicators174	0.0175	0.1313	0	0	0	427.504	0	0	
demographic.indicators175	8.62E-3	0.0924	0	0	0	529.0639	0	0	
demographic.indicators176	0.0192	0.1372	0	0	0	634.24	0	0	
demographic.indicators177	0.0123	0.1102	0	0	0	479.9538	0	0	
demographic.indicators178	0.0117	0.1077	0	0	0	453.7961	0	0	
demographic.indicators179	0.0137	0.1161	0	0	0	653.7942	0	0	
demographic.indicators180	0.0277	0.1642	0	0	0	346.2098	0	0	
demographic.indicators181	0.0167	0.1283	0	0	0	406.5809	0	0	
demographic.indicators182	0.0219	0.1462	0	0	0	384.1464	0	0	
demographic.indicators183	0.0273	0.163	0	0	0	332.9608	0	0	
demographic.indicators184	0.0155	0.1236	0	0	0	488.4599	0	0	
demographic.indicators185	0.0255	0.1578	0	0	0	360.0416	0	0	
demographic.indicators186	0.0172	0.13	0	0	0	514.352	0	0	
demographic.indicators187	0.0233	0.151	0	0	0	268.5343	0	0	
demographic.indicators188	0.0147	0.1204	0	0	0	709.3454	0	0	
demographic.indicators189	0.0297	0.1698	0	0	0	342.1517	0	0	
demographic.indicators190	9.6387E-3	0.0977	0	0	0	894.8903	0	0	
demographic.indicators191	8.0067E-3	0.0891	0	0	0	1527.4058	0	0	
demographic.indicators192	0.0153	0.1226	0	0	0	375.5577	0	0	
demographic.indicators193	0.0148	0.1208	0	0	0	529.622	0	0	
demographic.indicators194	0.0131	0.1138	0	0	0	516.3486	0	0	
demographic.indicators195	0.0157	0.1243	0	0	0	942.8979	0	0	
demographic.indicators196	7.1067E-3	0.084	0	0	0	2584.8705	0	0	
demographic.indicators197	0.0171	0.1298	0	0	0	466.0099	0	0	
demographic.indicators198	9.2307E-3	0.0956	0	0	0	800.6444	0	0	
demographic.indicators199	0.0131	0.1138	0	0	0	1989.7522	0	0	
kappa	2.2023	0.1416	2.1988	1.9252	2.4765	25008.8243	2.0965	2.2862	
frequencies1	0.2808	0.0102	0.2807	0.2613	0.301	11225.4186	0.2746	0.2882	
frequencies2	0.2155	8.9394E-3	0.2154	0.198	0.2328	11836.7869	0.2095	0.2215	
frequencies3	0.1845	8.2976E-3	0.1843	0.1681	0.2007	12303.2589	0.1792	0.1903	
frequencies4	0.3192	0.0108	0.3191	0.2984	0.3403	12099.187	0.3128	0.3274	
alpha	0.5827	0.0496	0.5803	0.4874	0.6809	18806.9226	0.545	0.611	
default.ucld.mean	1.8656E-3	6.5232E-4	1.7407E-3	8.6043E-4	3.2651E-3	230.7873	1.2931E-3	1.976E-3	
default.ucld.stdev	0.029	0.0231	0.0226	3.9488E-3	0.0724	295.6809	0.0104	0.0257	
host.ucld.mean	0.0218	5.5514E-3	0.0212	0.0117	0.0328	286.3886	0.0168	0.0239	
host.ucld.stdev	7.1215E-3	6.1926E-3	5.4816E-3	2.2818E-7	0.0193	995.5622	6.2289E-7	5.4819E-3	
default.meanRate	1.0615E-3	1.9198E-4	1.0418E-3	7.0091E-4	1.4526E-3	217.537	8.9385E-4	1.1395E-3	
default.coefficientOfVariation	4.759	1.0385	4.7048	3.0032	6.7962	233.7339	3.5481	5.0192	
default.covariance	0.0263	0.0359	0.0185	-0.0217	0.0908	380.8539	-0.0095	0.026	
host.meanRate	0.0221	5.6864E-3	0.0215	0.0118	0.0333	291.6337	0.0173	0.0245	
host.coefficientOfVariation	0.3216	0.2558	0.2619	1.143E-5	0.823	1205.8567	1.5717E-5	0.2619	
host.covariance	-0.0023	0.0498	-0.0028	-0.0995	0.0962	18797.1904	-0.0368	0.0302	
host.rates.Amaranthaceae.Brassicaceae	1.0525	0.8056	0.8884	3.2254E-4	2.5425	1910.7119	0.1614	1.0343	
host.rates.Amaranthaceae.Fabaceae	1.0326	0.949	0.7701	2.7795E-5	2.8428	1581.9967	3.6243E-5	0.7701	
host.rates.Amaranthaceae.Poaceae	0.8947	0.9056	0.6178	5.2161E-4	2.6997	4997.2089	2.7684E-3	0.6195	
host.rates.Amaranthaceae.Solanaceae	0.9726	0.77	0.8047	4.3119E-4	2.3942	2892.5989	0.1587	0.9434	
host.rates.Brassicaceae.Fabaceae	0.9292	0.9617	0.6283	2.0236E-5	2.8027	3350.6572	1.3689E-4	0.6284	
host.rates.Brassicaceae.Poaceae	0.9137	0.8478	0.6853	1.1883E-4	2.5488	3409.1682	3.8169E-4	0.6855	
host.rates.Brassicaceae.Solanaceae	0.9816	0.8255	0.7916	1.43E-4	2.5219	2615.3279	3.9294E-4	0.7918	
host.rates.Fabaceae.Poaceae	1.3431	0.7005	1.2347	0.0526	2.6796	1686.5966	0.6832	1.5028	
host.rates.Fabaceae.Solanaceae	1.4253	0.7636	1.3097	0.017	2.8512	1229.3308	0.7131	1.6207	
host.rates.Poaceae.Solanaceae	0.933	0.8626	0.6956	1.3908E-5	2.6073	2989.4558	1.1493E-5	0.6956	
host.rates.Brassicaceae.Amaranthaceae	0.932	0.911	0.6675	2.0338E-5	2.6915	2065.5543	2.0338E-5	0.6675	
host.rates.Fabaceae.Amaranthaceae	1.3811	0.8129	1.2916	1.6877E-3	2.8375	1057.8626	0.6901	1.7091	
host.rates.Poaceae.Amaranthaceae	0.7858	0.9017	0.4752	5.0729E-6	2.6005	4359.9612	5.0729E-6	0.4752	
host.rates.Solanaceae.Amaranthaceae	0.8293	0.8903	0.5418	5.0668E-5	2.6104	5178.0155	9.246E-5	0.5419	
host.rates.Fabaceae.Brassicaceae	1.1348	0.7066	1.0192	3.4669E-5	2.4255	1790.1605	0.4825	1.3015	
host.rates.Poaceae.Brassicaceae	0.8215	0.8151	0.5878	1.2155E-4	2.4068	5471.5794	4.2408E-3	0.5911	
host.rates.Solanaceae.Brassicaceae	0.8951	0.7594	0.7139	3.6287E-5	2.3126	2982.2331	0.0271	0.7402	
host.rates.Poaceae.Fabaceae	0.8515	0.9198	0.5516	3.25E-5	2.6878	4914.7146	6.4622E-5	0.5516	
host.rates.Solanaceae.Fabaceae	0.8695	0.9418	0.5548	2.8486E-6	2.7669	5592.8759	2.8486E-6	0.5548	
host.rates.Solanaceae.Poaceae	1.0059	0.7482	0.8578	2.8021E-4	2.3816	3719.7508	0.2619	1.0603	
host.indicators.Amaranthaceae.Brassicaceae	0.7283	0.4448	1	0	1	678.8244	1	1	
host.indicators.Amaranthaceae.Fabaceae	0.3667	0.4819	0	0	1	508.9214	0	0	
host.indicators.Amaranthaceae.Poaceae	0.3036	0.4598	0	0	1	983.1957	0	0	
host.indicators.Amaranthaceae.Solanaceae	0.6766	0.4678	1	0	1	687.317	1	1	
host.indicators.Brassicaceae.Fabaceae	0.2683	0.4431	0	0	1	992.6857	0	0	
host.indicators.Brassicaceae.Poaceae	0.4469	0.4972	0	0	1	885.2928	0	0	
host.indicators.Brassicaceae.Solanaceae	0.6204	0.4853	1	0	1	623.941	1	1	
host.indicators.Fabaceae.Poaceae	0.9476	0.2228	1	0	1	483.1669	1	1	
host.indicators.Fabaceae.Solanaceae	0.9551	0.2071	1	1	1	546.7669	1	1	
host.indicators.Poaceae.Solanaceae	0.4966	0.5	0	0	1	1097.1232	0	0	
host.indicators.Brassicaceae.Amaranthaceae	0.4428	0.4967	0	0	1	942.3553	0	0	
host.indicators.Fabaceae.Amaranthaceae	0.8563	0.3508	1	0	1	380.7379	1	1	
host.indicators.Poaceae.Amaranthaceae	0.3105	0.4627	0	0	1	2363.6313	0	0	
host.indicators.Solanaceae.Amaranthaceae	0.3406	0.4739	0	0	1	1904.7528	0	0	
host.indicators.Fabaceae.Brassicaceae	0.8658	0.3408	1	0	1	454.6761	1	1	
host.indicators.Poaceae.Brassicaceae	0.5164	0.4997	1	0	1	1117.4009	1	1	
host.indicators.Solanaceae.Brassicaceae	0.6849	0.4646	1	0	1	722.1368	1	1	
host.indicators.Poaceae.Fabaceae	0.2796	0.4488	0	0	1	1735.7645	0	0	
host.indicators.Solanaceae.Fabaceae	0.1818	0.3856	0	0	1	4931.2944	0	0	
host.indicators.Solanaceae.Poaceae	0.7563	0.4293	1	0	1	794.1643	1	1	
host.nonZeroRates	11.045	1.6687	11	8	14	942.8616	9	11	
default.treeLikelihood	-7465.385	14.2318	-7464.9395	-7493.8482	-7437.9676	696.8847	-7473.902	-7454.8186	
default.branchRates	-2382.6079	0	0	0	0	NaN	0	0	
host.branchRates	-2382.6079	0	0	0	0	NaN	0	0	
c_host.count[1]	105.4398	6.2152	105	93	117	994.0256	98	106	
c_allTransitions[1]	105.4358	6.2156	105	93	117	997.3137	98	106	
coalescent	-1227.5582	38.0886	-1228.8686	-1301.6776	-1149.6003	217.7159	-1256.5478	-1205.9362	

