burnIn   <= 25000000,   maxState  = 100000000
statistic	mean	stdErr	median	hpdLower	hpdUpper	ESS	50hpdLower	50hpdUpper
joint	-15770.5799	174.8013	-15766.547	-16129.6337	-15431.9424	220.6681	-15861.0527	-15629.916	
prior	-7495.2651	177.44	-7492.356	-7865.1908	-7154.3869	217.9003	-7600.3176	-7365.0607	
likelihood	-8275.3148	18.5707	-8275.213	-8311.3555	-8238.7969	749.5746	-8287.5203	-8262.5129	
treeModel.rootHeight	100.6631	25.855	95.3419	62.8506	153.998	263.5192	75.4843	102.2473	
age(root)	1922.3369	25.855	1927.6581	1869.002	1960.1494	263.5192	1920.7527	1947.5157	
treeLength	3025.5399	646.5629	2933.2216	1932.8286	4339.9559	198.5762	2419.1103	3206.7513	
tmrca(ingroup)	100.6631	25.855	95.3419	62.8506	153.998	263.5192	75.4843	102.2473	
age(ingroup)	1922.3369	25.855	1927.6581	1869.002	1960.1494	263.5192	1920.7527	1947.5157	
demographic.populationSizeChanges	3.4782	0.6654	3	3	5	547.3485	3	3	
demographic.populationMean	475.8842	455.9114	331.6882	18.4522	1371.5011	245.2251	97.8532	377.4676	
demographic.popSize1	329.1119	268.747	284.4796	7.3859	808.0227	264.4353	28.6527	303.3956	
demographic.popSize2	476.8319	807.9946	218.7713	0.0156	1769.8806	741.1747	0.0156	218.7713	
demographic.popSize3	466.933	816.916	211.9584	0.0468	1723.2194	768.1602	0.0281	211.9584	
demographic.popSize4	472.8939	784.8432	220.7219	1.0894E-3	1761.7828	744.451	1.0894E-3	220.7219	
demographic.popSize5	477.5829	777.1563	220.663	4.5245E-3	1777.8713	731.2422	0.0311	220.6756	
demographic.popSize6	460.5951	790.5656	203.0874	1.4809E-3	1741.778	668.9849	1.4809E-3	203.0874	
demographic.popSize7	474.4159	774.2425	218.7934	2.7519E-4	1834.7981	675.16	2.7519E-4	218.7934	
demographic.popSize8	482.9365	827.3765	227.9906	0.0186	1778.4119	739.5112	0.0215	227.9906	
demographic.popSize9	462.6879	787.7701	216.5956	0.0345	1705.4578	720.3482	0.1247	216.6784	
demographic.popSize10	471.3615	815.8826	213.1681	0.0197	1781.6033	722.1038	0.1081	213.1961	
demographic.popSize11	465.4874	803.0931	206.2322	2.2859E-3	1783.975	704.435	2.2859E-3	206.2322	
demographic.popSize12	476.963	790.8553	220.3036	0.0491	1784.8047	686.0439	0.0324	220.3036	
demographic.popSize13	307.911	620.5687	91.2084	0.0303	1291.7788	610.3881	0.0303	91.2084	
demographic.popSize14	292.9259	679.5024	74.8492	0.0286	1259.1738	586.055	0.1175	74.8928	
demographic.popSize15	472.3781	775.7116	218.1804	0.0173	1794.4696	715.4506	2.546E-3	218.1804	
demographic.popSize16	472.9926	766.9984	219.7752	9.1737E-3	1756.325	695.5982	9.1737E-3	219.7752	
demographic.popSize17	426.673	775.3046	185.383	5.6539E-3	1635.2823	710.9947	0.1772	185.5367	
demographic.popSize18	453.9983	792.47	200.9507	0.0436	1749.4592	672.1274	2.4582E-3	200.9507	
demographic.popSize19	466.5925	784.7091	214.1279	1.4921E-3	1773.4882	698.6932	0.1155	214.1279	
demographic.popSize20	481.206	806.9225	222.6495	0.0179	1779.6534	697.4469	0.0603	222.6495	
demographic.popSize21	450.4212	795.0201	196.419	1.7747E-3	1704.2677	644.6707	1.7747E-3	196.419	
demographic.popSize22	458.0645	732.6448	226.8235	0.0694	1664.9087	775.5267	0.0614	226.8329	
demographic.popSize23	472.5706	780.4148	217.1681	0.0446	1717.2647	729.1007	0.0446	217.1681	
demographic.popSize24	472.9246	794.0201	219.0193	0.0482	1708.0495	754.8766	0.1592	219.0625	
demographic.popSize25	479.9433	787.5148	223.353	4.0416E-3	1825.0146	664.8419	4.0416E-3	223.353	
demographic.popSize26	471.3339	794.5829	217.8199	0.0296	1762.7556	704.332	0.0239	217.8199	
demographic.popSize27	487.1196	847.1938	227.418	4.2713E-3	1812.3776	752.1591	4.2713E-3	227.418	
demographic.popSize28	486.2231	828.4888	223.5946	0.0496	1842.017	676.5405	0.0496	223.5946	
demographic.popSize29	483.0854	836.3479	226.4384	0.0355	1756.9231	753.1447	4.1027E-3	226.4384	
demographic.popSize30	481.3784	839.4141	219.7546	0.0303	1778.6853	756.902	0.1775	219.9052	
demographic.popSize31	487.1045	800.2212	222.9982	7.8254E-3	1858.8417	676.8351	0.0504	223.0377	
demographic.popSize32	468.8095	776.3736	219.7219	5.7958E-3	1766.4542	697.1836	0.0309	219.7301	
demographic.popSize33	488.5632	800.1811	226.0539	0.04	1843.1687	671.2005	0.021	226.0539	
demographic.popSize34	478.3279	778.4713	218.0716	0.0459	1828.2378	692.7434	0.0376	218.0716	
demographic.popSize35	491.1405	823.5247	227.7581	0.0259	1882.9455	707.7774	0.0385	227.7581	
demographic.popSize36	479.5163	815.7289	225.1314	8.1605E-3	1773.5163	772.0337	8.1605E-3	225.1314	
demographic.popSize37	481.143	797.4005	224.9093	0.0304	1784.0712	714.9453	0.0103	224.9093	
demographic.popSize38	502.7065	837.9446	222.3916	7.108E-3	1889.1196	639.7901	0.0763	222.4579	
demographic.popSize39	495.6762	831.0551	227.297	0.0585	1833.2871	704.4495	5.9451E-3	227.297	
demographic.popSize40	497.3696	808.7795	227.0764	0.1088	1834.8359	671.9903	0.2096	227.0764	
demographic.popSize41	481.5698	815.2054	227.7615	0.0822	1732.5682	720.3519	0.0822	227.7615	
demographic.popSize42	502.4949	819.939	234.607	0.0144	1888.9314	642.3121	0.0589	234.6133	
demographic.popSize43	488.9791	826.7148	225.8926	8.9686E-3	1853.9845	690.2923	8.9686E-3	225.8926	
demographic.popSize44	496.246	813.5754	230.5808	6.3487E-3	2026.8072	638.1372	0.0431	230.5977	
demographic.popSize45	484.202	808.266	226.5824	0.0141	1801.5805	731.2089	0.0308	226.5829	
demographic.popSize46	476.7098	751.5347	221.8049	0.0155	1821.4864	674.5995	7.0958E-3	221.8049	
demographic.popSize47	482.3846	789.4985	229.8982	2.8356E-3	1734.8314	731.0804	0.1947	229.9289	
demographic.popSize48	500.0066	779.0307	227.7738	9.1941E-3	1959.2105	607.4923	0.0422	227.7738	
demographic.popSize49	524.8183	820.3788	236.7529	0.0614	1977.3899	611.4501	0.0614	236.781	
demographic.popSize50	490.3945	819.5869	221.3368	2.2799E-3	1854.6787	714.555	2.2799E-3	221.3368	
demographic.popSize51	479.9978	776.9324	224.6965	4.2135E-3	1847.9931	669.6337	0.086	224.6965	
demographic.popSize52	476.2663	833.9494	218.2287	0.0163	1763.9716	779.0465	0.0732	218.2292	
demographic.popSize53	485.1871	762.7475	223.8538	0.0428	1895.0753	636.7711	1.893E-3	223.8538	
demographic.popSize54	482.9323	805.2024	227.4392	0.0302	1813.8521	712.9343	0.0292	227.4541	
demographic.popSize55	487.4102	836.6779	224.2319	0.017	1789.5791	714.573	0.017	224.2319	
demographic.popSize56	502.1324	881.3951	222.3684	0.0348	1933.4638	656.4539	0.0348	222.3785	
demographic.popSize57	496.1713	825.984	229.2522	0.0202	1857.5804	666.5868	0.0202	229.2622	
demographic.popSize58	481.3591	828.6465	225.2041	0.0108	1716.8627	734.7079	0.1341	225.2775	
demographic.popSize59	497.4911	830.3907	228.7913	1.0383E-3	1877.1739	649.1926	0.0521	228.7913	
demographic.popSize60	484.9192	841.1672	222.1805	8.0189E-3	1799.9773	739.8334	0.031	222.1963	
demographic.popSize61	485.3258	800.5925	224.4214	5.2028E-3	1785.8483	721.5194	0.0502	224.4214	
demographic.popSize62	510.8365	828.4139	236.7108	0.0197	1870.5318	693.1912	0.0197	236.7108	
demographic.popSize63	473.9112	753.3182	220.7067	2.6684E-3	1738.5722	689.0487	2.6684E-3	220.7067	
demographic.popSize64	477.677	753.765	225.0486	0.0228	1780.4055	683.883	0.0228	225.0486	
demographic.popSize65	481.3097	850.053	223.0315	4.1279E-3	1713.1666	779.198	0.0102	223.0315	
demographic.popSize66	477.9781	774.6606	223.9577	6.9296E-3	1723.973	755.3405	6.9296E-3	223.9577	
demographic.popSize67	489.5505	788.6661	227.8968	6.622E-3	1805.0713	660.1392	6.622E-3	227.8968	
demographic.popSize68	488.2046	784.069	225.8623	0.0142	1815.808	676.1854	0.0142	225.869	
demographic.popSize69	484.5806	797.5201	228.6103	0.0283	1735.1777	705.28	0.0899	228.6654	
demographic.popSize70	484.8145	808.9327	225.1385	0.0157	1740.0647	687.3721	0.0891	225.1587	
demographic.popSize71	499.4631	875.4184	227.0417	7.2628E-4	1855.2196	661.7776	7.2628E-4	227.0417	
demographic.popSize72	475.0485	784.3215	223.3461	2.9973E-3	1781.8278	759.543	4.1904E-3	223.3461	
demographic.popSize73	477.5055	780.8851	224.6823	0.0129	1762.853	670.1436	0.0129	224.6823	
demographic.popSize74	513.6479	829.1108	230.6338	0.7709	2048.6346	587.6394	0.1227	230.664	
demographic.popSize75	482.1849	788.5487	224.7266	0.024	1732.5427	708.6535	0.094	224.7753	
demographic.popSize76	474.7269	833.6813	221.5997	0.0166	1732.808	772.1943	0.0166	221.5997	
demographic.popSize77	489.0594	803.7538	231.336	5.929E-3	1766.9201	731.6633	0.0364	231.336	
demographic.popSize78	472.7097	736.7237	223.4056	8.9836E-3	1738.5094	672.3429	0.0236	223.4152	
demographic.popSize79	477.4216	806.1099	219.0191	0.0144	1736.4176	743.8204	0.0144	219.0191	
demographic.popSize80	467.38	792.2292	214.5553	0.011	1697.6319	733.3999	0.0293	214.5553	
demographic.popSize81	489.0826	808.8611	224.2417	9.664E-4	1820.6736	680.1247	9.664E-4	224.2417	
demographic.popSize82	486.0254	795.8224	226.7888	0.0221	1762.9608	715.9332	0.0611	226.7888	
demographic.popSize83	497.917	852.471	222.8291	7.7187E-3	1782.5407	696.4662	7.7187E-3	222.8291	
demographic.popSize84	471.0521	770.5807	218.8042	0.0617	1743.9188	706.6301	9.8244E-3	218.8042	
demographic.popSize85	479.2529	799.03	225.2185	0.0171	1763.9173	708.2831	0.1397	225.3198	
demographic.popSize86	482.3026	797.9889	220.8801	0.0419	1727.0581	697.1442	0.1291	220.9038	
demographic.popSize87	489.1329	860.725	222.4851	0.0646	1820.8428	707.3478	0.0133	222.4851	
demographic.popSize88	470.759	811.6254	214.3921	2.8798E-3	1783.2189	707.9623	0.0935	214.4726	
demographic.popSize89	486.3094	793.3354	228.3204	0.0503	1763.4469	650.9335	0.0503	228.3204	
demographic.popSize90	486.4733	818.1677	221.5112	1.3072E-3	1835.129	675.4795	1.3072E-3	221.5112	
demographic.popSize91	470.9962	791.5832	220.3701	7.1002E-3	1750.1017	710.1585	7.1002E-3	220.3701	
demographic.popSize92	482.7039	834.6662	221.0341	0.0675	1821.8129	669.7708	0.0215	221.0341	
demographic.popSize93	473.7205	781.5288	219.0351	5.125E-4	1734.9937	698.9177	5.125E-4	219.0351	
demographic.popSize94	476.2959	754.5328	222.1567	0.0134	1817.1392	656.9134	0.0134	222.1567	
demographic.popSize95	470.4606	786.9197	210.3042	4.6644E-3	1779.4686	698.4285	4.6644E-3	210.3042	
demographic.popSize96	480.859	797.7356	220.7488	0.0146	1793.1764	735.8526	0.0502	220.7562	
demographic.popSize97	469.6197	783.3815	216.1687	0.034	1739.8794	749.5758	0.1128	216.231	
demographic.popSize98	464.4157	764.5611	214.9504	0.0713	1718.8694	734.533	0.017	214.9504	
demographic.popSize99	465.7109	760.8963	218.0425	0.1008	1739.2246	729.6205	0.0612	218.0499	
demographic.popSize100	464.0139	767.4344	219.4973	0.1648	1716.356	687.4496	0.0121	219.4973	
demographic.popSize101	476.8533	791.762	218.2776	0.0135	1790.1144	703.6166	0.0287	218.2776	
demographic.popSize102	475.5243	808.0406	220.3264	0.0204	1745.656	728.26	0.3077	220.5481	
demographic.popSize103	478.6555	817.9554	218.9614	8.8531E-3	1796.2837	683.1236	8.8531E-3	218.9614	
demographic.popSize104	479.4854	836.6032	218.9273	0.0101	1745.2633	701.416	0.08	218.9472	
demographic.popSize105	467.2823	778.927	215.1708	0.0456	1743.5848	719.1076	0.0655	215.1708	
demographic.popSize106	466.1647	807.2616	210.714	0.0366	1739.9298	772.1256	0.0366	210.714	
demographic.popSize107	467.8707	772.4024	218.747	0.0321	1758.3469	721.2582	0.0321	218.747	
demographic.popSize108	472.3675	763.6983	222.1123	0.0377	1749.1158	748.6981	0.0377	222.1135	
demographic.popSize109	474.4633	814.4707	218.0323	0.0265	1749.6257	697.7284	0.0877	218.0768	
demographic.popSize110	471.0603	842.0341	214.2549	0.0148	1689.9827	776.1142	0.0776	214.277	
demographic.popSize111	467.2755	789.7281	220.2207	0.0102	1699.5684	764.9082	0.0102	220.2207	
demographic.popSize112	483.468	854.535	218.5961	0.0147	1810.9725	760.2409	3.8969E-3	218.5961	
demographic.popSize113	467.1858	806.318	216.09	4.3163E-3	1719.9036	707.2067	4.3163E-3	216.09	
demographic.popSize114	456.6239	745.904	212.735	9.9383E-3	1745.5014	717.317	0.0263	212.735	
demographic.popSize115	465.2779	779.5341	214.6726	0.0189	1717.3545	722.0719	0.0189	214.6726	
demographic.popSize116	463.6621	762.7851	212.3786	4.9562E-3	1740.7832	705.3199	4.9562E-3	212.3786	
demographic.popSize117	461.556	800.6539	204.9002	0.0169	1720.7647	765.3579	0.1866	204.945	
demographic.popSize118	472.5152	791.1093	212.134	0.067	1760.0724	696.9905	7.9226E-3	212.134	
demographic.popSize119	473.9717	806.7277	213.9222	2.5601E-3	1784.2771	713.5796	0.114	214.0119	
demographic.popSize120	485.5966	877.6372	214.702	0.0127	1813.3528	733.5506	0.0127	214.702	
demographic.popSize121	465.2787	757.4868	216.3071	1.6771E-3	1726.9237	701.1177	1.6771E-3	216.3071	
demographic.popSize122	458.0084	743.9032	210.882	6.3107E-4	1718.8533	703.0822	0.0635	210.882	
demographic.popSize123	468.7566	811.0251	214.8031	0.03	1751.1232	699.6206	0.0275	214.8031	
demographic.popSize124	481.1501	809.8355	217.7374	9.3494E-3	1804.4608	735.6456	9.3494E-3	217.7374	
demographic.popSize125	457.963	795.1792	203.019	3.6545E-3	1795.5355	711.0117	0.1096	203.019	
demographic.popSize126	446.017	779.1039	200.1433	6.0508E-3	1693.4108	674.0936	6.0508E-3	200.1433	
demographic.popSize127	478.6259	805.1885	222.7079	1.1276E-3	1778.4805	731.158	0.0311	222.7344	
demographic.popSize128	474.1976	848.3373	208.0759	0.0582	1717.1388	725.8145	0.0582	208.0931	
demographic.popSize129	468.9038	792.5458	208.2667	1.0084E-3	1772.7976	700.9543	0.135	208.3601	
demographic.popSize130	457.8492	799.0755	203.5485	0.0448	1679.9796	750.3323	0.0397	203.5485	
demographic.popSize131	469.3751	770.1572	215.3418	0.0281	1761.0376	687.3047	4.5183E-3	215.3418	
demographic.popSize132	472.4689	780.6572	218.8361	0.0167	1738.8935	731.2203	0.0167	218.8361	
demographic.popSize133	484.0235	825.1088	221.3341	0.013	1783.4789	717.1209	0.013	221.3341	
demographic.popSize134	452.6512	776.9121	205.2103	0.0104	1688.972	749.1011	0.0631	205.2103	
demographic.popSize135	470.7503	786.5772	222.7709	0.0103	1720.0219	754.3199	0.0103	222.7709	
demographic.popSize136	469.8139	858.4687	205.4426	4.1816E-3	1758.5182	703.6631	0.0102	205.4435	
demographic.popSize137	458.1439	772.1678	209.3425	0.0194	1719.8449	711.3929	0.0194	209.3425	
demographic.popSize138	472.6082	801.0244	209.2429	3.2617E-4	1837.259	652.9546	3.2617E-4	209.2429	
demographic.popSize139	462.8143	833.3604	208.3139	9.5784E-3	1705.7573	803.7653	0.0471	208.3139	
demographic.popSize140	449.9311	747.233	207.7824	0.0191	1656.5237	730.0937	0.0449	207.7853	
demographic.popSize141	468.8087	801.0931	209.6569	7.1049E-3	1729.5781	716.3709	0.0539	209.6569	
demographic.popSize142	468.7512	768.9187	212.5721	1.8464E-3	1729.3785	711.2032	1.8464E-3	212.5721	
demographic.popSize143	475.8036	803.0921	210.5518	0.0269	1820.6572	668.9193	0.1704	210.5766	
demographic.popSize144	475.643	826.8195	211.8904	7.8545E-3	1760.6257	691.2896	0.071	211.9388	
demographic.popSize145	484.0423	876.9026	212.7013	5.9421E-4	1820.0848	675.7757	5.9421E-4	212.7013	
demographic.popSize146	460.5751	775.212	208.2184	0.0221	1724.9147	681.8146	0.0221	208.2184	
demographic.popSize147	461.135	766.672	209.8452	0.0236	1763.6816	688.2651	0.0462	209.8452	
demographic.popSize148	465.7114	774.5001	218.2365	0.0159	1727.109	737.7324	0.0159	218.2365	
demographic.popSize149	481.0892	817.5483	215.2873	0.0425	1809.9928	703.1262	0.0425	215.2873	
demographic.popSize150	478.2334	796.8023	220.3226	0.0421	1750.5321	720.8634	0.114	220.3576	
demographic.popSize151	473.3095	776.2378	216.6638	7.8347E-3	1744.5077	718.9163	7.8347E-3	216.6638	
demographic.popSize152	468.9941	777.8533	212.3179	0.0579	1772.3627	706.4109	0.0813	212.3179	
demographic.popSize153	473.7928	799.3909	212.5754	0.0101	1730.2142	689.0772	0.0101	212.5754	
demographic.popSize154	470.2181	790.9019	214.3811	0.0376	1767.2196	645.308	3.6482E-3	214.3811	
demographic.popSize155	460.2697	763.1639	208.563	0.0289	1733.8122	678.7587	0.1142	208.5991	
demographic.popSize156	479.5201	817.3793	220.2807	0.0225	1764.9668	715.9337	0.0225	220.2807	
demographic.popSize157	478.262	786.0807	218.2737	0.015	1792.0725	704.9993	0.0178	218.2737	
demographic.popSize158	476.2766	794.4403	221.2927	8.8773E-3	1787.371	732.4646	0.1607	221.3494	
demographic.popSize159	478.8223	799.6001	220.7267	0.0184	1778.2244	686.2274	0.128	220.8328	
demographic.popSize160	477.5773	790.6258	219.1691	1.5766E-3	1770.9666	671.9094	0.0269	219.1691	
demographic.popSize161	476.7809	809.6147	213.9931	7.9106E-3	1785.0792	655.1275	4.9467E-3	213.9931	
demographic.popSize162	476.9252	819.1712	217.2091	6.1076E-3	1787.4325	677.1385	0.0867	217.2107	
demographic.popSize163	467.0636	751.8012	219.4306	8.5391E-4	1740.2433	709.7822	8.5391E-4	219.4306	
demographic.popSize164	466.7951	766.9985	220.6689	0.0215	1690.4305	708.1337	0.0215	220.6689	
demographic.popSize165	482.1379	831.6858	213.5357	3.6781E-4	1788.5076	739.408	0.0676	213.5773	
demographic.popSize166	481.9632	819.7482	220.4143	3.8638E-4	1767.7616	690.1727	0.0353	220.4446	
demographic.popSize167	474.161	814.214	217.7753	0.0123	1769.3243	743.9391	0.2706	217.8266	
demographic.popSize168	471.0765	780.8088	220.0174	0.0276	1715.6467	730.309	0.1348	220.0849	
demographic.popSize169	468.4153	766.7925	218.194	0.0171	1759.0097	699.8887	0.0171	218.194	
demographic.popSize170	481.4806	856.1103	216.2443	0.0333	1756.8668	754.2482	0.0189	216.2443	
demographic.popSize171	480.2629	808.3402	224.846	1.32E-3	1754.7432	682.4362	1.32E-3	224.846	
demographic.popSize172	475.1912	790.5116	223.4038	2.2846E-3	1763.6354	709.8957	2.2846E-3	223.4038	
demographic.popSize173	473.3746	820.0756	217.6668	0.0148	1730.3876	715.6808	0.0427	217.6817	
demographic.popSize174	471.4094	803.7596	216.6436	0.0138	1771.1953	716.8939	0.0138	216.6436	
demographic.popSize175	476.3249	821.8705	217.6105	1.2821E-3	1769.6904	703.6126	1.2821E-3	217.6105	
demographic.popSize176	472.5494	795.9506	215.2864	0.0418	1757.9184	721.8142	0.1137	215.2864	
demographic.popSize177	474.1312	779.8079	217.2966	0.0212	1789.4191	700.2823	0.0212	217.2966	
demographic.popSize178	474.6186	799.8144	217.5071	0.0224	1788.9534	741.8119	0.0224	217.5071	
demographic.popSize179	477.3557	818.6461	214.9314	5.0301E-3	1801.9644	711.2373	5.0301E-3	214.9314	
demographic.popSize180	475.2216	805.9945	222.2016	0.0211	1747.9678	709.447	0.0702	222.2016	
demographic.popSize181	481.9999	806.378	216.7764	0.0219	1817.6469	660.145	0.0248	216.788	
demographic.popSize182	472.117	794.2541	217.2282	0.0305	1755.2163	743.5283	0.1339	217.2509	
demographic.popSize183	472.4478	814.7028	217.394	8.7943E-4	1733.1774	755.5271	8.7943E-4	217.394	
demographic.popSize184	472.5241	819.8381	215.0944	0.0167	1738.9341	749.6886	0.2231	215.1695	
demographic.popSize185	473.7604	796.9287	220.505	0.0637	1723.3877	730.4265	0.0637	220.505	
demographic.popSize186	477.3932	832.7243	214.0615	0.0543	1821.9029	741.5272	0.0543	214.0615	
demographic.popSize187	476.7634	808.3788	215.854	6.2321E-4	1768.2883	690.1825	6.2321E-4	215.854	
demographic.popSize188	476.5428	813.1205	224.6681	2.5552E-3	1769.5237	696.2779	2.5552E-3	224.6681	
demographic.popSize189	472.3778	795.9695	218.5742	0.0124	1769.8681	702.6769	0.0124	218.5742	
demographic.popSize190	472.8527	787.0663	215.8427	6.2826E-3	1767.4279	732.8671	0.0354	215.8427	
demographic.popSize191	479.5727	815.6683	216.6892	2.0405E-3	1809.2109	729.7463	2.0405E-3	216.6892	
demographic.popSize192	469.2274	780.2231	222.5837	4.7248E-3	1713.9065	724.7768	6.9076E-3	222.5837	
demographic.popSize193	481.167	787.9977	223.1878	0.0509	1786.1249	699.1693	0.0149	223.1878	
demographic.popSize194	482.9047	829.8623	216.1668	0.0387	1851.2616	692.7575	0.0102	216.1668	
demographic.popSize195	473.6911	798.1134	209.635	0.0293	1804.0155	678.7817	0.0611	209.635	
demographic.popSize196	463.0531	764.7181	213.1448	4.6531E-3	1698.027	711.2203	0.0198	213.1448	
demographic.popSize197	470.5649	840.3307	206.4129	3.9602E-3	1799.1624	709.7521	3.9602E-3	206.4129	
demographic.popSize198	476.0329	856.7845	207.0114	0.0435	1821.5556	735.3355	0.062	207.0114	
demographic.popSize199	466.8606	761.8035	216.4369	0.0203	1771.9232	688.9056	0.0304	216.4369	
demographic.popSize200	467.8603	756.0917	219.687	0.0247	1768.6623	704.373	0.0523	219.687	
demographic.indicators1	2.8813E-3	0.0536	0	0	0	12084.9248	0	0	
demographic.indicators2	7.92E-4	0.0281	0	0	0	21164.8248	0	0	
demographic.indicators3	5.0533E-4	0.0225	0	0	0	9733.0214	0	0	
demographic.indicators4	3.3867E-4	0.0184	0	0	0	40606.5779	0	0	
demographic.indicators5	0.0374	0.1897	0	0	0	207.4476	0	0	
demographic.indicators6	4.8147E-3	0.0692	0	0	0	439.61	0	0	
demographic.indicators7	3.6787E-3	0.0605	0	0	0	305.6546	0	0	
demographic.indicators8	0.0278	0.1644	0	0	0	246.5615	0	0	
demographic.indicators9	9.1947E-3	0.0954	0	0	0	374.4432	0	0	
demographic.indicators10	0.0466	0.2107	0	0	0	226.2089	0	0	
demographic.indicators11	8.8853E-3	0.0938	0	0	0	319.7938	0	0	
demographic.indicators12	0.3045	0.4602	0	0	1	193.4176	0	0	
demographic.indicators13	0.3201	0.4665	0	0	1	192.0934	0	0	
demographic.indicators14	8.5827E-3	0.0922	0	0	0	303.9886	0	0	
demographic.indicators15	0.0117	0.1078	0	0	0	313.6946	0	0	
demographic.indicators16	0.0807	0.2724	0	0	1	214.0778	0	0	
demographic.indicators17	0.0441	0.2053	0	0	0	200.7431	0	0	
demographic.indicators18	0.0133	0.1145	0	0	0	401.7627	0	0	
demographic.indicators19	0.021	0.1434	0	0	0	260.5322	0	0	
demographic.indicators20	0.0689	0.2533	0	0	1	207.274	0	0	
demographic.indicators21	0.0224	0.1481	0	0	0	247.1269	0	0	
demographic.indicators22	0.0133	0.1146	0	0	0	356.7075	0	0	
demographic.indicators23	3.6613E-3	0.0604	0	0	0	2620.8373	0	0	
demographic.indicators24	3.344E-3	0.0577	0	0	0	3286.3106	0	0	
demographic.indicators25	2.44E-3	0.0493	0	0	0	5657.9993	0	0	
demographic.indicators26	0.0166	0.1278	0	0	0	375.9281	0	0	
demographic.indicators27	9.4493E-3	0.0967	0	0	0	546.8476	0	0	
demographic.indicators28	8.1387E-3	0.0898	0	0	0	431.0907	0	0	
demographic.indicators29	0.0123	0.1104	0	0	0	330.7651	0	0	
demographic.indicators30	8.5267E-3	0.0919	0	0	0	441.7702	0	0	
demographic.indicators31	8.42E-3	0.0914	0	0	0	997.1934	0	0	
demographic.indicators32	0.0187	0.1353	0	0	0	256.3411	0	0	
demographic.indicators33	4.144E-3	0.0642	0	0	0	1542.4536	0	0	
demographic.indicators34	0.019	0.1364	0	0	0	373.5785	0	0	
demographic.indicators35	9.8813E-3	0.0989	0	0	0	386.8349	0	0	
demographic.indicators36	0.0159	0.125	0	0	0	298.2242	0	0	
demographic.indicators37	0.0164	0.1271	0	0	0	434.3305	0	0	
demographic.indicators38	0.0174	0.1309	0	0	0	315.1001	0	0	
demographic.indicators39	0.0233	0.151	0	0	0	369.7295	0	0	
demographic.indicators40	0.0163	0.1266	0	0	0	365.5509	0	0	
demographic.indicators41	0.0326	0.1775	0	0	0	375.4997	0	0	
demographic.indicators42	7.1347E-3	0.0842	0	0	0	934.6444	0	0	
demographic.indicators43	0.0208	0.1427	0	0	0	314.7757	0	0	
demographic.indicators44	0.0139	0.1169	0	0	0	327.759	0	0	
demographic.indicators45	0.0149	0.1211	0	0	0	607.4967	0	0	
demographic.indicators46	0.0214	0.1446	0	0	0	436.8852	0	0	
demographic.indicators47	0.0258	0.1586	0	0	0	320.0066	0	0	
demographic.indicators48	0.0479	0.2136	0	0	0	273.9676	0	0	
demographic.indicators49	0.0137	0.1163	0	0	0	457.4512	0	0	
demographic.indicators50	9.828E-3	0.0986	0	0	0	545.0992	0	0	
demographic.indicators51	0.0122	0.1099	0	0	0	632.3593	0	0	
demographic.indicators52	0.0261	0.1595	0	0	0	442.7489	0	0	
demographic.indicators53	0.0184	0.1344	0	0	0	538.736	0	0	
demographic.indicators54	0.0183	0.1341	0	0	0	825.0388	0	0	
demographic.indicators55	0.0212	0.1441	0	0	0	443.3543	0	0	
demographic.indicators56	0.0262	0.1596	0	0	0	487.0215	0	0	
demographic.indicators57	0.012	0.1089	0	0	0	796.1094	0	0	
demographic.indicators58	0.0266	0.1608	0	0	0	516.4874	0	0	
demographic.indicators59	7.1027E-3	0.084	0	0	0	890.3938	0	0	
demographic.indicators60	0.0188	0.1357	0	0	0	751.264	0	0	
demographic.indicators61	0.0311	0.1737	0	0	0	320.6809	0	0	
demographic.indicators62	0.0106	0.1026	0	0	0	696.7504	0	0	
demographic.indicators63	0.0144	0.1191	0	0	0	421.6721	0	0	
demographic.indicators64	0.0125	0.1113	0	0	0	754.1279	0	0	
demographic.indicators65	0.0238	0.1525	0	0	0	371.7352	0	0	
demographic.indicators66	0.0205	0.1417	0	0	0	448.3566	0	0	
demographic.indicators67	0.0156	0.1238	0	0	0	390.43	0	0	
demographic.indicators68	0.0184	0.1344	0	0	0	320.7512	0	0	
demographic.indicators69	0.0103	0.1007	0	0	0	814.9786	0	0	
demographic.indicators70	0.0198	0.1395	0	0	0	485.4681	0	0	
demographic.indicators71	0.0138	0.1165	0	0	0	383.1169	0	0	
demographic.indicators72	0.0187	0.1354	0	0	0	588.2151	0	0	
demographic.indicators73	0.031	0.1732	0	0	0	299.0936	0	0	
demographic.indicators74	0.0136	0.1159	0	0	0	417.5341	0	0	
demographic.indicators75	0.0113	0.1056	0	0	0	700.0752	0	0	
demographic.indicators76	0.0199	0.1398	0	0	0	353.9874	0	0	
demographic.indicators77	0.0202	0.1405	0	0	0	522.3412	0	0	
demographic.indicators78	0.0102	0.1002	0	0	0	523.3428	0	0	
demographic.indicators79	5.856E-3	0.0763	0	0	0	381.2403	0	0	
demographic.indicators80	0.0126	0.1115	0	0	0	484.0821	0	0	
demographic.indicators81	0.0189	0.1361	0	0	0	485.3674	0	0	
demographic.indicators82	0.0185	0.1346	0	0	0	375.1835	0	0	
demographic.indicators83	7.8787E-3	0.0884	0	0	0	697.2889	0	0	
demographic.indicators84	6.9307E-3	0.083	0	0	0	753.2336	0	0	
demographic.indicators85	0.0127	0.1118	0	0	0	275.2554	0	0	
demographic.indicators86	2.8973E-3	0.0537	0	0	0	2715.7638	0	0	
demographic.indicators87	9.1253E-3	0.0951	0	0	0	626.5014	0	0	
demographic.indicators88	0.0172	0.1302	0	0	0	334.8487	0	0	
demographic.indicators89	6.3187E-3	0.0792	0	0	0	566.096	0	0	
demographic.indicators90	7.2307E-3	0.0847	0	0	0	1126.4111	0	0	
demographic.indicators91	0.0142	0.1182	0	0	0	364.4841	0	0	
demographic.indicators92	2.0787E-3	0.0455	0	0	0	3284.0042	0	0	
demographic.indicators93	0.0138	0.1167	0	0	0	315.4236	0	0	
demographic.indicators94	0.0179	0.1327	0	0	0	268.2453	0	0	
demographic.indicators95	6.8187E-3	0.0823	0	0	0	1205.903	0	0	
demographic.indicators96	7.3347E-3	0.0853	0	0	0	776.4737	0	0	
demographic.indicators97	8.2587E-3	0.0905	0	0	0	677.4973	0	0	
demographic.indicators98	0.0119	0.1086	0	0	0	286.288	0	0	
demographic.indicators99	0.01	0.0995	0	0	0	941.9654	0	0	
demographic.indicators100	4.6093E-3	0.0677	0	0	0	1889.4644	0	0	
demographic.indicators101	6.968E-3	0.0832	0	0	0	1405.1255	0	0	
demographic.indicators102	6.2547E-3	0.0788	0	0	0	1491.0116	0	0	
demographic.indicators103	0.0119	0.1082	0	0	0	350.1823	0	0	
demographic.indicators104	8.7293E-3	0.093	0	0	0	391.4815	0	0	
demographic.indicators105	0.0164	0.1269	0	0	0	292.3793	0	0	
demographic.indicators106	0.0101	0.1	0	0	0	588.7494	0	0	
demographic.indicators107	4.4133E-3	0.0663	0	0	0	2692.1209	0	0	
demographic.indicators108	0.0136	0.1159	0	0	0	629.231	0	0	
demographic.indicators109	0.0125	0.1111	0	0	0	493.6064	0	0	
demographic.indicators110	5.012E-3	0.0706	0	0	0	1093.9795	0	0	
demographic.indicators111	3.0733E-3	0.0554	0	0	0	6098.4675	0	0	
demographic.indicators112	7.9653E-3	0.0889	0	0	0	785.9702	0	0	
demographic.indicators113	0.0163	0.1268	0	0	0	310.3334	0	0	
demographic.indicators114	6.7267E-3	0.0817	0	0	0	1123.6179	0	0	
demographic.indicators115	6.9933E-3	0.0833	0	0	0	987.1107	0	0	
demographic.indicators116	0.0232	0.1506	0	0	0	488.811	0	0	
demographic.indicators117	8.6427E-3	0.0926	0	0	0	516.2013	0	0	
demographic.indicators118	0.0132	0.114	0	0	0	339.6131	0	0	
demographic.indicators119	0.0172	0.13	0	0	0	363.0808	0	0	
demographic.indicators120	6.0467E-3	0.0775	0	0	0	1060.3885	0	0	
demographic.indicators121	0.0174	0.1306	0	0	0	431.5239	0	0	
demographic.indicators122	0.0146	0.12	0	0	0	446.4163	0	0	
demographic.indicators123	0.0104	0.1013	0	0	0	781.8851	0	0	
demographic.indicators124	0.0346	0.1829	0	0	0	291.8403	0	0	
demographic.indicators125	0.0412	0.1988	0	0	0	238.2366	0	0	
demographic.indicators126	8.5293E-3	0.092	0	0	0	642.4885	0	0	
demographic.indicators127	0.0197	0.1391	0	0	0	459.5205	0	0	
demographic.indicators128	0.016	0.1256	0	0	0	718.0796	0	0	
demographic.indicators129	0.0312	0.1739	0	0	0	290.217	0	0	
demographic.indicators130	8.5347E-3	0.092	0	0	0	1033.5414	0	0	
demographic.indicators131	8.56E-3	0.0921	0	0	0	501.8277	0	0	
demographic.indicators132	6.4427E-3	0.08	0	0	0	977.9217	0	0	
demographic.indicators133	0.0275	0.1636	0	0	0	292.3037	0	0	
demographic.indicators134	8.7467E-3	0.0931	0	0	0	867.951	0	0	
demographic.indicators135	0.0242	0.1538	0	0	0	371.74	0	0	
demographic.indicators136	0.0187	0.1354	0	0	0	285.7084	0	0	
demographic.indicators137	0.0259	0.1587	0	0	0	405.4315	0	0	
demographic.indicators138	0.0319	0.1758	0	0	0	352.7208	0	0	
demographic.indicators139	0.0225	0.1483	0	0	0	402.3479	0	0	
demographic.indicators140	0.0146	0.1199	0	0	0	415.6528	0	0	
demographic.indicators141	0.0126	0.1117	0	0	0	359.7923	0	0	
demographic.indicators142	0.0141	0.1181	0	0	0	441.0873	0	0	
demographic.indicators143	0.0239	0.1526	0	0	0	318.5854	0	0	
demographic.indicators144	6.3293E-3	0.0793	0	0	0	770.7978	0	0	
demographic.indicators145	0.0204	0.1414	0	0	0	465.7257	0	0	
demographic.indicators146	0.0186	0.1351	0	0	0	390.2149	0	0	
demographic.indicators147	6.8987E-3	0.0828	0	0	0	486.1205	0	0	
demographic.indicators148	0.0161	0.126	0	0	0	466.203	0	0	
demographic.indicators149	5.8027E-3	0.076	0	0	0	1799.0038	0	0	
demographic.indicators150	0.0126	0.1117	0	0	0	629.7066	0	0	
demographic.indicators151	0.0133	0.1146	0	0	0	528.3621	0	0	
demographic.indicators152	9.908E-3	0.099	0	0	0	867.0476	0	0	
demographic.indicators153	0.0164	0.1272	0	0	0	359.6488	0	0	
demographic.indicators154	0.0169	0.1291	0	0	0	463.5578	0	0	
demographic.indicators155	5.0493E-3	0.0709	0	0	0	1819.6829	0	0	
demographic.indicators156	7.6933E-3	0.0874	0	0	0	756.903	0	0	
demographic.indicators157	1.9733E-3	0.0444	0	0	0	4339.0292	0	0	
demographic.indicators158	5.492E-3	0.0739	0	0	0	1785.9659	0	0	
demographic.indicators159	4.772E-3	0.0689	0	0	0	1484.9068	0	0	
demographic.indicators160	0.0174	0.1306	0	0	0	370.5952	0	0	
demographic.indicators161	0.0112	0.1053	0	0	0	554.964	0	0	
demographic.indicators162	7.9533E-3	0.0888	0	0	0	636.4647	0	0	
demographic.indicators163	0.0148	0.1207	0	0	0	415.3635	0	0	
demographic.indicators164	8.544E-3	0.092	0	0	0	852.3909	0	0	
demographic.indicators165	8.3907E-3	0.0912	0	0	0	806.9785	0	0	
demographic.indicators166	7.9427E-3	0.0888	0	0	0	1127.1143	0	0	
demographic.indicators167	5.7773E-3	0.0758	0	0	0	500.1179	0	0	
demographic.indicators168	0.0165	0.1273	0	0	0	446.6761	0	0	
demographic.indicators169	9.1027E-3	0.095	0	0	0	502.2574	0	0	
demographic.indicators170	4.124E-3	0.0641	0	0	0	1529.1844	0	0	
demographic.indicators171	2.1947E-3	0.0468	0	0	0	3357.5241	0	0	
demographic.indicators172	5.6213E-3	0.0748	0	0	0	1070.3367	0	0	
demographic.indicators173	5.2293E-3	0.0721	0	0	0	1119.9093	0	0	
demographic.indicators174	7.1173E-3	0.0841	0	0	0	707.817	0	0	
demographic.indicators175	4.3973E-3	0.0662	0	0	0	1646.257	0	0	
demographic.indicators176	6.4227E-3	0.0799	0	0	0	611.0598	0	0	
demographic.indicators177	7.5267E-3	0.0864	0	0	0	448.122	0	0	
demographic.indicators178	9.0453E-3	0.0947	0	0	0	858.1837	0	0	
demographic.indicators179	5.816E-3	0.076	0	0	0	1177.6069	0	0	
demographic.indicators180	6.356E-3	0.0795	0	0	0	1078.9388	0	0	
demographic.indicators181	0.0115	0.1066	0	0	0	296.5361	0	0	
demographic.indicators182	6.552E-3	0.0807	0	0	0	1500.6331	0	0	
demographic.indicators183	5.484E-3	0.0739	0	0	0	1174.8573	0	0	
demographic.indicators184	7.9507E-3	0.0888	0	0	0	594.9434	0	0	
demographic.indicators185	0.0103	0.1012	0	0	0	960.3681	0	0	
demographic.indicators186	5.992E-3	0.0772	0	0	0	1526.9559	0	0	
demographic.indicators187	0.0107	0.1028	0	0	0	995.2989	0	0	
demographic.indicators188	0.0145	0.1196	0	0	0	434.1951	0	0	
demographic.indicators189	0.0168	0.1287	0	0	0	479.3284	0	0	
demographic.indicators190	8.1653E-3	0.09	0	0	0	965.5993	0	0	
demographic.indicators191	5.2533E-3	0.0723	0	0	0	1693.5335	0	0	
demographic.indicators192	8.5947E-3	0.0923	0	0	0	1332.7052	0	0	
demographic.indicators193	0.0123	0.1102	0	0	0	892.5982	0	0	
demographic.indicators194	0.0281	0.1652	0	0	0	427.0177	0	0	
demographic.indicators195	0.0205	0.1415	0	0	0	887.1725	0	0	
demographic.indicators196	0.035	0.1838	0	0	0	377.3109	0	0	
demographic.indicators197	0.036	0.1864	0	0	0	456.5135	0	0	
demographic.indicators198	0.0291	0.168	0	0	0	564.7756	0	0	
demographic.indicators199	0.0194	0.138	0	0	0	771.441	0	0	
kappa	2.5363	0.1584	2.5326	2.2344	2.8541	23539.837	2.4201	2.6318	
frequencies1	0.2856	0.0101	0.2854	0.2661	0.305	12267.6743	0.278	0.2917	
frequencies2	0.199	8.4122E-3	0.1988	0.1824	0.2154	7956.1369	0.1922	0.2036	
frequencies3	0.2008	8.5493E-3	0.2008	0.1848	0.2181	12542.4929	0.1945	0.206	
frequencies4	0.3146	0.0105	0.3146	0.294	0.3354	12185.7072	0.3078	0.3221	
alpha	0.5356	0.0424	0.5339	0.4546	0.6198	24303.0236	0.5032	0.5598	
default.ucld.mean	1.2334E-3	3.0269E-4	1.1923E-3	7.2523E-4	1.8675E-3	270.3862	9.4447E-4	1.3171E-3	
default.ucld.stdev	0.0105	6.3536E-3	8.803E-3	2.5259E-3	0.0229	319.8215	4.1372E-3	9.5567E-3	
host.ucld.mean	0.0145	4.7627E-3	0.0138	6.7692E-3	0.0241	241.9525	9.8322E-3	0.0158	
host.ucld.stdev	4.2731E-3	4.327E-3	2.9478E-3	7.2364E-9	0.0128	619.3928	2.4019E-7	2.9478E-3	
default.meanRate	7.7217E-4	1.6809E-4	7.5937E-4	4.7555E-4	1.1049E-3	210.1299	6.4355E-4	8.627E-4	
default.coefficientOfVariation	2.7016	0.5234	2.5846	1.9064	3.7097	295.1517	2.1892	2.7143	
default.covariance	0.0641	0.0632	0.0505	-0.0313	0.1982	299.2037	-0.0043	0.0646	
host.meanRate	0.0147	4.8493E-3	0.0139	6.8419E-3	0.0244	243.7466	9.828E-3	0.0159	
host.coefficientOfVariation	0.2793	0.2335	0.2218	3.6741E-7	0.7363	1008.6244	3.6741E-7	0.2218	
host.covariance	-0.0018	0.0501	-0.0023	-0.0992	0.0972	21582.7097	-0.0374	0.0301	
host.rates.Amaranthaceae.Brassicaceae	0.9018	0.964	0.5811	3.9841E-4	2.8598	3491.7823	8.0994E-4	0.5814	
host.rates.Amaranthaceae.Fabaceae	0.9299	0.9828	0.6118	2.0945E-4	2.8939	4979.0535	3.7445E-4	0.6119	
host.rates.Amaranthaceae.Poaceae	0.896	0.9488	0.594	2.3623E-5	2.8026	4410.5824	2.3623E-5	0.594	
host.rates.Amaranthaceae.Solanaceae	0.8995	0.9237	0.6142	1.7902E-4	2.7579	3919.2027	5.5594E-4	0.6144	
host.rates.Brassicaceae.Fabaceae	1.0168	0.9305	0.7796	7.4635E-5	2.7756	2036.6211	8.4647E-5	0.7796	
host.rates.Brassicaceae.Poaceae	1.022	0.919	0.7948	2.8556E-5	2.7692	1823.3736	3.5251E-5	0.7948	
host.rates.Brassicaceae.Solanaceae	0.9988	0.8857	0.7776	1.9312E-5	2.6814	1770.602	1.9213E-5	0.7776	
host.rates.Fabaceae.Poaceae	1.5575	0.7976	1.4789	9.0802E-4	2.9796	1135.9538	0.8928	1.8839	
host.rates.Fabaceae.Solanaceae	1.2872	0.756	1.1815	2.1143E-3	2.6647	1002.6539	0.6056	1.5215	
host.rates.Poaceae.Solanaceae	1.0154	0.7876	0.8568	1.3824E-4	2.4877	1624.4053	0.0654	0.9204	
host.rates.Brassicaceae.Amaranthaceae	0.8352	0.7255	0.6498	6.6077E-5	2.2021	1172.5225	0.0628	0.7049	
host.rates.Fabaceae.Amaranthaceae	1.1803	0.6935	1.0708	4.4718E-4	2.4478	1309.5697	0.557	1.3574	
host.rates.Poaceae.Amaranthaceae	1.0378	0.7318	0.8975	1.2158E-3	2.3929	1733.6348	0.2441	1.0677	
host.rates.Solanaceae.Amaranthaceae	0.7932	0.8513	0.5191	2.7479E-4	2.4951	4278.2196	4.006E-3	0.5221	
host.rates.Fabaceae.Brassicaceae	1.4493	0.7291	1.3549	0.0617	2.8319	1679.2815	0.8083	1.6828	
host.rates.Poaceae.Brassicaceae	0.8431	0.757	0.6529	2.7543E-4	2.2376	3654.6945	0.0992	0.7345	
host.rates.Solanaceae.Brassicaceae	0.7916	0.8575	0.5168	1.1271E-4	2.5161	4127.6697	1.4188E-4	0.5168	
host.rates.Poaceae.Fabaceae	0.8971	0.9359	0.6032	8.8498E-5	2.7442	3980.2031	2.5109E-4	0.6034	
host.rates.Solanaceae.Fabaceae	0.8476	0.9076	0.555	3.4391E-5	2.6471	4000.1981	1.0605E-4	0.555	
host.rates.Solanaceae.Poaceae	0.8845	0.9409	0.576	1.8207E-4	2.7753	4358.1014	8.5804E-4	0.5763	
host.indicators.Amaranthaceae.Brassicaceae	0.1853	0.3885	0	0	1	5139.4765	0	0	
host.indicators.Amaranthaceae.Fabaceae	0.1449	0.352	0	0	1	5613.7649	0	0	
host.indicators.Amaranthaceae.Poaceae	0.2253	0.4178	0	0	1	2815.3131	0	0	
host.indicators.Amaranthaceae.Solanaceae	0.3125	0.4635	0	0	1	1461.8744	0	0	
host.indicators.Brassicaceae.Fabaceae	0.3581	0.4794	0	0	1	439.7316	0	0	
host.indicators.Brassicaceae.Poaceae	0.3825	0.486	0	0	1	456.5974	0	0	
host.indicators.Brassicaceae.Solanaceae	0.4861	0.4998	0	0	1	518.6649	0	0	
host.indicators.Fabaceae.Poaceae	0.9256	0.2625	1	0	1	370.2096	1	1	
host.indicators.Fabaceae.Solanaceae	0.9071	0.2903	1	0	1	517.061	1	1	
host.indicators.Poaceae.Solanaceae	0.7335	0.4421	1	0	1	578.6602	1	1	
host.indicators.Brassicaceae.Amaranthaceae	0.7655	0.4237	1	0	1	704.5617	1	1	
host.indicators.Fabaceae.Amaranthaceae	0.8967	0.3044	1	0	1	388.0831	1	1	
host.indicators.Poaceae.Amaranthaceae	0.8469	0.3601	1	0	1	522.628	1	1	
host.indicators.Solanaceae.Amaranthaceae	0.4385	0.4962	0	0	1	1874.1547	0	0	
host.indicators.Fabaceae.Brassicaceae	0.9468	0.2243	1	0	1	370.9558	1	1	
host.indicators.Poaceae.Brassicaceae	0.6554	0.4753	1	0	1	601.1269	1	1	
host.indicators.Solanaceae.Brassicaceae	0.4089	0.4916	0	0	1	1643.9826	0	0	
host.indicators.Poaceae.Fabaceae	0.2127	0.4092	0	0	1	1560.0913	0	0	
host.indicators.Solanaceae.Fabaceae	0.2898	0.4536	0	0	1	1499.6229	0	0	
host.indicators.Solanaceae.Poaceae	0.226	0.4182	0	0	1	3613.1288	0	0	
host.nonZeroRates	10.3478	2.1326	10	7	14	409.759	9	11	
default.treeLikelihood	-7950.1759	13.8552	-7949.9471	-7977.4027	-7923.2268	1139.9074	-7958.8808	-7940.2269	
default.branchRates	-2382.6079	0	0	0	0	NaN	0	0	
host.branchRates	-2382.6079	0	0	0	0	NaN	0	0	
c_host.count[1]	115.303	7.2468	115	101	129	593.6227	107	116	
c_allTransitions[1]	115.3017	7.2413	115	101	129	593.5609	107	116	
coalescent	-1297.1414	37.706	-1299.142	-1370.8506	-1219.2584	224.2731	-1325.3461	-1277.0478	

