burnIn   <= 25000000,   maxState  = 100000000
statistic	mean	stdErr	median	hpdLower	hpdUpper	ESS	50hpdLower	50hpdUpper
joint	-14950.9746	128.9149	-14943.6709	-15227.6208	-14707.0753	264.1585	-15018.3905	-14851.3873	
prior	-7517.7992	127.4898	-7511.4724	-7781.5269	-7267.2985	262.9149	-7581.4201	-7416.0553	
likelihood	-7433.1754	17.584	-7432.8729	-7467.3749	-7398.5259	677.2328	-7444.5037	-7420.8477	
treeModel.rootHeight	74.833	17.5947	72.0782	46.269	108.2933	293.5644	58.6486	78.9334	
age(root)	1948.167	17.5947	1950.9218	1914.7067	1976.731	293.5644	1944.0666	1964.3514	
treeLength	2560.1047	303.7825	2549.4386	1947.7882	3178.4885	211.4387	2374.7718	2738.5307	
tmrca(ingroup)	74.833	17.5947	72.0782	46.269	108.2933	293.5644	58.6486	78.9334	
age(ingroup)	1948.167	17.5947	1950.9218	1914.7067	1976.731	293.5644	1944.0666	1964.3514	
demographic.populationSizeChanges	3.3989	0.6094	3	3	5	513.9078	3	3	
demographic.populationMean	609.8475	470.5411	480.442	97.2089	1493.9246	268.1896	218.7269	545.8454	
demographic.popSize1	393.801	475.0936	209.9704	4.665	1410.057	254.8018	23.2003	216.2151	
demographic.popSize2	615.2183	889.5152	329.975	0.0695	2137.4624	845.0932	0.0499	329.9756	
demographic.popSize3	606.5349	927.7331	321.8839	0.022	2080.94	907.2267	0.563	322.3593	
demographic.popSize4	612.4763	934.2164	327.1018	0.0619	2077.7463	964.2046	0.0619	327.1018	
demographic.popSize5	584.484	880.5698	302.6077	0.0129	2048.9307	875.7122	0.0129	302.6077	
demographic.popSize6	614.1115	947.793	330.2257	0.0103	2121.3432	859.6879	0.0946	330.2283	
demographic.popSize7	544.7337	901.9887	269.6453	0.0865	1947.0463	830.2873	0.0865	269.683	
demographic.popSize8	523.7876	874.7792	248.8461	0.0538	1941.3006	679.2643	0.0898	248.8469	
demographic.popSize9	591.7643	948.0558	302.9083	0.0128	2089.4496	838.8788	1.2611	303.8233	
demographic.popSize10	542.7385	879.9794	269.1309	0.0287	1940.8675	734.974	0.5035	269.2958	
demographic.popSize11	582.416	833.696	313.1213	0.0612	2003.3915	923.559	0.0612	313.1213	
demographic.popSize12	453.4663	748.4393	201.459	0.0792	1743.7521	752.2974	0.4602	201.6013	
demographic.popSize13	596.6425	952.3774	309.2897	0.0556	2102.6572	899.7859	0.0556	309.2906	
demographic.popSize14	575.5177	948.5778	285.7221	0.0504	2035.6771	816.9283	0.0504	285.7221	
demographic.popSize15	500.7005	887.5038	222.1238	7.6307E-3	1857.8216	694.1324	7.6307E-3	222.1238	
demographic.popSize16	611.2747	914.3141	321.1863	0.053	2140.0751	910.71	0.021	321.1863	
demographic.popSize17	612.9812	913.1422	324.5266	4.5537E-3	2138.5745	858.1965	0.1217	324.5459	
demographic.popSize18	590.7927	847.4151	318.4783	0.02	2038.9524	906.5031	0.4186	318.678	
demographic.popSize19	606.7768	863.2205	325.4612	0.0232	2085.3293	939.6372	0.0232	325.4612	
demographic.popSize20	601.4544	871.9098	330.0687	0.0615	2048.516	936.8985	0.1134	330.0687	
demographic.popSize21	618.4434	949.9843	327.2764	0.0197	2142.2408	933.8686	0.0222	327.2764	
demographic.popSize22	621.1603	910.9595	328.2618	0.0296	2144.8492	871.5337	0.1055	328.3135	
demographic.popSize23	619.4	930.0455	326.8795	0.0126	2133.8522	839.1867	0.0628	326.8795	
demographic.popSize24	610.9438	879.5861	328.6493	0.0852	2089.3645	952.039	0.1583	328.7206	
demographic.popSize25	604.6648	901.1003	329.4277	0.0134	2083.2314	906.8332	0.0134	329.4277	
demographic.popSize26	620.4013	929.4331	329.9589	0.0488	2156.1061	817.7806	0.2506	330.0744	
demographic.popSize27	618.2282	942.6888	324.0411	5.4114E-3	2181.3483	939.1131	0.3933	324.397	
demographic.popSize28	611.0613	897.1847	330.9812	0.037	2040.8695	958.5502	0.1364	331.0687	
demographic.popSize29	612.6908	850.5378	335.8147	3.4626E-3	2084.2793	892.6074	3.4626E-3	335.8147	
demographic.popSize30	610.9741	862.4915	331.2256	0.0244	2157.5456	838.3298	0.1162	331.2441	
demographic.popSize31	628.2727	953.9494	330.2887	0.0337	2232.5187	692.3044	0.0337	330.2887	
demographic.popSize32	606.6791	888.2683	321.8337	0.0163	2087.8976	948.2146	0.0163	321.8337	
demographic.popSize33	621.6482	911.203	335.4603	0.0481	2157.1725	878.1526	0.0875	335.4714	
demographic.popSize34	625.9219	940.2961	334.9686	0.0331	2204.2645	814.9758	0.1502	335.0247	
demographic.popSize35	615.706	871.5781	341.431	0.186	2123.5588	932.5223	0.0474	341.431	
demographic.popSize36	622.1946	923.358	326.9416	0.0676	2159.3027	923.0277	0.2363	327.0777	
demographic.popSize37	610.3189	908.5679	331.5573	0.0241	2091.5547	957.4194	0.1487	331.5906	
demographic.popSize38	630.6411	906.1322	344.4693	0.043	2181.3197	859.397	0.043	344.4693	
demographic.popSize39	650.4763	964.5649	336.3183	4.1603E-3	2359.4207	717.8244	0.2545	336.3564	
demographic.popSize40	632.7842	923.9491	335.1957	7.4719E-3	2128.828	854.7856	0.2237	335.3059	
demographic.popSize41	681.3285	922.4479	365.0385	0.1352	2307.6517	699.2161	0.0922	365.0385	
demographic.popSize42	650.5273	995.6499	356.5783	0.0191	2086.09	962.2148	0.0191	356.5783	
demographic.popSize43	612.5328	872.8199	333.3798	9.6081E-4	2144.0496	867.196	0.0184	333.3798	
demographic.popSize44	630.0438	874.9821	344.9636	0.4751	2143.684	758.4877	0.063	344.993	
demographic.popSize45	628.0085	869.577	342.0934	0.0266	2169.2454	854.4565	0.0266	342.0934	
demographic.popSize46	633.8741	938.7931	343.4162	0.0381	2128.4801	854.4258	0.0381	343.4162	
demographic.popSize47	645.6591	923.0721	345.8945	0.0241	2159.5003	783.911	0.0241	345.9047	
demographic.popSize48	626.1698	883.6256	330.3744	6.4844E-3	2162.3199	859.5544	6.4844E-3	330.3744	
demographic.popSize49	642.4668	942.0166	352.2613	0.0166	2161.2085	870.813	0.0166	352.2613	
demographic.popSize50	636.6879	943.8155	331.3466	0.5161	2229.3373	866.7203	0.1268	331.4426	
demographic.popSize51	650.9882	915.8045	345.6718	0.3394	2233.232	759.2844	0.1233	345.6934	
demographic.popSize52	650.7575	891.5846	341.6119	0.2094	2207.474	701.985	0.0135	341.6119	
demographic.popSize53	642.1635	906.3462	345.6576	0.1584	2090.7077	802.4517	0.0993	345.6576	
demographic.popSize54	618.2878	878.9404	330.339	0.0647	2020.3182	939.2068	0.0647	330.339	
demographic.popSize55	630.9457	852.9597	347.4065	0.018	2094.2313	842.5794	0.3489	347.511	
demographic.popSize56	613.6165	866.738	335.1409	1.805E-4	2069.2436	887.5793	0.052	335.1584	
demographic.popSize57	622.9445	893.1328	336.7886	3.5586E-3	2115.8236	931.1691	0.1649	336.8389	
demographic.popSize58	651.8688	917.6206	348.1535	0.5956	2149.7218	831.4906	0.5708	348.4603	
demographic.popSize59	624.5157	856.0336	339.3394	0.0276	2122.7939	850.9918	0.0947	339.3477	
demographic.popSize60	614.9823	899.7677	330.5605	0.0551	2087.8085	886.7467	0.1795	330.6323	
demographic.popSize61	621.9537	874.1863	336.9843	3.1772E-3	2068.4119	844.12	3.1772E-3	336.9843	
demographic.popSize62	628.3936	908.8191	338.7785	0.039	2048.2468	887.2365	0.1001	338.7858	
demographic.popSize63	645.6165	916.2477	349.5509	3.9268E-3	2114.369	876.4556	0.0686	349.5656	
demographic.popSize64	611.4925	852.6118	338.3561	0.0274	2064.889	935.3478	0.1666	338.4809	
demographic.popSize65	639.885	892.566	348.3788	0.0291	2172.6427	840.194	0.0291	348.3788	
demographic.popSize66	610.3821	876.2796	338.9103	0.0335	2060.363	947.0226	0.1371	338.9939	
demographic.popSize67	607.1138	907.2521	324.6346	0.0101	2092.4953	864.9073	0.0101	324.6346	
demographic.popSize68	617.1443	909.7052	328.4891	0.0256	2079.502	880.9442	0.0256	328.4891	
demographic.popSize69	621.7561	886.6177	341.7486	0.014	2091.5071	996.9807	0.2457	341.8102	
demographic.popSize70	612.0901	901.2952	328.5728	0.0564	2109.2039	894.0536	0.1037	328.5728	
demographic.popSize71	616.7902	871.2192	334.8198	0.0201	2102.5806	851.784	0.0549	334.8198	
demographic.popSize72	616.829	949.1108	326.0007	0.0293	2100.3692	963.364	0.0293	326.0007	
demographic.popSize73	603.7875	881.9197	323.8292	6.5352E-3	2137.2914	868.0838	0.1504	323.8622	
demographic.popSize74	625.1827	1080.077	332.8329	9.0891E-3	2096.3376	993.2019	0.0332	332.8329	
demographic.popSize75	611.4635	875.3366	336.9096	0.1485	2080.7886	916.2672	0.1485	336.9463	
demographic.popSize76	607.3128	990.3175	312.3088	0.0215	2082.0302	908.807	0.0164	312.3088	
demographic.popSize77	602.0867	871.0349	321.2714	2.3402E-3	2064.4549	882.7876	0.0652	321.2714	
demographic.popSize78	608.9912	882.546	338.6557	0.022	2074.7535	917.8577	0.0724	338.6818	
demographic.popSize79	610.4409	919.9333	326.0735	0.0441	2070.8974	803.2349	0.0398	326.0735	
demographic.popSize80	608.4784	916.0166	326.3252	0.0445	2064.1823	920.5778	0.0445	326.3592	
demographic.popSize81	616.7281	903.9194	328.1875	0.4376	2160.991	876.9954	0.059	328.1875	
demographic.popSize82	622.9621	900.7253	340.3475	3.0345E-3	2131.3366	879.8494	0.1789	340.4112	
demographic.popSize83	597.9527	851.6644	321.3578	0.069	2032.0612	922.0898	0.069	321.3578	
demographic.popSize84	607.6655	911.129	321.8475	1.6926E-3	2137.7041	897.2968	1.6926E-3	321.8475	
demographic.popSize85	599.4741	887.3452	324.5954	0.015	2038.3105	869.5914	0.0883	324.5954	
demographic.popSize86	581.6894	853.1714	309.4202	4.2845E-3	1997.8154	942.1663	0.1126	309.4729	
demographic.popSize87	599.7223	906.3163	307.7495	0.0118	2126.1891	948.3338	0.0821	307.7568	
demographic.popSize88	601.027	887.6352	320.8328	4.2249E-3	2101.0494	906.1421	4.2249E-3	320.8328	
demographic.popSize89	590.0487	866.5172	314.2629	4.9405E-4	2083.01	879.5005	5.0622E-3	314.2629	
demographic.popSize90	549.5621	774.9616	292.094	0.015	1926.047	974.1918	0.015	292.094	
demographic.popSize91	619.7577	917.47	326.2689	0.0971	2165.3426	899.9933	0.0122	326.2689	
demographic.popSize92	613.8671	900.9815	329.3683	0.027	2108.316	876.4389	0.027	329.3683	
demographic.popSize93	610.9988	924.042	324.1663	0.0441	2172.653	892.2431	0.1713	324.2874	
demographic.popSize94	601.2915	878.7364	318.4732	0.0187	2104.8475	879.227	0.4324	318.7777	
demographic.popSize95	599.0085	884.913	322.9971	3.3221E-3	2050.4642	863.8791	3.3221E-3	322.9971	
demographic.popSize96	600.9399	882.8569	317.8092	0.0688	2076.9635	872.339	0.0876	317.8092	
demographic.popSize97	608.3253	883.7302	327.0926	0.0427	2102.4497	886.849	0.0301	327.0926	
demographic.popSize98	612.9716	952.3269	309.9099	0.1219	2175.0495	814.0411	0.4007	310.0092	
demographic.popSize99	596.5145	870.1504	312.8549	0.0296	2118.3383	880.6699	0.0147	312.8549	
demographic.popSize100	587.7981	873.4744	310.7778	9.2876E-3	2092.5447	867.0992	9.2876E-3	310.7778	
demographic.popSize101	601.4709	885.9475	317.0874	0.0471	2134.5269	877.8779	6.4103E-3	317.0874	
demographic.popSize102	558.2021	830.0709	279.4055	6.946E-3	1991.802	766.0371	6.946E-3	279.4055	
demographic.popSize103	612.851	942.6177	324.4466	0.016	2112.1796	826.1253	0.0876	324.4536	
demographic.popSize104	609.8821	935.9976	314.5419	1.0104E-3	2134.7529	889.06	1.0104E-3	314.5419	
demographic.popSize105	593.2882	877.4541	312.7195	0.0379	2050.4252	975.8913	0.0413	312.7195	
demographic.popSize106	593.6782	883.2499	308.3741	0.0237	2121.4192	862.8005	0.0237	308.3741	
demographic.popSize107	584.487	851.8214	307.7194	0.032	2022.7775	934.4756	0.0602	307.7308	
demographic.popSize108	607.3959	898.5431	325.1365	0.0211	2068.7406	892.2261	0.0211	325.1365	
demographic.popSize109	604.9078	898.1766	323.6388	0.0188	2120.2076	878.7953	2.4945E-3	323.6388	
demographic.popSize110	612.3569	902.3832	329.8018	0.1198	2162.2428	924.002	0.1198	329.8499	
demographic.popSize111	591.2698	892.7139	312.6102	0.0302	2047.0127	926.0666	0.2418	312.6528	
demographic.popSize112	620.4037	978.8625	322.9115	0.0143	2149.7033	889.0119	0.1615	322.9115	
demographic.popSize113	605.1934	949.2387	316.362	5.2868E-3	2072.0614	943.1777	5.2868E-3	316.362	
demographic.popSize114	608.4475	922.7969	324.588	0.0987	2105.621	870.0286	0.1684	324.6395	
demographic.popSize115	607.6251	863.8043	329.3058	0.0732	2074.4686	913.8586	0.0732	329.3058	
demographic.popSize116	595.3498	875.1808	320.7034	0.0852	2092.5375	872.472	0.132	320.7034	
demographic.popSize117	608.6868	896.1401	323.7054	0.0267	2160.2332	884.5478	0.7086	324.2386	
demographic.popSize118	613.2816	922.6518	327.6918	0.0587	2141.7037	877.0603	0.2685	327.7871	
demographic.popSize119	592.0468	926.5482	306.2809	1.7418E-3	2077.0133	844.7925	0.145	306.2893	
demographic.popSize120	582.0417	859.7102	310.8697	0.0334	1994.1036	840.6341	0.0296	310.8697	
demographic.popSize121	588.0634	889.2633	312.3862	0.0866	2012.7841	875.8074	0.101	312.3862	
demographic.popSize122	611.5996	933.2749	326.0688	5.9734E-3	2055.4977	882.7113	5.9734E-3	326.0688	
demographic.popSize123	601.9956	896.6598	320.7814	0.0526	2131.5249	904.9906	0.0526	320.7814	
demographic.popSize124	597.7611	918.7245	305.7376	0.0734	2087.0396	851.9133	0.0734	305.7376	
demographic.popSize125	623.1449	908.1901	326.6109	0.0213	2180.4769	903.1901	0.0363	326.6109	
demographic.popSize126	619.1423	912.0584	330.5911	0.0352	2135.0215	876.5016	0.0807	330.6264	
demographic.popSize127	617.4565	907.1993	325.1443	0.0531	2152.9182	904.1115	0.1777	325.1522	
demographic.popSize128	609.0926	921.8802	319.404	1.2025E-3	2111.0619	935.9022	1.2025E-3	319.404	
demographic.popSize129	609.2321	898.6297	324.948	0.1517	2135.7052	995.2281	0.102	324.9533	
demographic.popSize130	603.7481	888.548	325.9826	0.0424	2108.4764	864.0944	0.1676	325.9853	
demographic.popSize131	608.5182	870.7184	325.1117	0.0482	2101.8722	933.7694	0.305	325.2497	
demographic.popSize132	601.0154	902.5196	319.0059	0.1545	2065.6506	870.8365	0.0905	319.0059	
demographic.popSize133	596.2444	863.2047	317.7206	0.0313	2028.9805	922.4894	0.0143	317.7206	
demographic.popSize134	601.6116	899.7162	320.3499	0.102	2099.946	885.6673	0.0974	320.3499	
demographic.popSize135	598.2489	861.1332	323.1894	0.0527	2053.4163	887.4095	0.5083	323.425	
demographic.popSize136	605.2853	892.5112	321.9611	0.0306	2139.6777	881.2871	0.0306	321.9611	
demographic.popSize137	605.8779	908.793	319.9723	0.0166	2104.7139	960.8566	9.8032E-3	319.9723	
demographic.popSize138	599.9856	887.031	324.9469	0.011	2070.0765	857.8942	0.011	324.9469	
demographic.popSize139	615.9969	948.2929	327.4124	9.1717E-3	2125.577	877.9435	0.0372	327.419	
demographic.popSize140	609.3045	943.5568	319.1394	0.0808	2133.0703	932.6269	9.184E-3	319.1394	
demographic.popSize141	599.7862	873.3284	326.2795	0.0322	2078.7316	901.5967	0.0913	326.2795	
demographic.popSize142	602.9678	879.9343	324.5648	1.6288E-3	2096.7606	966.3463	1.6288E-3	324.5648	
demographic.popSize143	603.4007	884.4153	324.7112	0.0329	2091.0844	1000.5748	0.2234	324.8087	
demographic.popSize144	611.4303	911.9814	327.3656	0.0577	2119.3433	961.6778	0.0236	327.3656	
demographic.popSize145	611.3262	922.6925	325.1015	0.0779	2136.1099	883.7246	0.0357	325.1015	
demographic.popSize146	609.3954	898.7701	327.3148	2.5894E-3	2120.2795	928.2426	2.5894E-3	327.3148	
demographic.popSize147	603.9381	888.6723	325.8154	0.0101	2097.5064	943.4804	0.0101	325.8154	
demographic.popSize148	612.7635	900.9773	324.008	1.8128E-3	2132.8843	854.2234	0.3376	324.3311	
demographic.popSize149	607.0887	876.7779	316.5995	0.029	2205.8728	935.718	0.1462	316.6232	
demographic.popSize150	609.5179	890.195	330.7761	0.0228	2109.4083	863.6696	0.04	330.7761	
demographic.popSize151	624.0277	943.3134	333.5893	0.0179	2127.8812	901.5876	0.0179	333.5893	
demographic.popSize152	613.9049	938.0696	324.1444	0.0106	2140.3652	901.5854	0.0106	324.1444	
demographic.popSize153	611.1664	909.3538	332.7669	0.0548	2132.9609	842.1636	0.0548	332.7669	
demographic.popSize154	605.2297	824.2908	337.9879	0.0706	2084.533	929.2973	0.0637	337.9879	
demographic.popSize155	603.0301	884.8555	320.5547	0.0163	2119.6475	929.3451	0.0639	320.5658	
demographic.popSize156	622.8799	939.702	321.926	0.0327	2154.8938	926.6282	0.0327	321.926	
demographic.popSize157	603.9397	901.2142	321.0904	0.0233	2061.4834	920.0896	0.0233	321.0904	
demographic.popSize158	605.3517	926.4685	326.4807	4.1643E-3	2068.131	831.696	0.1974	326.5189	
demographic.popSize159	609.9639	869.4462	325.3582	0.0598	2154.4966	888.9589	0.0217	325.3582	
demographic.popSize160	618.5504	933.2697	326.9519	0.0657	2151.2181	913.725	0.0769	326.9651	
demographic.popSize161	608.8603	881.2698	328.9929	0.0168	2108.1777	976.8569	0.0714	328.9929	
demographic.popSize162	607.6867	878.1235	329.8027	4.8733E-3	2093.1807	886.0759	4.8733E-3	329.8027	
demographic.popSize163	592.3505	839.8341	326.8833	0.0235	2028.7036	989.9835	0.0262	326.8833	
demographic.popSize164	615.7592	914.6785	329.9882	0.0141	2108.8467	844.8991	0.0734	330.0272	
demographic.popSize165	596.8997	879.181	318.2562	0.0142	2077.263	986.7812	0.0559	318.259	
demographic.popSize166	623.5951	924.9716	334.6112	0.0278	2137.851	766.8902	0.0789	334.6112	
demographic.popSize167	603.5653	842.9076	331.4791	0.0338	2083.5497	950.7338	0.0401	331.4791	
demographic.popSize168	612.4016	907.5585	328.8122	0.0206	2121.8077	986.2875	0.0567	328.8122	
demographic.popSize169	622.3116	921.2339	325.7026	6.7977E-3	2144.6541	870.2036	0.0469	325.7026	
demographic.popSize170	604.5297	879.1235	325.9968	4.6498E-3	2101.6605	986.9565	0.1598	326.1135	
demographic.popSize171	599.6083	865.1187	333.883	0.0284	2048.5453	920.9241	0.0284	333.883	
demographic.popSize172	612.7652	909.2665	329.9158	0.0316	2109.5563	916.5418	0.1504	330.0157	
demographic.popSize173	617.2549	903.0424	328.6341	0.0264	2174.4231	841.1217	0.2764	328.881	
demographic.popSize174	598.5926	878.3923	328.4207	0.0247	2051.5783	979.1406	0.0208	328.4207	
demographic.popSize175	604.5695	861.8884	324.0021	0.0924	2084.4885	947.2256	0.2928	324.1498	
demographic.popSize176	607.9604	878.8445	325.8031	2.4344E-4	2101.1596	925.1098	0.3945	326.0638	
demographic.popSize177	603.5034	861.952	325.1011	7.4086E-3	2121.7397	920.2754	0.0561	325.1011	
demographic.popSize178	605.7711	834.7544	332.4905	1.5417E-3	2132.9913	909.3554	1.5417E-3	332.4905	
demographic.popSize179	609.0649	909.5023	316.4279	0.0684	2158.178	987.5392	0.0565	316.4279	
demographic.popSize180	612.1315	954.4446	326.8968	0.0311	2104.2995	891.9794	0.0359	326.8996	
demographic.popSize181	622.4709	959.5833	326.456	0.0104	2162.7755	849.693	0.0104	326.456	
demographic.popSize182	613.1496	950.0112	329.4104	0.0796	2093.5561	961.2055	0.3636	329.5617	
demographic.popSize183	608.2748	896.5831	332.2979	0.0202	2090.5215	960.4992	0.0202	332.2979	
demographic.popSize184	613.0854	948.3224	324.0836	0.0203	2145.9742	944.6019	0.1848	324.1246	
demographic.popSize185	613.6112	930.822	324.0759	9.695E-3	2082.6892	941.7539	0.0381	324.0765	
demographic.popSize186	609.2431	903.0929	330.3298	0.0683	2132.2168	840.8797	0.4977	330.8015	
demographic.popSize187	599.5411	884.6755	326.8839	0.0586	2031.974	891.7476	0.276	326.9857	
demographic.popSize188	613.2134	981.4389	316.6126	0.0998	2113.8306	915.5042	0.1755	316.6182	
demographic.popSize189	614.7452	1030.6485	326.0673	0.0923	2136.2325	934.5637	0.1831	326.0775	
demographic.popSize190	611.1372	939.0971	319.1345	0.0101	2113.3756	860.3466	0.1659	319.2044	
demographic.popSize191	621.2205	929.8334	325.1308	0.0333	2172.1711	895.0035	0.0333	325.1308	
demographic.popSize192	601.1245	841.3143	326.7821	7.1218E-3	2077.482	987.2135	7.1218E-3	326.7821	
demographic.popSize193	601.0777	879.0863	324.9274	0.0124	2091.3199	957.1	2.5807E-3	324.9274	
demographic.popSize194	600.6465	866.1386	321.5418	0.0392	2071.609	886.1249	0.1006	321.5539	
demographic.popSize195	601.4312	849.1565	324.5808	2.6665E-3	2083.6581	955.4451	2.6665E-3	324.5808	
demographic.popSize196	612.4308	919.4916	328.2175	0.0495	2111.1544	905.3617	0.0495	328.2175	
demographic.popSize197	601.3068	894.4334	318.6415	0.0589	2104.6915	880.7662	0.0589	318.6634	
demographic.popSize198	592.7372	882.7181	313.3936	9.7626E-4	2085.1285	835.0761	0.0485	313.3936	
demographic.popSize199	590.1523	887.7494	306.9582	0.0283	2017.2739	907.5273	0.3846	307.1299	
demographic.popSize200	610.8086	972.8558	315.7344	0.0385	2122.7389	865.6359	0.0385	315.7344	
demographic.indicators1	2.1907E-3	0.0468	0	0	0	37789.079	0	0	
demographic.indicators2	0.0122	0.1098	0	0	0	321.7125	0	0	
demographic.indicators3	1.3067E-3	0.0361	0	0	0	2068.8853	0	0	
demographic.indicators4	0.0406	0.1974	0	0	0	213.5889	0	0	
demographic.indicators5	4.76E-4	0.0218	0	0	0	6783.0507	0	0	
demographic.indicators6	0.0947	0.2928	0	0	1	197.4508	0	0	
demographic.indicators7	0.1326	0.3391	0	0	1	201.5808	0	0	
demographic.indicators8	0.0456	0.2086	0	0	0	230.9587	0	0	
demographic.indicators9	0.108	0.3104	0	0	1	197.4951	0	0	
demographic.indicators10	0.0196	0.1386	0	0	0	251.692	0	0	
demographic.indicators11	0.2061	0.4045	0	0	1	203.4874	0	0	
demographic.indicators12	0.0422	0.201	0	0	0	223.5365	0	0	
demographic.indicators13	0.0907	0.2871	0	0	1	211.3427	0	0	
demographic.indicators14	0.1671	0.373	0	0	1	194.9621	0	0	
demographic.indicators15	5.728E-3	0.0755	0	0	0	366.5046	0	0	
demographic.indicators16	4.1373E-3	0.0642	0	0	0	1408.1143	0	0	
demographic.indicators17	0.0343	0.1821	0	0	0	236.8339	0	0	
demographic.indicators18	3.4773E-3	0.0589	0	0	0	3000.1426	0	0	
demographic.indicators19	2.9693E-3	0.0544	0	0	0	8044.7914	0	0	
demographic.indicators20	2.3413E-3	0.0483	0	0	0	10672.1214	0	0	
demographic.indicators21	2.6467E-3	0.0514	0	0	0	7330.5631	0	0	
demographic.indicators22	3.1013E-3	0.0556	0	0	0	6718.9024	0	0	
demographic.indicators23	4.572E-3	0.0675	0	0	0	1482.665	0	0	
demographic.indicators24	6.48E-3	0.0802	0	0	0	818.6283	0	0	
demographic.indicators25	0.0176	0.1316	0	0	0	300.3472	0	0	
demographic.indicators26	9.472E-3	0.0969	0	0	0	549.1451	0	0	
demographic.indicators27	0.0174	0.1308	0	0	0	431.96	0	0	
demographic.indicators28	0.0113	0.1059	0	0	0	445.2315	0	0	
demographic.indicators29	0.0183	0.134	0	0	0	356.9995	0	0	
demographic.indicators30	0.0125	0.1113	0	0	0	334.6933	0	0	
demographic.indicators31	3.316E-3	0.0575	0	0	0	2585.2205	0	0	
demographic.indicators32	8.68E-3	0.0928	0	0	0	625.2103	0	0	
demographic.indicators33	8.7427E-3	0.0931	0	0	0	513.8054	0	0	
demographic.indicators34	9.1893E-3	0.0954	0	0	0	554.2977	0	0	
demographic.indicators35	5.06E-3	0.071	0	0	0	2284.8036	0	0	
demographic.indicators36	4.156E-3	0.0643	0	0	0	1023.2027	0	0	
demographic.indicators37	0.0205	0.1416	0	0	0	382.577	0	0	
demographic.indicators38	0.0227	0.1488	0	0	0	302.6516	0	0	
demographic.indicators39	0.0223	0.1476	0	0	0	348.5469	0	0	
demographic.indicators40	0.0594	0.2365	0	0	1	243.058	0	0	
demographic.indicators41	0.0424	0.2014	0	0	0	313.7661	0	0	
demographic.indicators42	0.0139	0.1172	0	0	0	462.4287	0	0	
demographic.indicators43	0.0281	0.1652	0	0	0	279.6394	0	0	
demographic.indicators44	0.0228	0.1492	0	0	0	366.5851	0	0	
demographic.indicators45	0.0127	0.1119	0	0	0	709.6377	0	0	
demographic.indicators46	0.0359	0.1861	0	0	0	306.4509	0	0	
demographic.indicators47	0.022	0.1466	0	0	0	330.3103	0	0	
demographic.indicators48	0.0193	0.1375	0	0	0	357.5717	0	0	
demographic.indicators49	0.0349	0.1835	0	0	0	280.923	0	0	
demographic.indicators50	0.0385	0.1924	0	0	0	303.1564	0	0	
demographic.indicators51	0.0481	0.2139	0	0	0	277.8148	0	0	
demographic.indicators52	0.0325	0.1774	0	0	0	281.5564	0	0	
demographic.indicators53	0.0331	0.1789	0	0	0	363.082	0	0	
demographic.indicators54	0.0419	0.2004	0	0	0	287.5028	0	0	
demographic.indicators55	7.984E-3	0.089	0	0	0	954.1212	0	0	
demographic.indicators56	0.0268	0.1616	0	0	0	411.8361	0	0	
demographic.indicators57	0.0418	0.2002	0	0	0	302.0226	0	0	
demographic.indicators58	0.0286	0.1665	0	0	0	353.9625	0	0	
demographic.indicators59	7.9467E-3	0.0888	0	0	0	1119.6865	0	0	
demographic.indicators60	0.0397	0.1952	0	0	0	300.7153	0	0	
demographic.indicators61	0.0345	0.1824	0	0	0	319.5536	0	0	
demographic.indicators62	0.0351	0.184	0	0	0	336.5475	0	0	
demographic.indicators63	0.024	0.1531	0	0	0	363.0095	0	0	
demographic.indicators64	0.0328	0.178	0	0	0	310.2782	0	0	
demographic.indicators65	0.0129	0.1128	0	0	0	495.0477	0	0	
demographic.indicators66	4.4933E-3	0.0669	0	0	0	614.3844	0	0	
demographic.indicators67	0.0198	0.1394	0	0	0	321.0748	0	0	
demographic.indicators68	0.0178	0.1322	0	0	0	289.1795	0	0	
demographic.indicators69	0.0247	0.1553	0	0	0	292.5622	0	0	
demographic.indicators70	0.018	0.1328	0	0	0	356.1413	0	0	
demographic.indicators71	8.484E-3	0.0917	0	0	0	516.9698	0	0	
demographic.indicators72	3.3507E-3	0.0578	0	0	0	3613.0967	0	0	
demographic.indicators73	8.932E-3	0.0941	0	0	0	484.007	0	0	
demographic.indicators74	0.0361	0.1866	0	0	0	237.2892	0	0	
demographic.indicators75	0.0205	0.1415	0	0	0	320.7262	0	0	
demographic.indicators76	0.0139	0.1171	0	0	0	384.4237	0	0	
demographic.indicators77	0.0146	0.1201	0	0	0	376.7132	0	0	
demographic.indicators78	9.068E-3	0.0948	0	0	0	502.2582	0	0	
demographic.indicators79	7.9293E-3	0.0887	0	0	0	483.9044	0	0	
demographic.indicators80	9.4347E-3	0.0967	0	0	0	548.1017	0	0	
demographic.indicators81	0.0142	0.1183	0	0	0	326.0504	0	0	
demographic.indicators82	8.92E-3	0.094	0	0	0	628.8429	0	0	
demographic.indicators83	8.2027E-3	0.0902	0	0	0	324.5155	0	0	
demographic.indicators84	0.018	0.1331	0	0	0	363.3822	0	0	
demographic.indicators85	0.0314	0.1745	0	0	0	244.3173	0	0	
demographic.indicators86	0.0166	0.1277	0	0	0	341.1588	0	0	
demographic.indicators87	0.0112	0.1051	0	0	0	325.7928	0	0	
demographic.indicators88	0.0271	0.1624	0	0	0	251.0876	0	0	
demographic.indicators89	0.0514	0.2209	0	0	1	242.7451	0	0	
demographic.indicators90	0.012	0.1087	0	0	0	360.5248	0	0	
demographic.indicators91	9.328E-3	0.0961	0	0	0	403.9328	0	0	
demographic.indicators92	0.0141	0.1179	0	0	0	406.0489	0	0	
demographic.indicators93	0.0193	0.1376	0	0	0	266.1804	0	0	
demographic.indicators94	0.0191	0.137	0	0	0	305.1648	0	0	
demographic.indicators95	9.9187E-3	0.0991	0	0	0	441.635	0	0	
demographic.indicators96	4.7147E-3	0.0685	0	0	0	928.92	0	0	
demographic.indicators97	0.0277	0.164	0	0	0	322.7594	0	0	
demographic.indicators98	0.0208	0.1425	0	0	0	285.2134	0	0	
demographic.indicators99	0.0269	0.1617	0	0	0	264.5333	0	0	
demographic.indicators100	0.0194	0.1381	0	0	0	264.4923	0	0	
demographic.indicators101	0.0656	0.2476	0	0	1	213.6928	0	0	
demographic.indicators102	6.9747E-3	0.0832	0	0	0	507.7953	0	0	
demographic.indicators103	0.0113	0.1057	0	0	0	379.328	0	0	
demographic.indicators104	0.0228	0.1492	0	0	0	304.1498	0	0	
demographic.indicators105	0.0247	0.1552	0	0	0	254.5773	0	0	
demographic.indicators106	0.0297	0.1698	0	0	0	282.5766	0	0	
demographic.indicators107	0.0116	0.1071	0	0	0	380.9156	0	0	
demographic.indicators108	0.018	0.1331	0	0	0	310.0132	0	0	
demographic.indicators109	0.0191	0.1367	0	0	0	315.6302	0	0	
demographic.indicators110	0.0195	0.1383	0	0	0	296.135	0	0	
demographic.indicators111	0.0124	0.1105	0	0	0	407.9849	0	0	
demographic.indicators112	0.0216	0.1452	0	0	0	298.1715	0	0	
demographic.indicators113	0.0294	0.1691	0	0	0	239.7187	0	0	
demographic.indicators114	9.1187E-3	0.0951	0	0	0	443.554	0	0	
demographic.indicators115	0.0181	0.1332	0	0	0	297.9224	0	0	
demographic.indicators116	5.344E-3	0.0729	0	0	0	569.2591	0	0	
demographic.indicators117	3.7853E-3	0.0614	0	0	0	1003.3938	0	0	
demographic.indicators118	0.0398	0.1954	0	0	0	242.9234	0	0	
demographic.indicators119	0.032	0.1761	0	0	0	236.3381	0	0	
demographic.indicators120	0.0201	0.1404	0	0	0	280.2478	0	0	
demographic.indicators121	8.46E-3	0.0916	0	0	0	321.3304	0	0	
demographic.indicators122	0.0168	0.1286	0	0	0	347.8163	0	0	
demographic.indicators123	0.0404	0.1969	0	0	0	289.7598	0	0	
demographic.indicators124	8.636E-3	0.0925	0	0	0	279.1799	0	0	
demographic.indicators125	6.0667E-3	0.0777	0	0	0	753.3043	0	0	
demographic.indicators126	0.0159	0.1249	0	0	0	268.4121	0	0	
demographic.indicators127	0.0159	0.1252	0	0	0	277.298	0	0	
demographic.indicators128	0.0148	0.1206	0	0	0	308.6541	0	0	
demographic.indicators129	0.0282	0.1654	0	0	0	266.498	0	0	
demographic.indicators130	3.1027E-3	0.0556	0	0	0	1410.205	0	0	
demographic.indicators131	7.3507E-3	0.0854	0	0	0	336.7137	0	0	
demographic.indicators132	4.872E-3	0.0696	0	0	0	355.1438	0	0	
demographic.indicators133	4.584E-3	0.0675	0	0	0	290.9427	0	0	
demographic.indicators134	0.01	0.0997	0	0	0	409.885	0	0	
demographic.indicators135	4.1933E-3	0.0646	0	0	0	583.3468	0	0	
demographic.indicators136	4.88E-3	0.0697	0	0	0	543.1717	0	0	
demographic.indicators137	8.9267E-3	0.0941	0	0	0	411.9683	0	0	
demographic.indicators138	5.8933E-4	0.0243	0	0	0	7786.2546	0	0	
demographic.indicators139	6.4653E-3	0.0801	0	0	0	466.4111	0	0	
demographic.indicators140	4.6133E-4	0.0215	0	0	0	9834.3672	0	0	
demographic.indicators141	1.9347E-3	0.0439	0	0	0	713.1115	0	0	
demographic.indicators142	2.9093E-3	0.0539	0	0	0	1687.7112	0	0	
demographic.indicators143	3.3867E-4	0.0184	0	0	0	21374.5846	0	0	
demographic.indicators144	8.5067E-4	0.0292	0	0	0	3021.1991	0	0	
demographic.indicators145	2.612E-3	0.051	0	0	0	1692.2556	0	0	
demographic.indicators146	1.9573E-3	0.0442	0	0	0	869.8176	0	0	
demographic.indicators147	3.6133E-4	0.019	0	0	0	13920.1562	0	0	
demographic.indicators148	6.3747E-3	0.0796	0	0	0	300.5734	0	0	
demographic.indicators149	2.6307E-3	0.0512	0	0	0	632.6706	0	0	
demographic.indicators150	9.3333E-4	0.0305	0	0	0	7085.8672	0	0	
demographic.indicators151	2.12E-4	0.0146	0	0	0	54961.8062	0	0	
demographic.indicators152	4.0973E-3	0.0639	0	0	0	315.4643	0	0	
demographic.indicators153	9.36E-4	0.0306	0	0	0	12018.0034	0	0	
demographic.indicators154	5.6533E-4	0.0238	0	0	0	10707.8192	0	0	
demographic.indicators155	4.6933E-4	0.0217	0	0	0	18058.0109	0	0	
demographic.indicators156	9.92E-4	0.0315	0	0	0	3646.9168	0	0	
demographic.indicators157	5.84E-4	0.0242	0	0	0	7098.8231	0	0	
demographic.indicators158	2.1813E-3	0.0467	0	0	0	2742.4525	0	0	
demographic.indicators159	2.28E-4	0.0151	0	0	0	59247.0702	0	0	
demographic.indicators160	8.9067E-4	0.0298	0	0	0	2835.2828	0	0	
demographic.indicators161	2.1867E-4	0.0148	0	0	0	38625.8474	0	0	
demographic.indicators162	2.6133E-4	0.0162	0	0	0	48459.0737	0	0	
demographic.indicators163	4.3853E-3	0.0661	0	0	0	398.3033	0	0	
demographic.indicators164	3.16E-4	0.0178	0	0	0	23161.9746	0	0	
demographic.indicators165	1.6293E-3	0.0403	0	0	0	2091.0142	0	0	
demographic.indicators166	6.28E-4	0.0251	0	0	0	14612.508	0	0	
demographic.indicators167	3.16E-4	0.0178	0	0	0	31191.6875	0	0	
demographic.indicators168	5.76E-4	0.024	0	0	0	7445.7693	0	0	
demographic.indicators169	3.4667E-4	0.0186	0	0	0	34246.4236	0	0	
demographic.indicators170	3.3733E-4	0.0184	0	0	0	39418.2312	0	0	
demographic.indicators171	7.7467E-4	0.0278	0	0	0	6577.4228	0	0	
demographic.indicators172	5.4933E-4	0.0234	0	0	0	18518.6525	0	0	
demographic.indicators173	5.72E-4	0.0239	0	0	0	12591.6092	0	0	
demographic.indicators174	3.1187E-3	0.0558	0	0	0	498.3682	0	0	
demographic.indicators175	6.16E-4	0.0248	0	0	0	25608.9984	0	0	
demographic.indicators176	8.52E-4	0.0292	0	0	0	5855.8355	0	0	
demographic.indicators177	1.8253E-3	0.0427	0	0	0	1349.9704	0	0	
demographic.indicators178	7.12E-4	0.0267	0	0	0	9531.5587	0	0	
demographic.indicators179	1.696E-3	0.0411	0	0	0	1822.8777	0	0	
demographic.indicators180	4.6667E-4	0.0216	0	0	0	15050.2641	0	0	
demographic.indicators181	9E-4	0.03	0	0	0	6598.0696	0	0	
demographic.indicators182	8.2533E-4	0.0287	0	0	0	16864.9026	0	0	
demographic.indicators183	8.52E-4	0.0292	0	0	0	27045.2556	0	0	
demographic.indicators184	1.056E-3	0.0325	0	0	0	4979.4335	0	0	
demographic.indicators185	1.592E-3	0.0399	0	0	0	7316.1534	0	0	
demographic.indicators186	2.74E-3	0.0523	0	0	0	1095.1227	0	0	
demographic.indicators187	1.888E-3	0.0434	0	0	0	3907.6472	0	0	
demographic.indicators188	2.6147E-3	0.0511	0	0	0	3941.3184	0	0	
demographic.indicators189	2.3013E-3	0.0479	0	0	0	2970.5347	0	0	
demographic.indicators190	1.612E-3	0.0401	0	0	0	9771.7547	0	0	
demographic.indicators191	1.4333E-3	0.0378	0	0	0	19788.9815	0	0	
demographic.indicators192	1.9547E-3	0.0442	0	0	0	8530.1846	0	0	
demographic.indicators193	5.8E-3	0.0759	0	0	0	455.5559	0	0	
demographic.indicators194	4.8547E-3	0.0695	0	0	0	3441.8418	0	0	
demographic.indicators195	5.9507E-3	0.0769	0	0	0	3428.8523	0	0	
demographic.indicators196	9.9333E-3	0.0992	0	0	0	1704.4482	0	0	
demographic.indicators197	0.0245	0.1547	0	0	0	362.7927	0	0	
demographic.indicators198	0.0344	0.1822	0	0	0	289.7598	0	0	
demographic.indicators199	0.0206	0.1421	0	0	0	644.3142	0	0	
kappa	2.2165	0.1477	2.2113	1.932	2.508	10801.4666	2.1083	2.3068	
frequencies1	0.2773	0.0102	0.2773	0.2577	0.2977	12878.3475	0.2709	0.2845	
frequencies2	0.2115	9.0465E-3	0.2114	0.1943	0.2295	11859.7506	0.2051	0.2173	
frequencies3	0.1948	8.7237E-3	0.1947	0.1779	0.2119	13503.2247	0.1887	0.2004	
frequencies4	0.3163	0.0109	0.3162	0.2945	0.3375	12664.851	0.3086	0.3231	
alpha	0.5983	0.0529	0.5958	0.4967	0.7033	24500.6339	0.5565	0.626	
default.ucld.mean	1.3706E-3	4.1213E-4	1.2835E-3	7.2128E-4	2.2066E-3	239.3616	9.4091E-4	1.3938E-3	
default.ucld.stdev	0.0204	0.0145	0.0162	4.3392E-3	0.0479	315.0183	7.2324E-3	0.0174	
host.ucld.mean	0.0148	3.169E-3	0.0143	9.4428E-3	0.0214	326.0035	0.0118	0.0154	
host.ucld.stdev	3.081E-3	2.7074E-3	2.3998E-3	3.5224E-8	8.2438E-3	1402.5861	3.3037E-7	2.3999E-3	
default.meanRate	8.1202E-4	1.0607E-4	8.0327E-4	6.0899E-4	1.0307E-3	249.1047	7.2822E-4	8.5931E-4	
default.coefficientOfVariation	3.4591	0.5568	3.3226	2.6211	4.7407	277.0362	2.9238	3.4499	
default.covariance	0.0465	0.0467	0.0377	-0.0253	0.1411	338.61	-0.0046	0.0501	
host.meanRate	0.0149	3.2234E-3	0.0144	9.4875E-3	0.0217	328.8111	0.0119	0.0155	
host.coefficientOfVariation	0.2045	0.1641	0.1674	2.8418E-6	0.5223	2086.9079	6.7653E-6	0.1674	
host.covariance	-0.0026	0.0497	-0.0027	-0.0993	0.0948	23393.142	-0.0353	0.0319	
host.rates.Amaranthaceae.Brassicaceae	0.9237	0.9798	0.5867	5.7574E-5	2.9347	2603.0729	2.79E-4	0.5868	
host.rates.Amaranthaceae.Fabaceae	0.8152	0.8925	0.5279	1.1348E-4	2.6419	3080.4639	3.7387E-4	0.5281	
host.rates.Amaranthaceae.Poaceae	0.774	0.8106	0.5185	2.6056E-4	2.4088	2772.9093	2.8868E-4	0.5185	
host.rates.Amaranthaceae.Solanaceae	0.9001	0.9788	0.5782	1.261E-4	2.8982	2323.4526	4.3672E-4	0.5784	
host.rates.Brassicaceae.Fabaceae	1.4449	0.9001	1.3568	4.1191E-4	3.0565	763.2009	0.4703	1.6556	
host.rates.Brassicaceae.Poaceae	1.4683	0.8887	1.3903	5.6378E-5	3.0134	754.3914	0.7046	1.8178	
host.rates.Brassicaceae.Solanaceae	1.4328	0.8511	1.3567	1.0481E-3	2.9354	795.1762	0.8111	1.8627	
host.rates.Fabaceae.Poaceae	1.0904	0.9255	0.8889	4.0636E-5	2.7636	804.6708	4.0636E-5	0.8889	
host.rates.Fabaceae.Solanaceae	1.0953	0.9405	0.938	2.5861E-6	2.8018	913.1633	2.5861E-6	0.938	
host.rates.Poaceae.Solanaceae	0.8432	0.9428	0.5153	8.7508E-5	2.7543	2222.6531	1.4741E-4	0.5153	
host.rates.Brassicaceae.Amaranthaceae	1.4235	0.855	1.3389	1.397E-4	2.9234	920.9955	0.7979	1.8587	
host.rates.Fabaceae.Amaranthaceae	1.0985	0.944	0.8907	2.0713E-4	2.7933	801.4245	2.0713E-4	0.8907	
host.rates.Poaceae.Amaranthaceae	0.7218	0.8186	0.4451	1.1899E-4	2.3481	3014.7818	1.4129E-4	0.4451	
host.rates.Solanaceae.Amaranthaceae	0.6976	0.8073	0.4255	4.2819E-5	2.2993	2661.4556	1.1802E-4	0.4255	
host.rates.Fabaceae.Brassicaceae	1.1607	0.9357	1.0249	2.3945E-4	2.8235	756.3842	3.2934E-4	1.025	
host.rates.Poaceae.Brassicaceae	0.852	0.9736	0.5179	4.5247E-6	2.7008	1433.9024	4.9201E-6	0.5179	
host.rates.Solanaceae.Brassicaceae	0.7906	0.9113	0.5006	2.8421E-5	2.6238	3370.6892	2.8421E-5	0.5006	
host.rates.Poaceae.Fabaceae	0.8245	0.9472	0.5022	2.7004E-6	2.7362	1906.524	2.5695E-6	0.5022	
host.rates.Solanaceae.Fabaceae	0.8315	0.9386	0.5279	1.4449E-5	2.721	2974.5825	1.4193E-5	0.5279	
host.rates.Solanaceae.Poaceae	0.7824	0.8929	0.4622	1.2835E-4	2.6025	2159.7098	1.764E-4	0.4623	
host.indicators.Amaranthaceae.Brassicaceae	0.1072	0.3094	0	0	1	6808.4762	0	0	
host.indicators.Amaranthaceae.Fabaceae	0.3237	0.4679	0	0	1	1209.7598	0	0	
host.indicators.Amaranthaceae.Poaceae	0.4459	0.4971	0	0	1	2168.5555	0	0	
host.indicators.Amaranthaceae.Solanaceae	0.1563	0.3632	0	0	1	3592.9078	0	0	
host.indicators.Brassicaceae.Fabaceae	0.7575	0.4286	1	0	1	239.567	1	1	
host.indicators.Brassicaceae.Poaceae	0.7766	0.4165	1	0	1	261.1647	1	1	
host.indicators.Brassicaceae.Solanaceae	0.7896	0.4076	1	0	1	279.5995	1	1	
host.indicators.Fabaceae.Poaceae	0.4831	0.4997	0	0	1	395.5085	0	0	
host.indicators.Fabaceae.Solanaceae	0.4496	0.4975	0	0	1	362.0784	0	0	
host.indicators.Poaceae.Solanaceae	0.2049	0.4036	0	0	1	2813.0467	0	0	
host.indicators.Brassicaceae.Amaranthaceae	0.7656	0.4236	1	0	1	250.1007	1	1	
host.indicators.Fabaceae.Amaranthaceae	0.4605	0.4984	0	0	1	370.9515	0	0	
host.indicators.Poaceae.Amaranthaceae	0.4702	0.4991	0	0	1	1638.9731	0	0	
host.indicators.Solanaceae.Amaranthaceae	0.4785	0.4995	0	0	1	1418.5458	0	0	
host.indicators.Fabaceae.Brassicaceae	0.5281	0.4992	1	0	1	355.1349	1	1	
host.indicators.Poaceae.Brassicaceae	0.25	0.433	0	0	1	2272.6429	0	0	
host.indicators.Solanaceae.Brassicaceae	0.2247	0.4174	0	0	1	2797.9323	0	0	
host.indicators.Poaceae.Fabaceae	0.2773	0.4477	0	0	1	2356.5948	0	0	
host.indicators.Solanaceae.Fabaceae	0.2114	0.4083	0	0	1	2343.3586	0	0	
host.indicators.Solanaceae.Poaceae	0.3108	0.4628	0	0	1	1964.316	0	0	
host.nonZeroRates	8.4715	1.3265	8	6	11	1041.8566	7	8	
default.treeLikelihood	-7106.9294	13.708	-7106.541	-7134.3066	-7080.5639	838.267	-7115.1994	-7096.7574	
default.branchRates	-2382.6079	0	0	0	0	NaN	0	0	
host.branchRates	-2382.6079	0	0	0	0	NaN	0	0	
c_host.count[1]	121.6942	6.4386	121	110	135	478.3258	115	122	
c_allTransitions[1]	121.6973	6.4383	121	109	134	478.7456	115	122	
coalescent	-1249.3146	33.4045	-1249.4423	-1317.048	-1182.3383	231.4173	-1271.4147	-1228.4286	

