burnIn   <= 25000000,   maxState  = 100000000
statistic	mean	stdErr	median	hpdLower	hpdUpper	ESS	50hpdLower	50hpdUpper
joint	-15719.2065	147.8926	-15711.8824	-16016.2068	-15429.6577	238.9064	-15786.9099	-15593.4843	
prior	-7553.1419	147.9922	-7544.912	-7848.503	-7266.4125	236.56	-7628.4714	-7435.0724	
likelihood	-8166.0646	18.7642	-8165.418	-8203.1454	-8129.4068	580.0126	-8176.8368	-8151.9988	
treeModel.rootHeight	88.2111	27.8695	83.1313	47.2444	141.9784	260.3061	62.4181	90.0504	
age(root)	1932.7889	27.8695	1937.8687	1879.0216	1973.7556	260.3061	1930.9496	1958.5819	
treeLength	3100.9096	596.4672	3001.7629	2148.2119	4355.9902	203.8594	2533.8603	3221.6114	
tmrca(ingroup)	88.2111	27.8695	83.1313	47.2444	141.9784	260.3061	62.4181	90.0504	
age(ingroup)	1932.7889	27.8695	1937.8687	1879.0216	1973.7556	260.3061	1930.9496	1958.5819	
demographic.populationSizeChanges	3.3068	0.5607	3	3	4	951.3019	3	3	
demographic.populationMean	600.0174	591.2642	441.2505	77.4049	1558.3809	256.5868	164.0849	484.1411	
demographic.popSize1	347.2544	356.0201	215.3934	2.1115	1019.03	255.034	84.3161	280.5999	
demographic.popSize2	603.3841	1029.4409	298.2176	0.0851	2171.9877	786.9821	0.0851	298.2346	
demographic.popSize3	603.7233	1056.5392	302.2025	1.4028E-3	2108.7439	724.8413	0.0663	302.2057	
demographic.popSize4	573.5816	1074.6591	266.4037	0.0309	2042.168	700.0272	0.0352	266.4037	
demographic.popSize5	591.9313	952.8406	305.2326	0.0166	2039.7786	743.8719	0.1902	305.3176	
demographic.popSize6	602.574	1010.743	299.7197	4.5566E-3	2093.7101	680.2143	0.08	299.7197	
demographic.popSize7	591.5608	928.7905	301.8628	0.0326	2118.1631	711.2076	0.024	301.8628	
demographic.popSize8	510.8675	907.1943	230.0874	0.0182	1918.7296	570.1896	0.0611	230.1133	
demographic.popSize9	566.1663	1026.1088	267.6263	0.0157	2025.2199	649.7148	0.0157	267.6263	
demographic.popSize10	463.2887	800.0407	198.6787	0.0909	1821.8275	718.0063	0.3485	198.9293	
demographic.popSize11	588.7191	969.056	293.8475	0.0345	2086.5772	723.1974	0.0345	293.8475	
demographic.popSize12	558.8071	1062.1392	256.9966	0.0474	1992.423	593.2373	0.0474	257.019	
demographic.popSize13	587.6553	976.7219	290.8057	0.0252	2062.9738	679.072	0.0513	290.8057	
demographic.popSize14	592.8633	1126.5325	290.1266	0.0243	2097.5434	769.8647	0.0243	290.1266	
demographic.popSize15	570.1305	971.4769	274.0824	0.0347	2048.2854	708.4343	0.0158	274.0824	
demographic.popSize16	605.5691	1035.5425	303.6527	0.0548	2150.6768	742.7941	0.1145	303.6791	
demographic.popSize17	595.3007	1039.3254	295.371	0.0476	2065.8935	689.5035	0.2472	295.4558	
demographic.popSize18	604.6418	1012.7204	303.5159	4.0219E-3	2123.6531	673.6376	0.0481	303.5159	
demographic.popSize19	573.6914	921.3501	286.9858	4.8448E-3	2023.1986	688.2163	0.1133	287.0359	
demographic.popSize20	612.8951	1007.0304	305.7919	0.0564	2154.0222	677	0.0464	305.7919	
demographic.popSize21	593.9806	961.9575	299.3551	9.0626E-3	2088.3531	733.3222	0.1264	299.3551	
demographic.popSize22	407.9588	887.3358	136.7747	0.0181	1629.9967	555.0116	0.0181	136.7747	
demographic.popSize23	586.4194	1013.461	294.0049	4.7381E-3	2035.4621	767.1529	4.7381E-3	294.0049	
demographic.popSize24	598.2202	963.2114	300.8757	6.5032E-3	2057.8592	771.1952	0.0709	300.8994	
demographic.popSize25	603.3258	1023.0017	302.0831	6.3728E-4	2123.8525	668.8006	0.1931	302.1615	
demographic.popSize26	602.0061	1032.442	292.3025	0.0127	2117.0958	708.6206	0.0127	292.3025	
demographic.popSize27	605.6021	1057.3916	305.2344	0.0577	2103.8944	781.3708	0.0382	305.2344	
demographic.popSize28	599.8055	1026.4473	295.7623	5.4513E-3	2144.0984	681.1284	5.4513E-3	295.7623	
demographic.popSize29	598.2104	984.3606	308.3131	4.6729E-3	2073.7042	756.3132	5.6803E-3	308.3131	
demographic.popSize30	603.8591	1097.8914	294.1214	0.0247	2134.2008	700.3314	0.0247	294.1214	
demographic.popSize31	604.8649	1047.7159	305.4522	4.7704E-3	2064.5239	700.0538	4.7704E-3	305.4522	
demographic.popSize32	605.7532	993.7584	307.5949	6.2064E-3	2131.0083	707.1233	0.0259	307.5949	
demographic.popSize33	613.6937	1142.4371	304.5827	0.0106	2118.6066	696.0069	0.0168	304.5827	
demographic.popSize34	589.8749	1116.6392	301.2587	0.0489	2010.4067	816.7545	9.8045E-3	301.2587	
demographic.popSize35	610.9282	1081.2676	299.694	0.0314	2187.0785	728.5476	0.1301	299.7441	
demographic.popSize36	597.2929	963.6524	298.6052	0.0138	2097.935	723.1866	0.0138	298.6052	
demographic.popSize37	607.2664	1019.2341	305.7043	0.044	2174.0452	718.3252	0.1852	305.8051	
demographic.popSize38	595.7183	968.6739	302.0735	0.0175	2140.6441	733.598	0.0175	302.0735	
demographic.popSize39	614.0878	1183.2832	303.5408	0.0107	2182.5156	710.7969	0.0566	303.5408	
demographic.popSize40	613.8187	1118.2766	301.7607	0.0626	2161.7856	647.2126	0.05	301.7896	
demographic.popSize41	603.5457	1045.4574	300.5667	0.0515	2118.9635	772.9237	0.0515	300.5667	
demographic.popSize42	598.9144	1008.665	290.6254	0.0202	2194.0676	708.9177	0.0133	290.6254	
demographic.popSize43	588.9757	999.8222	306.9059	0.0388	2027.0893	848.2027	0.031	306.9147	
demographic.popSize44	605.8662	1161.87	306.5736	0.0285	2088.8769	743.4284	0.1402	306.6172	
demographic.popSize45	621.4502	1054.8847	306.8198	0.084	2227.6396	696.9309	0.084	306.8198	
demographic.popSize46	606.4449	1008.1528	303.4462	0.0214	2152.927	719.0318	0.8253	304.0949	
demographic.popSize47	612.3406	1034.7595	313.3138	7.7183E-3	2160.557	673.4496	5.5674E-3	313.3138	
demographic.popSize48	653.177	1068.7396	312.5428	0.0455	2493.4225	567.9442	0.0455	312.5428	
demographic.popSize49	623.2705	1089.0331	302.8829	0.1165	2208.9586	665.9157	0.1165	302.895	
demographic.popSize50	604.7233	977.4815	301.7472	0.0194	2076.088	683.4053	0.0546	301.7472	
demographic.popSize51	635.9548	960.2065	321.4148	0.0277	2271.1389	643.0565	0.0187	321.4148	
demographic.popSize52	619.0114	1018.1744	315.1517	7.6157E-3	2114.4311	747.1865	7.6157E-3	315.1517	
demographic.popSize53	592.0728	918.7474	308.3721	8.3005E-3	2046.2235	759.1037	0.116	308.4315	
demographic.popSize54	607.7333	863.3721	317.1305	0.029	2172.933	738.7938	0.0638	317.1613	
demographic.popSize55	620.2415	1043.9703	313.2864	0.0503	2227.3353	739.6288	0.0483	313.3231	
demographic.popSize56	622.7886	991.9946	318.5182	0.0139	2228.9623	715.373	0.0139	318.5182	
demographic.popSize57	620.7717	1104.4851	311.0413	0.0473	2167.8463	777.3528	0.0133	311.0413	
demographic.popSize58	637.7805	1005.4464	305.6666	0.4589	2396.313	627.7722	0.0534	305.6666	
demographic.popSize59	618.1918	1081.8726	317.0309	0.0174	2056.1632	735.4467	0.1941	317.0567	
demographic.popSize60	607.465	974.247	307.2768	0.0191	2105.7397	735.8121	0.0579	307.2768	
demographic.popSize61	628.5122	1061.7167	318.3973	0.0269	2129.5319	640.5486	0.0296	318.3973	
demographic.popSize62	639.4652	1020.1459	316.032	0.0149	2268.5934	612.4839	0.0229	316.032	
demographic.popSize63	610.3462	991.4067	309.9933	0.0151	2098.5022	715.5044	0.0159	309.9933	
demographic.popSize64	592.5813	958.0329	300.1033	0.0687	2134.8934	767.09	0.2131	300.1978	
demographic.popSize65	631.4761	1015.5955	330.664	0.1178	2086.9964	736.6807	0.1178	330.6834	
demographic.popSize66	619.9571	1031.5639	310.5523	0.0225	2098.9791	720.6879	0.0225	310.5523	
demographic.popSize67	629.1587	1055.9179	308.5917	0.0186	2178.7754	687.0849	0.0186	308.5917	
demographic.popSize68	613.3892	1054.9411	317.15	0.0276	2064.9345	730.1537	0.0276	317.15	
demographic.popSize69	617.7082	1004.7538	318.0059	0.8621	2206.0657	686.607	9.5585E-3	318.0059	
demographic.popSize70	603.1253	1047.105	303.147	0.0327	2067.8892	777.0511	0.1121	303.147	
demographic.popSize71	618.2525	960.9692	332.8199	0.0218	2061.5264	740.2881	0.0725	332.8285	
demographic.popSize72	641.7866	1024.3142	331.1751	0.0567	2131.5092	727.4559	0.0567	331.1751	
demographic.popSize73	615.0044	1091.706	315.5079	2.4585E-3	2111.5851	776.2962	0.0527	315.5079	
demographic.popSize74	629.6215	1270.0452	313.5712	0.0107	2173.7565	796.2897	0.0107	313.5712	
demographic.popSize75	610.3843	1028.9161	314.9754	0.0271	2061.5756	723.8932	0.0282	314.9754	
demographic.popSize76	636.7787	1012.1302	336.0009	1.4444E-3	2067.7808	840.3018	0.13	336.0021	
demographic.popSize77	620.8803	1009.4866	316.9007	0.0963	2155.0372	711.3597	0.132	316.9007	
demographic.popSize78	597.9061	1089.6504	305.5143	0.0164	2003.2159	713.6499	0.0285	305.5143	
demographic.popSize79	597.1103	1119.4698	301.6649	0.0188	2056.5427	742.6654	0.0457	301.6649	
demographic.popSize80	618.312	1066.891	311.105	0.0207	2115.6961	670.117	0.0869	311.1449	
demographic.popSize81	605.5101	1008.5395	305.6965	0.0211	2087.6172	751.7153	0.0211	305.6965	
demographic.popSize82	614.2121	1091.0853	304.7058	5.4273E-3	2071.9501	726.3328	0.0248	304.7084	
demographic.popSize83	624.9683	1096.2418	307.9522	4.9543E-3	2186.7281	749.7747	4.9543E-3	307.9522	
demographic.popSize84	603.8619	982.7387	310.6426	0.0237	2075.2185	767.0552	0.0237	310.6426	
demographic.popSize85	605.9776	1037.0364	298.8765	0.0253	2079.3894	751.2885	0.0253	298.8765	
demographic.popSize86	601.122	1010.8369	301.6301	4.2184E-3	2123.3348	742.3788	0.1775	301.6301	
demographic.popSize87	596.696	976.661	299.7903	0.0601	2043.8005	711.9055	0.0578	299.8015	
demographic.popSize88	595.6561	1035.4394	296.754	4.2592E-3	2071.8311	788.9167	0.0186	296.7641	
demographic.popSize89	596.0164	1032.403	293.1884	0.0388	2067.6803	744.7846	0.0388	293.1884	
demographic.popSize90	596.446	966.6396	298.6946	0.0203	2087.1125	697.3969	0.0203	298.6946	
demographic.popSize91	591.2955	995.5807	294.761	0.0324	2105.7367	772.5974	0.0372	294.7648	
demographic.popSize92	611.7063	1088.4488	313.0478	3.4996E-3	2109.2819	714.8507	0.0133	313.0478	
demographic.popSize93	609.9144	1029.151	306.0792	0.0453	2158.4968	682.7245	1.609E-3	306.0792	
demographic.popSize94	609.4589	1158.0097	303.7165	0.0269	2093.1391	640.636	0.0269	303.7165	
demographic.popSize95	603.1753	977.448	304.5765	0.0332	2121.8404	707.2945	0.0697	304.5765	
demographic.popSize96	613.5684	987.1424	305.2925	0.0549	2191.5426	661.215	0.0549	305.2925	
demographic.popSize97	601.7487	1031.669	298.8524	0.0512	2123.0988	785.6163	0.0512	298.8524	
demographic.popSize98	606.3363	1293.2596	299.0345	0.0771	2047.6313	926.2063	0.1791	299.1289	
demographic.popSize99	601.4942	969.8056	298.8951	5.6028E-5	2133.5034	737.7545	0.0204	298.8951	
demographic.popSize100	617.517	1114.0223	310.7162	4.5407E-3	2126.4555	695.4579	4.5407E-3	310.7162	
demographic.popSize101	592.2189	995.1618	296.9697	0.0535	2096.2247	720.5189	0.0535	296.9697	
demographic.popSize102	584.1091	1018.2186	285.721	0.0424	2063.6397	728.7207	0.0424	285.721	
demographic.popSize103	591.8772	1032.7768	296.3664	0.1053	2070.9099	791.2411	0.1053	296.3664	
demographic.popSize104	593.6611	1059.6378	293.7691	0.0135	2105.6967	725.8244	0.4068	294.1056	
demographic.popSize105	610.8305	1142.7618	301.8659	8.8693E-4	2140.2176	744.6769	8.8693E-4	301.8659	
demographic.popSize106	592.659	952.2951	303.4837	3.3093E-3	2104.6841	760.6682	3.3093E-3	303.4837	
demographic.popSize107	601.289	1055.0175	301.9261	0.0149	2092.8685	715.9189	0.0149	301.9261	
demographic.popSize108	595.1427	1007.2381	297.4812	0.0494	2062.2693	709.6617	0.0494	297.4812	
demographic.popSize109	586.7894	1035.8437	292.4872	0.0244	2079.4248	761.2991	0.0547	292.5315	
demographic.popSize110	583.8379	1027.7563	285.9332	0.0349	2075.4348	718.5812	0.0349	285.9332	
demographic.popSize111	584.8882	956.5248	294.4884	5.3335E-3	2059.5796	749.9412	5.3335E-3	294.4884	
demographic.popSize112	574.1031	1073.9556	278.307	0.0435	1938.1272	638.5246	0.2713	278.4372	
demographic.popSize113	599.8703	1004.3908	304.7945	0.0202	2103.8726	706.2248	0.3433	304.8385	
demographic.popSize114	578.4998	991.866	286.6078	0.0428	2018.1111	767.982	0.1651	286.6994	
demographic.popSize115	578.8255	918.7011	297.3402	0.013	1994.8116	785.0968	0.0213	297.3402	
demographic.popSize116	596.7283	1159.8438	297.8744	0.0451	2064.633	869.7588	0.1988	297.9555	
demographic.popSize117	601.1253	1073.2667	295.9315	0.0439	2134.5762	761.2377	0.0504	295.9702	
demographic.popSize118	598.202	1012.0487	292.572	0.0234	2119.662	765.3272	7.5205E-3	292.572	
demographic.popSize119	591.9679	982.6967	302.6563	0.053	2057.6145	689.3343	0.1044	302.6889	
demographic.popSize120	587.6394	960.463	297.4565	0.0217	2067.686	722.8209	0.1266	297.5482	
demographic.popSize121	594.0554	987.2813	302.9348	8.9238E-3	2043.3541	788.2237	0.068	302.9348	
demographic.popSize122	583.7342	988.2303	293.873	0.0169	2056.1635	786.916	0.0139	293.873	
demographic.popSize123	597.8736	979.5328	304.5597	0.0489	2117.5676	734.2065	0.0869	304.5768	
demographic.popSize124	593.4873	952.3527	295.8178	5.4336E-3	2079.5767	730.259	5.4336E-3	295.8178	
demographic.popSize125	592.4433	1053.0204	291.8645	0.0434	2024.1072	739.6916	0.0434	291.8645	
demographic.popSize126	597.2761	1026.5622	297.3663	0.0379	2040.0515	687.8381	0.073	297.3663	
demographic.popSize127	561.1664	1034.7256	262.6773	0.0495	1945.4123	683.2543	0.0495	262.6773	
demographic.popSize128	581.8576	1023.6508	276.6238	0.0458	2091.4137	662.5409	0.1447	276.6671	
demographic.popSize129	599.2473	979.8299	299.7438	0.0247	2104.612	810.7496	0.0547	299.745	
demographic.popSize130	594.232	1007.7572	290.9434	0.062	2097.2276	735.563	0.2562	291.0513	
demographic.popSize131	566.2047	976.5282	275.1072	0.1181	1989.3484	708.6472	0.1237	275.1072	
demographic.popSize132	565.0697	966.5629	265.7738	0.0285	2049.1884	721.2153	0.0285	265.7738	
demographic.popSize133	595.4241	1012.5908	288.4519	0.1164	2177.7214	696.4198	0.1505	288.4983	
demographic.popSize134	595.4737	1044.2512	288.9844	2.2322E-3	2120.6318	738.8303	0.1022	289.0635	
demographic.popSize135	569.5168	1004.4573	281.03	2.1562E-3	2025.7187	741.3095	0.0221	281.03	
demographic.popSize136	599.0774	1014.8646	296.3038	5.1927E-3	2120.162	735.777	0.0251	296.3222	
demographic.popSize137	588.5316	1014.3436	293.2537	0.096	2077.3148	730.8919	0.096	293.2537	
demographic.popSize138	578.8666	926.4991	297.2068	0.0551	2060.3893	745.7084	0.1481	297.2484	
demographic.popSize139	589.7811	1025.7101	285.2476	0.0522	2070.5465	743.4332	0.1599	285.2889	
demographic.popSize140	580.1664	985.4292	283.1149	0.0232	2087.2961	708.0019	0.034	283.1149	
demographic.popSize141	583.3144	969.1406	291.1001	0.0749	2086.8208	773.4176	0.0749	291.1001	
demographic.popSize142	595.1265	1019.0197	298.7037	0.022	2068.3441	660.1248	0.1592	298.8366	
demographic.popSize143	596.9489	1039.7625	294.6323	0.0252	2147.4992	668.1501	0.1344	294.6905	
demographic.popSize144	539.465	814.9517	280.0804	0.1121	1936.7658	914.7303	0.2271	280.1822	
demographic.popSize145	602.7247	1051.1745	302.6655	0.0249	2103.7168	702.8268	0.0289	302.6655	
demographic.popSize146	588.8539	991.2917	289.6814	0.0228	2093.2672	727.255	0.0734	289.6814	
demographic.popSize147	577.2428	1004.2755	287.0964	0.014	2054.5621	671.5076	0.2237	287.1828	
demographic.popSize148	601.7785	1087.5796	295.5992	0.0297	2081.1906	699.0371	0.0156	295.5992	
demographic.popSize149	599.2075	1045.9952	294.8821	1.1868E-4	2121.1854	684.4284	1.1868E-4	294.8821	
demographic.popSize150	588.6904	1008.063	285.486	0.0959	2129.7001	706.9482	0.1128	285.497	
demographic.popSize151	602.9604	1026.5792	292.9046	7.0793E-3	2181.9284	743.7919	0.4239	293.2566	
demographic.popSize152	588.5984	963.3202	293.6924	0.1019	2083.6854	723.998	0.1019	293.7226	
demographic.popSize153	604.2522	1055.6405	295.7097	0.0147	2145.7402	674.5626	0.0147	295.7097	
demographic.popSize154	588.6714	1026.8686	288.6954	0.0362	2051.2527	801.9362	1.0589E-3	288.6954	
demographic.popSize155	598.9553	976.8944	305.6121	0.0347	2091.4481	757.8109	0.0347	305.6121	
demographic.popSize156	593.0453	979.7372	300.2954	0.0165	2055.865	706.7968	0.0415	300.2954	
demographic.popSize157	588.5647	1038.4246	290.1235	0.0181	2097.0526	770.1679	0.163	290.2451	
demographic.popSize158	565.7643	928.3755	274.3254	5.6222E-3	2041.2865	683.9522	5.6222E-3	274.3254	
demographic.popSize159	602.5569	1062.6165	301.0825	0.0491	2075.4072	758.7706	0.148	301.0855	
demographic.popSize160	611.239	1089.0999	301.1538	0.0163	2169.1517	711.6642	0.0419	301.1637	
demographic.popSize161	595.5838	1035.8472	292.1776	0.0243	2115.6424	717.2147	0.033	292.1776	
demographic.popSize162	618.5821	1222.2006	300.1746	0.1116	2178.3477	629.5252	0.1135	300.1746	
demographic.popSize163	598.3602	1003.3321	295.9517	0.0145	2087.0625	711.5735	0.0632	295.9517	
demographic.popSize164	588.0058	991.7857	296.9589	0.0125	2021.9248	819.3397	0.1051	297.048	
demographic.popSize165	601.4774	1093.9176	298.7301	0.0318	2113.1025	701.7597	0.034	298.7301	
demographic.popSize166	603.7569	1156.9348	292.6265	3.0351E-3	2082.8592	628.4333	0.1074	292.7008	
demographic.popSize167	619.3581	1159.6786	297.457	0.0806	2176.077	616.8918	0.0592	297.457	
demographic.popSize168	597.4626	987.3977	300.4543	2.795E-3	2088.4902	708.6785	2.795E-3	300.4543	
demographic.popSize169	598.0737	1003.7519	303.2835	0.0215	2082.879	763.8024	0.0704	303.3221	
demographic.popSize170	601.9883	1088.2058	297.6092	0.0427	2039.3648	602.9836	0.0147	297.6092	
demographic.popSize171	592.099	981.5454	297.4446	0.0115	2092.9485	771.0004	0.0176	297.4446	
demographic.popSize172	598.8465	967.6956	301.9565	8.4448E-4	2105.5769	696.6442	8.4448E-4	301.9565	
demographic.popSize173	610.5812	1085.5703	300.7863	0.0252	2124.4394	797.0442	0.0285	300.7863	
demographic.popSize174	596.6773	1076.2367	294.2149	1.2122E-3	2081.1572	763.4615	0.0283	294.2222	
demographic.popSize175	603.5096	1039.2249	302.1825	0.1168	2106.4964	724.2744	0.14	302.2615	
demographic.popSize176	592.2432	1015.7705	298.8357	0.0598	2042.9002	775.1813	0.0865	298.8503	
demographic.popSize177	602.6709	1023.3983	305.4303	0.0359	2151.343	777.4687	0.0446	305.4303	
demographic.popSize178	606.1324	1001.5809	304.6895	0.0498	2111.8051	731.3496	0.1392	304.7281	
demographic.popSize179	593.2185	945.7521	303.8024	8.0047E-3	2081.5007	751.3608	8.0047E-3	303.8024	
demographic.popSize180	612.4154	1076.8	299.831	0.0231	2185.7178	734.3392	0.0231	299.831	
demographic.popSize181	604.0496	1044.8666	299.826	0.0438	2073.1921	723.2266	0.0438	299.826	
demographic.popSize182	594.0821	968.3949	295.1209	0.0173	2097.892	761.7082	0.1216	295.1489	
demographic.popSize183	592.6657	1097.3956	293.3044	0.0354	2050.4293	754.4684	0.0715	293.3044	
demographic.popSize184	603.7826	1030.1431	302.8993	0.0227	2142.8452	651.1978	0.0227	302.8993	
demographic.popSize185	587.7796	1066.8881	290.8109	0.0619	2003.2652	660.2994	7.1956E-3	290.8109	
demographic.popSize186	594.5279	933.7878	297.2392	0.0346	2132.2251	767.2168	0.2909	297.3004	
demographic.popSize187	604.4653	1079.3675	296.7393	0.1929	2124.9119	676.0176	0.2216	296.7902	
demographic.popSize188	606.8999	1104.6266	306.2231	0.0522	2035.5347	745.136	0.5096	306.5309	
demographic.popSize189	605.7042	1019.2256	297.8543	0.0912	2148.7658	733.6846	0.4423	298.1335	
demographic.popSize190	608.892	1036.0166	295.9356	0.0421	2142.0373	630.8484	0.1048	295.9356	
demographic.popSize191	597.6811	982.799	302.9725	5.5426E-3	2067.9679	845.1007	5.5426E-3	302.9725	
demographic.popSize192	604.7892	992.3179	302.5504	7.5861E-3	2142.6252	702.4241	7.5861E-3	302.5504	
demographic.popSize193	594.5956	968.6571	303.0002	0.0242	2069.9969	766.1627	0.0242	303.0002	
demographic.popSize194	602.6657	985.5837	305.6293	0.0145	2140.3315	797.5316	0.0436	305.6293	
demographic.popSize195	606.8388	1055.5662	303.9767	5.5936E-3	2100.9256	813.2843	5.5936E-3	303.9767	
demographic.popSize196	599.9236	1082.2963	293.4759	0.0243	2142.2817	762.5119	0.044	293.4759	
demographic.popSize197	609.2664	1083.1127	287.2101	0.012	2162.5481	710.8672	0.012	287.2101	
demographic.popSize198	589.4891	989.7772	291.6493	8.0918E-4	2077.8564	715.0565	0.0209	291.6493	
demographic.popSize199	592.9844	1001.4217	294.9228	0.0726	2088.0059	677.3503	0.1217	294.9407	
demographic.popSize200	602.6662	1014.6661	300.341	0.0448	2144.1627	720.3503	4.4664E-3	300.341	
demographic.indicators1	1.9973E-3	0.0446	0	0	0	16625.9981	0	0	
demographic.indicators2	7.8267E-4	0.028	0	0	0	32191.8487	0	0	
demographic.indicators3	0.0741	0.2619	0	0	1	196.7588	0	0	
demographic.indicators4	3.88E-4	0.0197	0	0	0	14136.0436	0	0	
demographic.indicators5	2.504E-3	0.05	0	0	0	491.5871	0	0	
demographic.indicators6	6.08E-4	0.0247	0	0	0	25664.7612	0	0	
demographic.indicators7	0.1213	0.3265	0	0	1	192.2408	0	0	
demographic.indicators8	0.0577	0.2331	0	0	1	207.7934	0	0	
demographic.indicators9	0.1932	0.3948	0	0	1	189.2701	0	0	
demographic.indicators10	0.0174	0.1307	0	0	0	224.3471	0	0	
demographic.indicators11	0.0822	0.2746	0	0	1	195.8905	0	0	
demographic.indicators12	0.0247	0.1551	0	0	0	200.6839	0	0	
demographic.indicators13	0.0166	0.1278	0	0	0	282.8937	0	0	
demographic.indicators14	0.0452	0.2077	0	0	0	201.3567	0	0	
demographic.indicators15	1.9707E-3	0.0443	0	0	0	644.9343	0	0	
demographic.indicators16	0.0158	0.1247	0	0	0	212.797	0	0	
demographic.indicators17	0.022	0.1468	0	0	0	260.2133	0	0	
demographic.indicators18	0.0327	0.178	0	0	0	210.5832	0	0	
demographic.indicators19	7.5813E-3	0.0867	0	0	0	360.7839	0	0	
demographic.indicators20	5.7093E-3	0.0753	0	0	0	352.0589	0	0	
demographic.indicators21	0.2857	0.4518	0	0	1	190.0809	0	0	
demographic.indicators22	3.6347E-3	0.0602	0	0	0	995.8433	0	0	
demographic.indicators23	4.8333E-3	0.0694	0	0	0	635.2966	0	0	
demographic.indicators24	2.0293E-3	0.045	0	0	0	14890.4012	0	0	
demographic.indicators25	1.736E-3	0.0416	0	0	0	39512.3669	0	0	
demographic.indicators26	1.8853E-3	0.0434	0	0	0	28915.9234	0	0	
demographic.indicators27	2.7413E-3	0.0523	0	0	0	3853.9982	0	0	
demographic.indicators28	3.0227E-3	0.0549	0	0	0	12503.5225	0	0	
demographic.indicators29	5.184E-3	0.0718	0	0	0	1476.3381	0	0	
demographic.indicators30	2.712E-3	0.052	0	0	0	10492.926	0	0	
demographic.indicators31	3.928E-3	0.0626	0	0	0	4527.2299	0	0	
demographic.indicators32	1.6973E-3	0.0412	0	0	0	38930.4631	0	0	
demographic.indicators33	5.0853E-3	0.0711	0	0	0	1862.0583	0	0	
demographic.indicators34	4.4413E-3	0.0665	0	0	0	1349.7984	0	0	
demographic.indicators35	2.7773E-3	0.0526	0	0	0	5569.9019	0	0	
demographic.indicators36	2.8973E-3	0.0537	0	0	0	2387.2318	0	0	
demographic.indicators37	6.3253E-3	0.0793	0	0	0	1110.0945	0	0	
demographic.indicators38	9.392E-3	0.0965	0	0	0	515.92	0	0	
demographic.indicators39	4.116E-3	0.064	0	0	0	1092.6638	0	0	
demographic.indicators40	3.7133E-3	0.0608	0	0	0	4943.1	0	0	
demographic.indicators41	6.904E-3	0.0828	0	0	0	664.2461	0	0	
demographic.indicators42	5.44E-3	0.0736	0	0	0	1334.7426	0	0	
demographic.indicators43	2.948E-3	0.0542	0	0	0	2937.8535	0	0	
demographic.indicators44	0.0152	0.1225	0	0	0	363.7588	0	0	
demographic.indicators45	8.4053E-3	0.0913	0	0	0	706.2608	0	0	
demographic.indicators46	8.1173E-3	0.0897	0	0	0	717.1265	0	0	
demographic.indicators47	0.0257	0.1582	0	0	0	262.6957	0	0	
demographic.indicators48	0.0135	0.1152	0	0	0	336.5314	0	0	
demographic.indicators49	7.0107E-3	0.0834	0	0	0	476.1617	0	0	
demographic.indicators50	0.0323	0.1767	0	0	0	332.7454	0	0	
demographic.indicators51	0.0218	0.1462	0	0	0	316.2585	0	0	
demographic.indicators52	0.0165	0.1276	0	0	0	325.1237	0	0	
demographic.indicators53	0.0326	0.1775	0	0	0	302.5685	0	0	
demographic.indicators54	0.0158	0.1246	0	0	0	428.894	0	0	
demographic.indicators55	0.0183	0.1341	0	0	0	346.7966	0	0	
demographic.indicators56	8.5213E-3	0.0919	0	0	0	717.3634	0	0	
demographic.indicators57	0.0269	0.1617	0	0	0	335.9452	0	0	
demographic.indicators58	0.033	0.1786	0	0	0	347.3386	0	0	
demographic.indicators59	0.014	0.1173	0	0	0	414.9049	0	0	
demographic.indicators60	0.0254	0.1572	0	0	0	306.5505	0	0	
demographic.indicators61	0.0379	0.1909	0	0	0	339.5754	0	0	
demographic.indicators62	0.0245	0.1547	0	0	0	352.2277	0	0	
demographic.indicators63	0.015	0.1214	0	0	0	464.3731	0	0	
demographic.indicators64	0.0545	0.2269	0	0	1	271.8742	0	0	
demographic.indicators65	0.0194	0.1378	0	0	0	451.2138	0	0	
demographic.indicators66	0.0303	0.1714	0	0	0	329.0278	0	0	
demographic.indicators67	0.03	0.1705	0	0	0	409.6644	0	0	
demographic.indicators68	0.0259	0.1589	0	0	0	328.909	0	0	
demographic.indicators69	0.016	0.1255	0	0	0	570.6612	0	0	
demographic.indicators70	0.0344	0.1823	0	0	0	366.1455	0	0	
demographic.indicators71	0.0471	0.2119	0	0	0	266.6675	0	0	
demographic.indicators72	0.0156	0.1239	0	0	0	405.3266	0	0	
demographic.indicators73	0.0218	0.1462	0	0	0	336.355	0	0	
demographic.indicators74	0.0186	0.1352	0	0	0	303.6169	0	0	
demographic.indicators75	0.0486	0.2151	0	0	0	291.338	0	0	
demographic.indicators76	0.0169	0.129	0	0	0	448.1618	0	0	
demographic.indicators77	0.0192	0.1372	0	0	0	479.6331	0	0	
demographic.indicators78	7.7987E-3	0.088	0	0	0	1009.3179	0	0	
demographic.indicators79	0.0234	0.1511	0	0	0	381.1835	0	0	
demographic.indicators80	0.0176	0.1317	0	0	0	330.6745	0	0	
demographic.indicators81	0.0188	0.136	0	0	0	366.0168	0	0	
demographic.indicators82	0.0159	0.125	0	0	0	437.6249	0	0	
demographic.indicators83	0.031	0.1734	0	0	0	274.5195	0	0	
demographic.indicators84	0.0165	0.1272	0	0	0	360.2855	0	0	
demographic.indicators85	1.7613E-3	0.0419	0	0	0	9834.2642	0	0	
demographic.indicators86	3.7307E-3	0.061	0	0	0	1023.0608	0	0	
demographic.indicators87	0.0165	0.1273	0	0	0	319.75	0	0	
demographic.indicators88	0.0111	0.105	0	0	0	502.0285	0	0	
demographic.indicators89	5.0973E-3	0.0712	0	0	0	2050.018	0	0	
demographic.indicators90	8.0293E-3	0.0892	0	0	0	994.1914	0	0	
demographic.indicators91	0.0104	0.1012	0	0	0	567.5406	0	0	
demographic.indicators92	4.676E-3	0.0682	0	0	0	462.2222	0	0	
demographic.indicators93	0.0136	0.116	0	0	0	474.4915	0	0	
demographic.indicators94	0.0108	0.1035	0	0	0	409.6306	0	0	
demographic.indicators95	7.808E-3	0.088	0	0	0	719.6456	0	0	
demographic.indicators96	1.7293E-3	0.0415	0	0	0	16005.1562	0	0	
demographic.indicators97	2.4707E-3	0.0496	0	0	0	2856.0279	0	0	
demographic.indicators98	4.66E-3	0.0681	0	0	0	789.5683	0	0	
demographic.indicators99	9.1613E-3	0.0953	0	0	0	289.8734	0	0	
demographic.indicators100	0.0166	0.1277	0	0	0	286.7984	0	0	
demographic.indicators101	0.018	0.133	0	0	0	274.0913	0	0	
demographic.indicators102	0.0112	0.1051	0	0	0	369.5115	0	0	
demographic.indicators103	2.788E-3	0.0527	0	0	0	5377.0004	0	0	
demographic.indicators104	1.7773E-3	0.0421	0	0	0	3897.2921	0	0	
demographic.indicators105	2.94E-3	0.0541	0	0	0	1716.558	0	0	
demographic.indicators106	6.0773E-3	0.0777	0	0	0	761.8879	0	0	
demographic.indicators107	5.0787E-3	0.0711	0	0	0	525.8813	0	0	
demographic.indicators108	3.312E-3	0.0575	0	0	0	3648.1128	0	0	
demographic.indicators109	0.0334	0.1797	0	0	0	219.6477	0	0	
demographic.indicators110	7.4293E-3	0.0859	0	0	0	332.7579	0	0	
demographic.indicators111	0.0688	0.2532	0	0	1	217.1805	0	0	
demographic.indicators112	1.448E-3	0.038	0	0	0	21170.9909	0	0	
demographic.indicators113	0.0173	0.1304	0	0	0	294.3313	0	0	
demographic.indicators114	4.4653E-3	0.0667	0	0	0	942.3344	0	0	
demographic.indicators115	5.0013E-3	0.0705	0	0	0	473.2822	0	0	
demographic.indicators116	0.0119	0.1085	0	0	0	364.8583	0	0	
demographic.indicators117	4.5573E-3	0.0674	0	0	0	672.7264	0	0	
demographic.indicators118	6.788E-3	0.0821	0	0	0	922.4736	0	0	
demographic.indicators119	0.0156	0.1238	0	0	0	336.8436	0	0	
demographic.indicators120	6.4933E-3	0.0803	0	0	0	482.7339	0	0	
demographic.indicators121	0.0106	0.1022	0	0	0	490.8172	0	0	
demographic.indicators122	0.013	0.1131	0	0	0	280.7526	0	0	
demographic.indicators123	7.112E-3	0.084	0	0	0	421.4091	0	0	
demographic.indicators124	9.732E-3	0.0982	0	0	0	372.7688	0	0	
demographic.indicators125	0.0125	0.1111	0	0	0	291.5968	0	0	
demographic.indicators126	0.0577	0.2332	0	0	1	224.1186	0	0	
demographic.indicators127	0.0348	0.1833	0	0	0	268.1741	0	0	
demographic.indicators128	6.804E-3	0.0822	0	0	0	414.0584	0	0	
demographic.indicators129	5.848E-3	0.0762	0	0	0	1004.2845	0	0	
demographic.indicators130	0.0385	0.1924	0	0	0	275.7993	0	0	
demographic.indicators131	0.0567	0.2313	0	0	1	230.6148	0	0	
demographic.indicators132	0.018	0.1328	0	0	0	286.0314	0	0	
demographic.indicators133	0.0146	0.12	0	0	0	380.443	0	0	
demographic.indicators134	0.0287	0.1669	0	0	0	276.3939	0	0	
demographic.indicators135	8.9533E-3	0.0942	0	0	0	367.8941	0	0	
demographic.indicators136	0.0129	0.1129	0	0	0	536.9955	0	0	
demographic.indicators137	0.0201	0.1402	0	0	0	281.7821	0	0	
demographic.indicators138	0.0178	0.1324	0	0	0	394.2223	0	0	
demographic.indicators139	0.0258	0.1585	0	0	0	300.4442	0	0	
demographic.indicators140	0.0234	0.1511	0	0	0	347.7855	0	0	
demographic.indicators141	0.0174	0.1306	0	0	0	265.9131	0	0	
demographic.indicators142	3.5907E-3	0.0598	0	0	0	1124.409	0	0	
demographic.indicators143	0.0268	0.1614	0	0	0	216.9104	0	0	
demographic.indicators144	0.0131	0.1138	0	0	0	414.6545	0	0	
demographic.indicators145	0.0171	0.1298	0	0	0	376.912	0	0	
demographic.indicators146	0.0261	0.1596	0	0	0	296.7284	0	0	
demographic.indicators147	0.0115	0.1066	0	0	0	457.4521	0	0	
demographic.indicators148	0.0126	0.1116	0	0	0	415.1619	0	0	
demographic.indicators149	0.0324	0.1772	0	0	0	267.1958	0	0	
demographic.indicators150	0.0159	0.1252	0	0	0	295.043	0	0	
demographic.indicators151	0.0116	0.1069	0	0	0	375.5669	0	0	
demographic.indicators152	0.0131	0.1136	0	0	0	394.3904	0	0	
demographic.indicators153	0.0167	0.1282	0	0	0	295.4434	0	0	
demographic.indicators154	1.3293E-3	0.0364	0	0	0	4019.6619	0	0	
demographic.indicators155	1.9587E-3	0.0442	0	0	0	1239.8893	0	0	
demographic.indicators156	0.0294	0.169	0	0	0	286.7539	0	0	
demographic.indicators157	0.0649	0.2464	0	0	1	240.1698	0	0	
demographic.indicators158	0.0106	0.1022	0	0	0	362.5587	0	0	
demographic.indicators159	0.0106	0.1025	0	0	0	402.4962	0	0	
demographic.indicators160	0.0113	0.1056	0	0	0	422.2772	0	0	
demographic.indicators161	0.0128	0.1125	0	0	0	268.7016	0	0	
demographic.indicators162	6.0707E-3	0.0777	0	0	0	747.5399	0	0	
demographic.indicators163	3.5053E-3	0.0591	0	0	0	494.8812	0	0	
demographic.indicators164	3.0733E-3	0.0554	0	0	0	843.7299	0	0	
demographic.indicators165	0.0191	0.1369	0	0	0	249.1124	0	0	
demographic.indicators166	9.7267E-3	0.0981	0	0	0	228.1535	0	0	
demographic.indicators167	6.844E-3	0.0824	0	0	0	398.6433	0	0	
demographic.indicators168	3.3453E-3	0.0577	0	0	0	417.8117	0	0	
demographic.indicators169	5.4667E-4	0.0234	0	0	0	9316.0002	0	0	
demographic.indicators170	2.544E-3	0.0504	0	0	0	576.4236	0	0	
demographic.indicators171	1E-3	0.0316	0	0	0	2818.6489	0	0	
demographic.indicators172	2.8347E-3	0.0532	0	0	0	431.0057	0	0	
demographic.indicators173	2.236E-3	0.0472	0	0	0	1076.3365	0	0	
demographic.indicators174	3.08E-4	0.0175	0	0	0	45354.7921	0	0	
demographic.indicators175	8.2133E-4	0.0286	0	0	0	9336.1384	0	0	
demographic.indicators176	1.196E-3	0.0346	0	0	0	2181.0489	0	0	
demographic.indicators177	4.1067E-4	0.0203	0	0	0	35989.915	0	0	
demographic.indicators178	7.1867E-4	0.0268	0	0	0	28339.2213	0	0	
demographic.indicators179	5.0133E-4	0.0224	0	0	0	18570.1441	0	0	
demographic.indicators180	6.12E-4	0.0247	0	0	0	30162.8449	0	0	
demographic.indicators181	6.08E-4	0.0247	0	0	0	36301.5577	0	0	
demographic.indicators182	7.1467E-4	0.0267	0	0	0	10722.7093	0	0	
demographic.indicators183	6.3333E-4	0.0252	0	0	0	33472.4276	0	0	
demographic.indicators184	1.532E-3	0.0391	0	0	0	2481.739	0	0	
demographic.indicators185	1.0147E-3	0.0318	0	0	0	7029.6183	0	0	
demographic.indicators186	6.9467E-4	0.0263	0	0	0	35197.8852	0	0	
demographic.indicators187	1.3427E-3	0.0366	0	0	0	6364.6676	0	0	
demographic.indicators188	1.1827E-3	0.0344	0	0	0	17860.2142	0	0	
demographic.indicators189	8.0933E-4	0.0284	0	0	0	21757.1901	0	0	
demographic.indicators190	9.72E-4	0.0312	0	0	0	33427.294	0	0	
demographic.indicators191	1.0733E-3	0.0327	0	0	0	28320.4531	0	0	
demographic.indicators192	1.72E-3	0.0414	0	0	0	7081.46	0	0	
demographic.indicators193	2.776E-3	0.0526	0	0	0	6564.1208	0	0	
demographic.indicators194	2.532E-3	0.0503	0	0	0	3893.1326	0	0	
demographic.indicators195	6.556E-3	0.0807	0	0	0	722.5057	0	0	
demographic.indicators196	7.448E-3	0.086	0	0	0	597.3038	0	0	
demographic.indicators197	5.0333E-3	0.0708	0	0	0	4056.5945	0	0	
demographic.indicators198	0.0212	0.1439	0	0	0	277.0684	0	0	
demographic.indicators199	9.424E-3	0.0966	0	0	0	1797.9009	0	0	
kappa	2.352	0.1476	2.3465	2.0709	2.6432	11887.4112	2.2328	2.4318	
frequencies1	0.2779	0.0101	0.2778	0.2584	0.2978	13482.1717	0.2711	0.2847	
frequencies2	0.2189	9.0619E-3	0.2188	0.2009	0.2365	9955.8769	0.2122	0.2245	
frequencies3	0.1816	8.4005E-3	0.1815	0.1655	0.1981	14722.0976	0.1761	0.1873	
frequencies4	0.3216	0.0109	0.3215	0.3003	0.3429	12238.7836	0.3133	0.3279	
alpha	0.6352	0.0529	0.6333	0.5328	0.7385	33540.0803	0.5967	0.667	
default.ucld.mean	1.53E-3	4.9642E-4	1.4585E-3	7.318E-4	2.5229E-3	226.6668	9.8538E-4	1.5934E-3	
default.ucld.stdev	0.0235	0.0165	0.0184	4.3837E-3	0.0566	282.781	8.0454E-3	0.0201	
host.ucld.mean	0.0116	2.5887E-3	0.0114	6.5166E-3	0.0165	286.3315	9.4112E-3	0.013	
host.ucld.stdev	2.5222E-3	2.2045E-3	1.9538E-3	1.4149E-7	6.7956E-3	1406.4731	1.4149E-7	1.9539E-3	
default.meanRate	6.7942E-4	1.2353E-4	6.7803E-4	4.3308E-4	9.1753E-4	218.117	5.862E-4	7.5347E-4	
default.coefficientOfVariation	3.3937	0.6791	3.2917	2.2407	4.894	237.4593	2.8973	3.5979	
default.covariance	0.1263	0.0755	0.1175	1.0064E-3	0.269	242.9252	0.0415	0.1455	
host.meanRate	0.0116	2.6181E-3	0.0115	6.6221E-3	0.0167	287.6949	9.4847E-3	0.0131	
host.coefficientOfVariation	0.2144	0.1708	0.1756	2.3465E-6	0.544	2340.8763	1.289E-5	0.1756	
host.covariance	-0.0033	0.0498	-0.0036	-0.1008	0.0942	22187.7639	-0.0381	0.0291	
host.rates.Amaranthaceae.Brassicaceae	0.2984	3.3742E-4	0.2983	0.2983	0.2998	194.9946	0.2983	0.2983	
host.rates.Amaranthaceae.Fabaceae	2.8147	0.0511	2.827	2.6025	2.827	191.8831	2.827	2.827	
host.rates.Amaranthaceae.Poaceae	1.8036	8.276E-3	1.8056	1.7693	1.8056	191.9618	1.8056	1.8056	
host.rates.Amaranthaceae.Solanaceae	2.0163	0.0143	2.0197	1.9569	2.0197	192.0568	2.0197	2.0197	
host.rates.Brassicaceae.Fabaceae	0.402	1.2498E-3	0.4023	0.3969	0.4023	193.3796	0.4023	0.4023	
host.rates.Brassicaceae.Poaceae	0.6371	3.6961E-3	0.6362	0.6362	0.6524	192.0384	0.6362	0.6362	
host.rates.Brassicaceae.Solanaceae	0.6422	3.3259E-3	0.643	0.6284	0.643	193.5589	0.643	0.643	
host.rates.Fabaceae.Poaceae	2.7201	1.1301E-3	2.7198	2.7198	2.7245	216.3837	2.7198	2.7198	
host.rates.Fabaceae.Solanaceae	3.8677	0.0377	3.8586	3.8586	4.024	192.2414	3.8586	3.8586	
host.rates.Poaceae.Solanaceae	0.3298	1.9268E-3	0.3303	0.3218	0.3303	192.0281	0.3303	0.3303	
host.rates.Brassicaceae.Amaranthaceae	0.947	4.2661E-3	0.946	0.946	0.9647	192.5563	0.946	0.946	
host.rates.Fabaceae.Amaranthaceae	1.2223	4.0463E-3	1.2214	1.2214	1.2391	193.0289	1.2214	1.2214	
host.rates.Poaceae.Amaranthaceae	0.2261	2.8148E-3	0.2254	0.2254	0.2378	192.4659	0.2254	0.2254	
host.rates.Solanaceae.Amaranthaceae	2.6639	0.016	2.66	2.66	2.7304	192.2273	2.66	2.66	
host.rates.Fabaceae.Brassicaceae	4.2642	8.5971E-3	4.2662	4.2287	4.2662	193.7267	4.2662	4.2662	
host.rates.Poaceae.Brassicaceae	0.9229	1.5567E-3	0.9225	0.9225	0.9294	192.6739	0.9225	0.9225	
host.rates.Solanaceae.Brassicaceae	0.1261	3.1933E-4	0.1262	0.1248	0.1262	193.4893	0.1262	0.1262	
host.rates.Poaceae.Fabaceae	1.0797	1.4656E-3	1.08	1.0736	1.08	194.58	1.08	1.08	
host.rates.Solanaceae.Fabaceae	1.1485	1.1213E-3	1.1482	1.1482	1.1529	204.2477	1.1482	1.1482	
host.rates.Solanaceae.Poaceae	2.3513	7.4042E-3	2.3496	2.3496	2.382	192.1699	2.3496	2.3496	
host.indicators.Amaranthaceae.Brassicaceae	0.6634	0.4726	1	0	1	679.9185	1	1	
host.indicators.Amaranthaceae.Fabaceae	0	0	0	0	0	NaN	0	0	
host.indicators.Amaranthaceae.Poaceae	1.1293E-3	0.0336	0	0	0	886.1782	0	0	
host.indicators.Amaranthaceae.Solanaceae	0	0	0	0	0	NaN	0	0	
host.indicators.Brassicaceae.Fabaceae	1	0	0	0	0	NaN	0	0	
host.indicators.Brassicaceae.Poaceae	1	0	0	0	0	NaN	0	0	
host.indicators.Brassicaceae.Solanaceae	1	0	0	0	0	NaN	0	0	
host.indicators.Fabaceae.Poaceae	0	0	0	0	0	NaN	0	0	
host.indicators.Fabaceae.Solanaceae	0	0	0	0	0	NaN	0	0	
host.indicators.Poaceae.Solanaceae	0.0702	0.2555	0	0	1	1176.3048	0	0	
host.indicators.Brassicaceae.Amaranthaceae	1	0	0	0	0	NaN	0	0	
host.indicators.Fabaceae.Amaranthaceae	1.6E-5	4E-3	0	0	0	62500.8357	0	0	
host.indicators.Poaceae.Amaranthaceae	0.9956	0.0661	1	1	1	469.1245	1	1	
host.indicators.Solanaceae.Amaranthaceae	0	0	0	0	0	NaN	0	0	
host.indicators.Fabaceae.Brassicaceae	0	0	0	0	0	NaN	0	0	
host.indicators.Poaceae.Brassicaceae	9.356E-3	0.0963	0	0	0	533.7015	0	0	
host.indicators.Solanaceae.Brassicaceae	1	0	0	0	0	NaN	0	0	
host.indicators.Poaceae.Fabaceae	0.0473	0.2124	0	0	0	377.1681	0	0	
host.indicators.Solanaceae.Fabaceae	8.9347E-3	0.0941	0	0	0	986.3308	0	0	
host.indicators.Solanaceae.Poaceae	0	0	0	0	0	NaN	0	0	
host.nonZeroRates	6.796	0.6069	7	6	8	598.7452	7	7	
default.treeLikelihood	-7852.4915	14.0047	-7852.0421	-7879.9826	-7825.2716	878.5699	-7860.7155	-7842.0064	
default.branchRates	-2382.6079	0	0	0	0	NaN	0	0	
host.branchRates	-2382.6079	0	0	0	0	NaN	0	0	
c_host.count[1]	113.9643	6.1666	113	102	125	513.7211	107	115	
c_allTransitions[1]	113.9601	6.1597	114	102	125	512.5828	107	115	
coalescent	-1292.1631	41.0583	-1294.073	-1370.8178	-1208.2897	216.0026	-1325.6569	-1271.7266	

