burnIn   <= 25000000,   maxState  = 100000000
statistic	mean	stdErr	median	hpdLower	hpdUpper	ESS	50hpdLower	50hpdUpper
joint	-14749.8596	136.0162	-14750.7044	-14998.6824	-14482.3312	246.7687	-14847.2206	-14668.0241	
prior	-7209.6625	136.5788	-7211.4165	-7457.2021	-6938.7044	243.1004	-7312.4745	-7133.2476	
likelihood	-7540.197	17.5958	-7540.1322	-7575.0066	-7505.711	980.7866	-7551.5232	-7527.9894	
treeModel.rootHeight	72.2261	16.9507	68.9825	46.7194	106.3319	299.3646	54.7573	73.352	
age(root)	1950.7739	16.9507	1954.0175	1916.6681	1976.2806	299.3646	1949.648	1968.2427	
treeLength	1790.1014	271.0785	1770.7961	1317.0998	2285.3483	207.3726	1488.6943	1880.6521	
tmrca(ingroup)	72.2261	16.9507	68.9825	46.7194	106.3319	299.3646	54.7573	73.352	
age(ingroup)	1950.7739	16.9507	1954.0175	1916.6681	1976.2806	299.3646	1949.648	1968.2427	
demographic.populationSizeChanges	3.4748	0.6714	3	3	5	808.7852	3	3	
demographic.populationMean	152.86	149.9313	121.5159	24.8722	329.0025	243.1595	55.2897	139.1824	
demographic.popSize1	114.1319	127.9898	74.3062	0.3564	402.0357	253.3951	7.8851	79.058	
demographic.popSize2	153.4993	256.7659	82.7176	6.9473E-3	516.7449	667.4385	0.0201	82.7292	
demographic.popSize3	152.112	256.4133	80.616	0.0172	514.1982	575.9224	0.0172	80.616	
demographic.popSize4	150.5242	256.9428	79.5501	1.1753E-3	504.0779	616.1399	0.0116	79.5501	
demographic.popSize5	152.8868	249.6199	80.761	2.8165E-3	511.6038	639.1393	0.0896	80.8406	
demographic.popSize6	151.3021	270.7452	79.9948	4.2414E-3	503.8363	700.1452	0.0203	79.9948	
demographic.popSize7	150.6386	288.5763	80.0084	2.6647E-3	511.6461	943.6727	2.6647E-3	80.0084	
demographic.popSize8	147.6054	249.7347	77.8809	3.8653E-3	496.1631	615.8064	0.0693	77.918	
demographic.popSize9	154.9537	283.0781	80.6292	0.0107	520.3014	735.5862	0.0242	80.6425	
demographic.popSize10	150.2079	272.2424	77.9586	0.0178	492.0574	575.6837	0.1538	78.0788	
demographic.popSize11	130.3498	189.4079	69.1146	0.0149	467.4974	874.9226	0.0475	69.13	
demographic.popSize12	150.2567	253.6859	79.1791	5.8984E-3	505.4365	637.594	2.833E-3	79.1791	
demographic.popSize13	151.1062	272.9815	77.998	0.0146	524.165	807.0225	0.0806	78.0321	
demographic.popSize14	142.4786	266.3838	72.7282	0.0189	497.2399	767.3784	0.0694	72.7658	
demographic.popSize15	149.3167	243.114	81.9892	2.6064E-3	498.7586	689.9187	0.0445	82.0025	
demographic.popSize16	148.5233	252.7289	77.9527	5.0641E-4	505.2758	759.9247	0.047	77.9614	
demographic.popSize17	153.8322	253.3548	79.7736	1.1771E-3	541.7844	655.6622	1.1771E-3	79.7736	
demographic.popSize18	151.9596	254.7572	79.8206	0.0147	513.4211	666.4297	0.0962	79.8564	
demographic.popSize19	150.5127	249.714	81.5116	0.0256	506.1661	660.1887	0.0521	81.5286	
demographic.popSize20	147.121	257.9177	74.4182	0.0397	500.3033	650.3404	2.0662E-3	74.4182	
demographic.popSize21	152.8785	292.5833	79.1598	3.0093E-3	505.9035	573.615	3.0093E-3	79.1598	
demographic.popSize22	146.7716	255.9016	73.0661	1.1156E-3	519.1983	575.8894	1.1156E-3	73.0661	
demographic.popSize23	145.1104	236.944	75.3333	1.1393E-3	488.9776	595.039	1.1393E-3	75.3333	
demographic.popSize24	149.8796	268.4851	75.7978	1.31E-4	507.5081	620.6306	0.0422	75.8119	
demographic.popSize25	139.4181	252.5374	70.2994	4.7164E-3	481.5146	646.0922	0.0224	70.2994	
demographic.popSize26	139.0543	270.1208	66.7561	0.0158	478.403	545.5407	0.0101	66.7561	
demographic.popSize27	144.582	240.3787	72.9445	2.4724E-3	498.5492	791.8113	3.4192E-3	72.9445	
demographic.popSize28	140.2238	248.0417	69.3173	5.2219E-3	483.363	680.5377	1.3443E-3	69.3173	
demographic.popSize29	148.3061	253.2846	79.0685	3.1824E-3	499.2956	698.9143	0.0804	79.1264	
demographic.popSize30	146.8885	240.6721	75.6496	8.5963E-3	502.4683	662.6317	4.1037E-3	75.6496	
demographic.popSize31	153.6155	293.8721	80.8426	2.3535E-3	501.6248	719.4073	0.0377	80.846	
demographic.popSize32	149.3675	242.2289	80.2721	6.5443E-3	500.3871	817.0434	6.5443E-3	80.2721	
demographic.popSize33	152.9166	262.3582	80.6338	0.0196	523.5041	632.0443	0.0456	80.6476	
demographic.popSize34	154.703	267.9965	82.2971	0.019	516.4841	659.2291	0.0169	82.2971	
demographic.popSize35	152.7642	254.0232	80.8142	0.0169	508.8785	662.1887	0.0169	80.8188	
demographic.popSize36	153.7363	239.3517	82.4956	4.0935E-3	523.5018	708.9159	4.0935E-3	82.4956	
demographic.popSize37	158.0296	254.0092	85.8416	5.8372E-3	519.7555	706.4522	0.0509	85.8518	
demographic.popSize38	163.1861	265.5615	85.7183	4.396E-3	548.0238	586.0245	0.0449	85.7516	
demographic.popSize39	155.9486	256.6996	84.5446	9.6087E-3	518.2637	702.0816	9.6087E-3	84.5446	
demographic.popSize40	151.6232	237.9807	80.4722	0.0115	510.3927	749.8207	0.0107	80.4722	
demographic.popSize41	157.2766	282.0351	82.4543	2.2735E-3	508.2003	692.5345	2.2735E-3	82.4543	
demographic.popSize42	156.5734	242.2937	85.6158	0.0294	532.8826	666.4372	0.0264	85.6158	
demographic.popSize43	153.9882	252.5621	81.6738	7.7356E-4	520.694	734.6655	0.0121	81.6783	
demographic.popSize44	155.4535	250.8345	84.3299	7.4457E-3	524.3176	650.4936	7.4457E-3	84.3299	
demographic.popSize45	151.3724	229.9201	81.9199	5.0259E-3	509.6296	731.9329	5.0259E-3	81.9199	
demographic.popSize46	154.1871	257.4733	82.268	3.1348E-3	513.5971	855.822	3.1348E-3	82.268	
demographic.popSize47	157.5041	249.8034	85.1586	1.4008E-3	515.7491	679.92	0.0676	85.1779	
demographic.popSize48	154.4395	257.3705	84.378	4.6244E-3	508.2969	654.1329	0.0424	84.4084	
demographic.popSize49	155.4369	276.3482	84.017	8.405E-4	512.5673	806.3553	0.2284	84.2209	
demographic.popSize50	154.1541	245.5201	84.4396	6.2047E-3	503.6577	765.774	6.128E-3	84.4396	
demographic.popSize51	154.599	293.2648	82.8318	0.0355	507.3578	581.8742	0.0647	82.8528	
demographic.popSize52	155.518	249.4883	83.4552	3.0076E-3	514.7777	717.6293	1.7787E-3	83.4552	
demographic.popSize53	155.4221	243.9627	83.2802	3.4357E-3	518.6448	740.8719	0.0357	83.2803	
demographic.popSize54	156.6957	251.5628	82.842	0.0349	537.0313	650.6002	0.0174	82.842	
demographic.popSize55	156.4041	286.4327	83.0322	9.9411E-4	509.5141	728.7939	0.0224	83.0434	
demographic.popSize56	163.4976	255.3319	87.4785	0.0139	533.3301	579.9479	2.7E-4	87.4785	
demographic.popSize57	152.6648	253.0542	83.0006	7.3832E-3	502.5823	654.9744	7.3832E-3	83.0006	
demographic.popSize58	155.4049	257.4056	82.524	0.0101	510.3703	661.2229	0.0101	82.524	
demographic.popSize59	155.8461	232.817	84.6853	0.0378	517.6383	768.3784	0.0154	84.6853	
demographic.popSize60	150.0354	249.7239	81.8453	1.2239E-3	493.3809	915.99	0.0447	81.8804	
demographic.popSize61	151.7492	242.7515	80.4119	0.0966	511.1854	679.8702	6.4168E-3	80.4119	
demographic.popSize62	165.9351	267.0748	87.2396	4.0325E-4	527.689	709.2536	4.0325E-4	87.2396	
demographic.popSize63	158.5985	268.4432	86.3588	2.1888E-3	500.6349	699.592	2.1888E-3	86.3588	
demographic.popSize64	152.2819	212.3078	84.7535	8.8066E-3	519.3864	817.6292	0.07	84.7649	
demographic.popSize65	152.6267	262.3781	82.109	4.8016E-3	498.6746	592.7313	4.217E-3	82.109	
demographic.popSize66	159.2375	248.6322	84.9743	4.3453E-3	531.2947	656.4909	4.3453E-3	84.9743	
demographic.popSize67	154.8065	259.4434	82.2856	0.012	510.8839	710.3204	0.0422	82.2984	
demographic.popSize68	157.1404	257.7936	83.5938	4.33E-3	519.1432	780.6216	8.2747E-3	83.5938	
demographic.popSize69	157.102	273.4066	83.5805	0.0132	509.6028	665.4862	0.0237	83.5805	
demographic.popSize70	159.6036	296.5312	84.7327	5.5628E-4	522.5792	612.3537	4.5405E-4	84.7327	
demographic.popSize71	154.1738	270.819	81.1519	0.0194	499.6175	581.4323	0.0204	81.1525	
demographic.popSize72	158.3643	258.0186	85.1819	5.5805E-3	533.7532	671.6254	5.5805E-3	85.1819	
demographic.popSize73	155.9416	273.7324	82.6849	8.0198E-4	520.0613	639.8693	8.4342E-3	82.6849	
demographic.popSize74	154.0304	257.7193	80.5617	0.0238	494.0202	619.8103	0.0238	80.5617	
demographic.popSize75	157.4244	287.5646	81.885	3.7311E-3	536.5019	676.4839	0.0259	81.901	
demographic.popSize76	154.8447	270.2321	82.9895	2.785E-3	513.6944	725.3173	0.0324	82.9895	
demographic.popSize77	155.3109	309.7632	81.2827	0.0215	496.9103	650.1588	0.0215	81.2836	
demographic.popSize78	154.6011	269.4165	82.8768	0.0401	509.0028	672.2288	5.6126E-3	82.8768	
demographic.popSize79	153.5186	250.2389	82.5385	0.2631	520.8397	852.7519	6.3233E-3	82.54	
demographic.popSize80	161.966	331.2659	82.8663	0.017	555.883	569.0989	5.1399E-3	82.8663	
demographic.popSize81	153.9969	239.4362	83.3302	3.643E-3	514.1507	693.8398	3.643E-3	83.3302	
demographic.popSize82	154.187	253.4316	81.897	6.9832E-3	511.064	693.4033	0.0568	81.9092	
demographic.popSize83	154.2773	283.9515	79.4514	0.0105	516.9412	737.6247	3.2896E-3	79.4514	
demographic.popSize84	157.7467	265.4783	82.0721	5.2529E-3	523.9796	690.5497	0.1034	82.1349	
demographic.popSize85	155.167	252.7278	82.6408	9.3857E-3	514.6619	742.2332	7.5049E-3	82.6408	
demographic.popSize86	153.9232	262.774	82.8527	2.7283E-3	505.9465	703.2313	1.6894E-3	82.8527	
demographic.popSize87	156.7985	269.7989	83.6615	1.7534E-4	512.3216	622.6382	0.1027	83.6889	
demographic.popSize88	149.4303	241.3754	80.1061	0.0223	504.5047	705.1995	0.0382	80.1061	
demographic.popSize89	153.369	267.3656	81.5135	6.1941E-3	510.8004	679.0399	6.1941E-3	81.5135	
demographic.popSize90	153.7823	281.3839	82.6303	0.01	507.203	762.4352	0.01	82.6303	
demographic.popSize91	154.4677	263.5487	81.632	9.218E-3	512.2026	621.2021	9.218E-3	81.632	
demographic.popSize92	150.6149	226.9662	81.7549	6.1087E-3	510.0823	825.8811	6.1087E-3	81.7549	
demographic.popSize93	154.3124	247.9395	82.1571	1.468E-3	523.319	688.1479	1.468E-3	82.1571	
demographic.popSize94	156.3556	260.3095	83.5409	0.0125	523.5663	596.711	8.6107E-3	83.5409	
demographic.popSize95	151.6924	254.355	80.6828	5.3464E-3	500.5484	601.393	2.1731E-3	80.6828	
demographic.popSize96	155.0217	256.549	81.7348	0.0102	516.2196	724.4157	0.0102	81.737	
demographic.popSize97	154.6356	282.235	82.2746	1.7217E-3	515.806	742.7778	1.7217E-3	82.2746	
demographic.popSize98	157.6337	265.7029	87.2239	7.9655E-3	517.8455	638.3178	3.6879E-3	87.2239	
demographic.popSize99	153.7612	264.1355	80.612	0.0314	512.0815	639.4193	0.026	80.627	
demographic.popSize100	156.5335	265.5434	83.735	1.2984E-3	509.031	642.2694	0.0463	83.735	
demographic.popSize101	157.8572	285.5114	82.0019	0.0186	524.385	610.8902	0.0663	82.0352	
demographic.popSize102	152.0354	252.6422	80.2403	6.8324E-3	513.4452	692.1479	0.0552	80.2684	
demographic.popSize103	151.2754	238.7979	82.1286	6.4423E-3	526.7196	714.2178	6.4423E-3	82.1286	
demographic.popSize104	153.4	238.0788	83.9025	0.0525	506.4976	830.9205	0.0525	83.9407	
demographic.popSize105	153.647	249.4452	81.7828	0.0112	519.123	714.1905	0.0112	81.7828	
demographic.popSize106	152.5808	256.7266	79.2159	3.809E-3	508.1848	653.1488	0.0153	79.2176	
demographic.popSize107	152.9476	248.9299	82.0524	1.2899E-3	519.4662	743.1886	0.0772	82.0917	
demographic.popSize108	152.0244	250.2894	82.3472	5.5317E-3	512.4296	694.3527	5.5317E-3	82.3472	
demographic.popSize109	155.7382	281.4893	82.1065	0.0111	527.0387	653.6194	0.0123	82.107	
demographic.popSize110	155.1079	250.9326	83.7737	0.015	528.8718	771.9299	0.0139	83.7737	
demographic.popSize111	152.3756	259.8642	79.5853	3.6395E-3	512.6391	758.6484	3.6395E-3	79.5853	
demographic.popSize112	152.358	234.6272	83.1912	0.0105	513.4524	758.8398	0.0105	83.1912	
demographic.popSize113	152.8938	271.2722	81.7015	0.0244	502.8563	715.6649	0.0216	81.7015	
demographic.popSize114	152.3738	266.7665	82.3796	2.6026E-3	501.2195	721.1544	2.6026E-3	82.3796	
demographic.popSize115	153.4172	267.8428	79.8673	0.0115	518.851	606.8116	0.0718	79.9115	
demographic.popSize116	155.5716	265.5796	80.4342	1.2954E-3	523.29	718.1858	1.2954E-3	80.4342	
demographic.popSize117	151.9945	266.0589	79.9121	0.0232	511.2564	625.585	0.0186	79.9121	
demographic.popSize118	152.9178	257.1358	80.5964	8.7235E-3	515.2256	695.5569	0.0672	80.6058	
demographic.popSize119	152.8018	261.3726	81.6282	1.3129E-3	507.4162	620.2671	0.0438	81.6621	
demographic.popSize120	153.6016	270.3277	79.8239	4.4676E-4	506.8703	669.4639	0.014	79.8318	
demographic.popSize121	151.0327	246.1159	80.2989	6.9252E-3	501.2194	745.906	0.0589	80.3418	
demographic.popSize122	153.5263	284.0545	81.1006	1.1609E-3	501.3844	636.8648	1.1609E-3	81.1006	
demographic.popSize123	150.6223	269.7673	79.2002	5.6372E-3	499.5643	795.7509	1.1462E-3	79.2002	
demographic.popSize124	153.3701	254.4205	82.279	0.0223	508.4232	712.5222	0.0223	82.279	
demographic.popSize125	152.3443	242.8516	81.6024	7.6861E-4	515.6859	731.0044	4.5126E-3	81.6024	
demographic.popSize126	149.4877	275.3487	79.9234	3.7661E-3	489.949	679.3307	9.1224E-4	79.9234	
demographic.popSize127	152.7168	251.5811	82.4574	7.5417E-3	504.3127	668.4768	6E-4	82.4574	
demographic.popSize128	152.1758	285.4971	81.2898	9.1102E-3	490.2112	604.3547	0.0139	81.2898	
demographic.popSize129	149.2006	246.0445	78.0363	9.0704E-4	501.1636	765.8564	0.024	78.0464	
demographic.popSize130	153.8375	282.2554	83.7051	0.019	507.6394	632.0857	0.0397	83.7177	
demographic.popSize131	152.2286	244.7414	80.7052	0.0136	519.3513	735.6386	9.3248E-3	80.7054	
demographic.popSize132	154.3952	275.5214	82.6719	0.0101	519.5893	681.5803	0.0268	82.6866	
demographic.popSize133	154.3058	252.0145	81.7571	0.0131	514.7843	606.1536	0.0203	81.7616	
demographic.popSize134	149.7905	257.1684	79.8679	1.0958E-3	494.2554	727.4888	0.0246	79.8709	
demographic.popSize135	151.0186	243.6835	83.3183	0.0274	495.189	729.1183	0.0274	83.3187	
demographic.popSize136	152.4244	252.5576	81.6606	6.5753E-3	518.9339	805.5832	6.5753E-3	81.6606	
demographic.popSize137	151.152	248.0336	80.3685	3.1622E-3	504.1528	615.2433	0.1057	80.4336	
demographic.popSize138	152.9607	292.6375	80.7645	3.2272E-3	500.7747	609.9588	0.0274	80.7645	
demographic.popSize139	152.9182	257.1438	79.7218	1.3004E-3	519.9053	673.3259	5.1492E-3	79.7218	
demographic.popSize140	150.3671	242.9966	82.3128	5.8125E-3	503.7482	724.3914	5.8125E-3	82.3128	
demographic.popSize141	149.8581	250.7979	78.7737	7.302E-3	494.8234	691.2651	0.0139	78.7737	
demographic.popSize142	148.5137	247.0902	79.0649	0.0241	493.7536	683.5151	0.0143	79.0649	
demographic.popSize143	152.062	256.8395	82.0664	0.0456	508.0716	774.7738	0.0283	82.0701	
demographic.popSize144	151.653	268.9855	79.8085	3.6347E-3	504.626	749.6093	4.4454E-3	79.8085	
demographic.popSize145	154.2542	290.4707	78.2381	0.0408	524.3503	712.8476	0.0408	78.2381	
demographic.popSize146	151.0349	270.2043	81.3464	5.0839E-3	498.0715	711.2697	0.0454	81.3793	
demographic.popSize147	152.3191	286.7536	80.7206	5.6421E-3	494.1539	738.0366	0.1241	80.7825	
demographic.popSize148	149.0415	242.469	79.5466	3.7039E-3	490.0259	658.1767	3.0323E-3	79.5466	
demographic.popSize149	151.2135	253.672	81.2419	1.1001E-4	513.2842	696.4602	0.0323	81.2582	
demographic.popSize150	148.9175	236.4075	78.5386	0.0267	494.6073	682.6714	0.0267	78.5474	
demographic.popSize151	146.8577	244.0699	77.0339	0.0166	489.7736	687.1212	0.0166	77.0339	
demographic.popSize152	151.6355	251.3269	79.9658	0.0114	514.9378	620.42	0.0301	79.9689	
demographic.popSize153	153.2323	273.8589	80.8712	0.0109	513.5674	680.3163	0.0853	80.9209	
demographic.popSize154	151.686	257.9843	79.7878	2.7099E-3	516.8572	726.2179	2.7099E-3	79.7878	
demographic.popSize155	151.8317	262.9312	79.3887	8.4193E-4	508.0107	699.3874	0.0474	79.4131	
demographic.popSize156	153.5755	263.3136	80.0473	0.0117	518.5242	676.8746	0.0117	80.0473	
demographic.popSize157	150.111	285.3617	78.6195	0.0102	483.3724	739.513	3.7074E-3	78.6195	
demographic.popSize158	151.466	255.9106	79.4016	6.2516E-3	508.4311	712.8004	0.1233	79.482	
demographic.popSize159	150.6019	265.7832	79.3039	3.1611E-3	501.5395	702.6182	8.9819E-3	79.3058	
demographic.popSize160	152.9241	257.8927	81.2946	8.7666E-3	509.5914	756.3622	8.7666E-3	81.2946	
demographic.popSize161	146.1865	247.2999	76.7329	0.0165	486.6536	801.7016	0.0289	76.7383	
demographic.popSize162	152.5221	300.4126	74.6152	1.166E-3	513.77	632.3368	1.166E-3	74.6152	
demographic.popSize163	152.8379	256.1183	80.8542	3.2393E-3	510.1098	642.2901	3.2393E-3	80.8542	
demographic.popSize164	150.1729	263.7329	78.8123	2.3952E-3	505.0967	809.4459	0.013	78.8123	
demographic.popSize165	152.3439	263.2019	78.8691	0.0301	513.8146	656.3189	0.0261	78.87	
demographic.popSize166	149.5495	249.8346	79.4445	2.5684E-3	500.5855	748.1273	5.1713E-3	79.4445	
demographic.popSize167	149.7494	246.4156	79.5305	5.0388E-3	510.9203	619.1545	5.0388E-3	79.5305	
demographic.popSize168	148.5507	248.8091	76.6424	7.5218E-4	506.127	638.192	7.5218E-4	76.6424	
demographic.popSize169	151.8665	252.5391	79.0308	9.9454E-3	518.9711	666.0674	0.018	79.0353	
demographic.popSize170	151.5883	266.4476	77.3907	1.1601E-3	515.6167	575.9454	1.1601E-3	77.3907	
demographic.popSize171	153.3634	252.7251	79.3703	0.0227	522.7539	671.5535	0.1412	79.4548	
demographic.popSize172	152.33	295.2246	77.8894	2.7307E-3	509.7427	749.583	0.0208	77.8958	
demographic.popSize173	148.7828	241.8598	78.1653	7.0869E-3	505.9546	717.0908	7.0869E-3	78.1653	
demographic.popSize174	150.0316	236.6438	80.1555	6.1773E-4	503.2243	781.8842	6.1773E-4	80.1555	
demographic.popSize175	147.8789	258.6124	75.4353	2.692E-3	494.9441	777.4109	2.692E-3	75.4353	
demographic.popSize176	149.3252	245.0589	78.4115	1.6812E-3	507.9885	697.6412	1.6812E-3	78.4115	
demographic.popSize177	149.3365	285.895	77.0814	0.0162	500.086	670.1904	0.0166	77.0814	
demographic.popSize178	147.6823	242.9024	76.8584	4.71E-3	499.0053	654.8524	0.0191	76.8683	
demographic.popSize179	150.6419	244.9759	79.1548	0.0201	503.7245	771.9658	0.0201	79.1548	
demographic.popSize180	147.2436	240.2972	78.0633	0.0106	496.0988	810.3577	0.0492	78.0633	
demographic.popSize181	153.1901	300.245	80.2227	7.8697E-3	513.6926	684.0103	0.0148	80.2227	
demographic.popSize182	139.276	194.194	75.2092	9.0036E-4	482.8884	1071.0731	0.0297	75.2103	
demographic.popSize183	150.6217	237.3796	79.5798	5.6781E-3	518.0318	769.0831	5.6781E-3	79.5798	
demographic.popSize184	150.797	251.7473	79.7924	1.0323E-3	507.7361	793.3858	1.0323E-3	79.7924	
demographic.popSize185	152.3842	286.8362	79.9694	0.016	503.0288	704.113	0.016	79.9799	
demographic.popSize186	152.4666	256.4597	81.1402	4.205E-3	517.4618	702.6362	4.205E-3	81.1402	
demographic.popSize187	149.9934	245.1391	78.7085	3.7692E-3	505.2919	690.6677	7.418E-3	78.7085	
demographic.popSize188	149.8817	250.8361	78.4169	0.0296	501.2358	752.5017	0.0296	78.4169	
demographic.popSize189	150.9427	271.3715	77.6734	5.2284E-3	505.5254	588.0288	5.2284E-3	77.6734	
demographic.popSize190	153.6011	279.1343	79.6405	0.0141	518.0505	697.2608	0.0705	79.6796	
demographic.popSize191	149.264	248.6365	77.7679	0.0112	515.5288	664.9819	0.0214	77.7679	
demographic.popSize192	147.252	257.9289	78.5454	2.9005E-4	485.2263	761.8609	0.0329	78.5618	
demographic.popSize193	151.0136	264.2835	79.8779	0.0345	496.3559	636.6547	0.131	79.9774	
demographic.popSize194	152.1565	265.9723	79.9151	0.0143	492.9328	681.1521	0.0222	79.9151	
demographic.popSize195	147.4528	255.3421	76.4501	5.2006E-3	493.159	771.6555	9.8187E-3	76.4501	
demographic.popSize196	152.6071	257.4614	79.4336	5.0684E-3	520.3248	642.8057	5.0684E-3	79.4336	
demographic.popSize197	153.6031	305.825	78.9521	4.2951E-3	501.7513	687.216	0.0113	78.9521	
demographic.popSize198	154.489	274.6924	80.3014	3.594E-3	520.3101	643.9385	9.9304E-3	80.3014	
demographic.popSize199	149.1891	251.9488	80.5523	3.3971E-3	493.1386	675.1331	0.0624	80.5961	
demographic.popSize200	153.8314	291.8513	79.5954	3.7033E-3	523.4412	817.1864	3.7033E-3	79.5954	
demographic.indicators1	7.7173E-3	0.0875	0	0	0	418.8521	0	0	
demographic.indicators2	3.7467E-3	0.0611	0	0	0	1715.5864	0	0	
demographic.indicators3	0.0169	0.1289	0	0	0	273.2685	0	0	
demographic.indicators4	7.068E-3	0.0838	0	0	0	453.4052	0	0	
demographic.indicators5	0.014	0.1173	0	0	0	346.8527	0	0	
demographic.indicators6	0.0158	0.1247	0	0	0	273.1583	0	0	
demographic.indicators7	0.0109	0.104	0	0	0	317.0815	0	0	
demographic.indicators8	9.3787E-3	0.0964	0	0	0	580.2008	0	0	
demographic.indicators9	0.0265	0.1605	0	0	0	276.7801	0	0	
demographic.indicators10	0.0806	0.2722	0	0	1	213.1133	0	0	
demographic.indicators11	0.0115	0.1066	0	0	0	430.2516	0	0	
demographic.indicators12	0.0235	0.1516	0	0	0	339.1647	0	0	
demographic.indicators13	0.0481	0.2139	0	0	0	211.0571	0	0	
demographic.indicators14	0.0151	0.1218	0	0	0	353.1824	0	0	
demographic.indicators15	0.0132	0.1142	0	0	0	569.8028	0	0	
demographic.indicators16	0.0251	0.1565	0	0	0	254.6553	0	0	
demographic.indicators17	0.0144	0.119	0	0	0	241.8284	0	0	
demographic.indicators18	9.8747E-3	0.0989	0	0	0	795.6908	0	0	
demographic.indicators19	0.0439	0.2049	0	0	0	248.4552	0	0	
demographic.indicators20	0.0317	0.1751	0	0	0	308.3974	0	0	
demographic.indicators21	0.0606	0.2385	0	0	1	285.8091	0	0	
demographic.indicators22	0.0495	0.2169	0	0	0	280.8841	0	0	
demographic.indicators23	0.0421	0.2008	0	0	0	302.3336	0	0	
demographic.indicators24	0.0859	0.2802	0	0	1	231.5126	0	0	
demographic.indicators25	0.0917	0.2886	0	0	1	233.7197	0	0	
demographic.indicators26	0.0698	0.2549	0	0	1	264.724	0	0	
demographic.indicators27	0.0814	0.2735	0	0	1	214.3474	0	0	
demographic.indicators28	0.0218	0.146	0	0	0	417.5081	0	0	
demographic.indicators29	0.0558	0.2296	0	0	1	277.5596	0	0	
demographic.indicators30	0.0326	0.1777	0	0	0	271.7879	0	0	
demographic.indicators31	0.0222	0.1474	0	0	0	303.6186	0	0	
demographic.indicators32	9.2307E-3	0.0956	0	0	0	688.1898	0	0	
demographic.indicators33	6.144E-3	0.0781	0	0	0	1719.4421	0	0	
demographic.indicators34	0.0162	0.1264	0	0	0	359.3193	0	0	
demographic.indicators35	0.0203	0.141	0	0	0	293.7419	0	0	
demographic.indicators36	0.0455	0.2085	0	0	0	266.8488	0	0	
demographic.indicators37	0.0373	0.1895	0	0	0	257.5634	0	0	
demographic.indicators38	0.0221	0.1469	0	0	0	300.9571	0	0	
demographic.indicators39	5.2093E-3	0.072	0	0	0	1912.4101	0	0	
demographic.indicators40	0.0146	0.1199	0	0	0	480.2464	0	0	
demographic.indicators41	0.0271	0.1623	0	0	0	428.7049	0	0	
demographic.indicators42	0.0106	0.1024	0	0	0	423.6523	0	0	
demographic.indicators43	0.019	0.1367	0	0	0	329.2141	0	0	
demographic.indicators44	0.0113	0.1055	0	0	0	574.7163	0	0	
demographic.indicators45	0.0143	0.1188	0	0	0	487.8282	0	0	
demographic.indicators46	0.0223	0.1477	0	0	0	422.8726	0	0	
demographic.indicators47	0.0231	0.1502	0	0	0	268.3759	0	0	
demographic.indicators48	0.0167	0.1281	0	0	0	521.8724	0	0	
demographic.indicators49	0.0188	0.1358	0	0	0	363.9015	0	0	
demographic.indicators50	9.5373E-3	0.0972	0	0	0	1095.7258	0	0	
demographic.indicators51	0.0128	0.1126	0	0	0	413.5399	0	0	
demographic.indicators52	0.0159	0.125	0	0	0	307.6204	0	0	
demographic.indicators53	0.0212	0.144	0	0	0	357.2506	0	0	
demographic.indicators54	0.0184	0.1343	0	0	0	503.6434	0	0	
demographic.indicators55	0.0533	0.2246	0	0	1	316.1556	0	0	
demographic.indicators56	0.0114	0.1061	0	0	0	736.9233	0	0	
demographic.indicators57	0.0115	0.1068	0	0	0	625.1034	0	0	
demographic.indicators58	0.0317	0.1751	0	0	0	386.4219	0	0	
demographic.indicators59	0.0187	0.1354	0	0	0	457.431	0	0	
demographic.indicators60	8.8693E-3	0.0938	0	0	0	993.2826	0	0	
demographic.indicators61	0.046	0.2095	0	0	0	322.2869	0	0	
demographic.indicators62	0.0348	0.1834	0	0	0	286.6315	0	0	
demographic.indicators63	0.0259	0.1588	0	0	0	389.6471	0	0	
demographic.indicators64	0.0202	0.1408	0	0	0	380.1253	0	0	
demographic.indicators65	0.027	0.1622	0	0	0	336.21	0	0	
demographic.indicators66	9.236E-3	0.0957	0	0	0	631.6426	0	0	
demographic.indicators67	0.0207	0.1425	0	0	0	585.7187	0	0	
demographic.indicators68	0.022	0.1466	0	0	0	413.1481	0	0	
demographic.indicators69	0.0184	0.1342	0	0	0	371.4205	0	0	
demographic.indicators70	3.212E-3	0.0566	0	0	0	3067.6385	0	0	
demographic.indicators71	0.0174	0.1306	0	0	0	766.2822	0	0	
demographic.indicators72	6.8147E-3	0.0823	0	0	0	780.0832	0	0	
demographic.indicators73	0.0132	0.1142	0	0	0	376.8228	0	0	
demographic.indicators74	0.0278	0.1644	0	0	0	352.385	0	0	
demographic.indicators75	0.0122	0.1097	0	0	0	549.1367	0	0	
demographic.indicators76	8.2747E-3	0.0906	0	0	0	608.6366	0	0	
demographic.indicators77	8.2173E-3	0.0903	0	0	0	847.1816	0	0	
demographic.indicators78	0.0156	0.1239	0	0	0	831.1898	0	0	
demographic.indicators79	0.0231	0.1503	0	0	0	345.9535	0	0	
demographic.indicators80	6.924E-3	0.0829	0	0	0	816.7637	0	0	
demographic.indicators81	0.0107	0.103	0	0	0	647.4589	0	0	
demographic.indicators82	4.3013E-3	0.0654	0	0	0	1091.2161	0	0	
demographic.indicators83	4.6147E-3	0.0678	0	0	0	1498.1472	0	0	
demographic.indicators84	0.0105	0.1021	0	0	0	410.5855	0	0	
demographic.indicators85	9.3627E-3	0.0963	0	0	0	674.6602	0	0	
demographic.indicators86	0.0121	0.1093	0	0	0	305.3537	0	0	
demographic.indicators87	8.5933E-3	0.0923	0	0	0	437.0528	0	0	
demographic.indicators88	6.444E-3	0.08	0	0	0	543.2781	0	0	
demographic.indicators89	6.4747E-3	0.0802	0	0	0	1053.2639	0	0	
demographic.indicators90	0.0138	0.1168	0	0	0	418.6302	0	0	
demographic.indicators91	0.011	0.1042	0	0	0	274.0663	0	0	
demographic.indicators92	3.5907E-3	0.0598	0	0	0	910.6681	0	0	
demographic.indicators93	9.012E-3	0.0945	0	0	0	465.3739	0	0	
demographic.indicators94	3.948E-3	0.0627	0	0	0	2178.4548	0	0	
demographic.indicators95	0.0122	0.1097	0	0	0	529.4937	0	0	
demographic.indicators96	8.208E-3	0.0902	0	0	0	580.6747	0	0	
demographic.indicators97	7.7493E-3	0.0877	0	0	0	558.4768	0	0	
demographic.indicators98	1.4933E-3	0.0386	0	0	0	6802.3121	0	0	
demographic.indicators99	0.0125	0.111	0	0	0	388.0179	0	0	
demographic.indicators100	5.4027E-3	0.0733	0	0	0	860.8105	0	0	
demographic.indicators101	3.992E-3	0.0631	0	0	0	1024.2081	0	0	
demographic.indicators102	8.1707E-3	0.09	0	0	0	701.1625	0	0	
demographic.indicators103	0.0132	0.114	0	0	0	750.7423	0	0	
demographic.indicators104	7.432E-3	0.0859	0	0	0	1274.43	0	0	
demographic.indicators105	4.4773E-3	0.0668	0	0	0	2776.8874	0	0	
demographic.indicators106	4.172E-3	0.0645	0	0	0	3367.0167	0	0	
demographic.indicators107	6.012E-3	0.0773	0	0	0	773.9725	0	0	
demographic.indicators108	3.4133E-3	0.0583	0	0	0	1502.2454	0	0	
demographic.indicators109	7.2627E-3	0.0849	0	0	0	404.8979	0	0	
demographic.indicators110	2.8307E-3	0.0531	0	0	0	5326.1183	0	0	
demographic.indicators111	3.3347E-3	0.0577	0	0	0	1775.6866	0	0	
demographic.indicators112	6.3467E-3	0.0794	0	0	0	1463.9824	0	0	
demographic.indicators113	4.2387E-3	0.065	0	0	0	1617.8132	0	0	
demographic.indicators114	5.0373E-3	0.0708	0	0	0	2734.9037	0	0	
demographic.indicators115	3.488E-3	0.059	0	0	0	2427.4286	0	0	
demographic.indicators116	4.9587E-3	0.0702	0	0	0	2913.8434	0	0	
demographic.indicators117	5.0307E-3	0.0707	0	0	0	1762.9229	0	0	
demographic.indicators118	3.996E-3	0.0631	0	0	0	1843.1429	0	0	
demographic.indicators119	6.7547E-3	0.0819	0	0	0	828.2973	0	0	
demographic.indicators120	6.572E-3	0.0808	0	0	0	1277.1198	0	0	
demographic.indicators121	2.572E-3	0.0506	0	0	0	4321.3681	0	0	
demographic.indicators122	7.9853E-3	0.089	0	0	0	614.6416	0	0	
demographic.indicators123	4.9133E-3	0.0699	0	0	0	2714.4504	0	0	
demographic.indicators124	3.04E-3	0.0551	0	0	0	7056.5235	0	0	
demographic.indicators125	0.0205	0.1418	0	0	0	380.1175	0	0	
demographic.indicators126	4.6307E-3	0.0679	0	0	0	2369.2271	0	0	
demographic.indicators127	3.236E-3	0.0568	0	0	0	3475.0088	0	0	
demographic.indicators128	0.0131	0.1137	0	0	0	434.9858	0	0	
demographic.indicators129	5.9013E-3	0.0766	0	0	0	1177.2251	0	0	
demographic.indicators130	6.3533E-3	0.0795	0	0	0	1049.0918	0	0	
demographic.indicators131	5.02E-3	0.0707	0	0	0	1600.5244	0	0	
demographic.indicators132	4.096E-3	0.0639	0	0	0	1896.9553	0	0	
demographic.indicators133	0.0163	0.1266	0	0	0	629.3784	0	0	
demographic.indicators134	5.168E-3	0.0717	0	0	0	2779.746	0	0	
demographic.indicators135	6.856E-3	0.0825	0	0	0	1831.3072	0	0	
demographic.indicators136	9.1613E-3	0.0953	0	0	0	716.0463	0	0	
demographic.indicators137	6.56E-3	0.0807	0	0	0	561.6944	0	0	
demographic.indicators138	0.0124	0.1106	0	0	0	463.4968	0	0	
demographic.indicators139	7.8813E-3	0.0884	0	0	0	1916.1965	0	0	
demographic.indicators140	6.7107E-3	0.0816	0	0	0	784.9816	0	0	
demographic.indicators141	0.0199	0.1398	0	0	0	351.4677	0	0	
demographic.indicators142	4.5573E-3	0.0674	0	0	0	2816.6298	0	0	
demographic.indicators143	0.0106	0.1026	0	0	0	494.8917	0	0	
demographic.indicators144	0.0191	0.137	0	0	0	534.5713	0	0	
demographic.indicators145	0.012	0.109	0	0	0	741.5184	0	0	
demographic.indicators146	0.0116	0.107	0	0	0	712.2578	0	0	
demographic.indicators147	0.0144	0.1193	0	0	0	543.4783	0	0	
demographic.indicators148	4.1013E-3	0.0639	0	0	0	3032.8931	0	0	
demographic.indicators149	0.0117	0.1074	0	0	0	511.0254	0	0	
demographic.indicators150	0.022	0.1467	0	0	0	334.4582	0	0	
demographic.indicators151	0.0107	0.103	0	0	0	632.6241	0	0	
demographic.indicators152	8.82E-3	0.0935	0	0	0	1027.0415	0	0	
demographic.indicators153	6.816E-3	0.0823	0	0	0	1633.9828	0	0	
demographic.indicators154	0.0183	0.134	0	0	0	637.4724	0	0	
demographic.indicators155	0.0187	0.1355	0	0	0	511.326	0	0	
demographic.indicators156	0.0168	0.1284	0	0	0	583.7341	0	0	
demographic.indicators157	0.0224	0.1481	0	0	0	342.0962	0	0	
demographic.indicators158	0.0146	0.12	0	0	0	634.7528	0	0	
demographic.indicators159	0.0122	0.1097	0	0	0	729.5341	0	0	
demographic.indicators160	0.0279	0.1646	0	0	0	475.9923	0	0	
demographic.indicators161	0.0468	0.2112	0	0	0	416.3102	0	0	
demographic.indicators162	5.04E-3	0.0708	0	0	0	2764.1326	0	0	
demographic.indicators163	0.0194	0.1378	0	0	0	458.8098	0	0	
demographic.indicators164	0.018	0.1328	0	0	0	538.1105	0	0	
demographic.indicators165	0.0114	0.1064	0	0	0	1086.5713	0	0	
demographic.indicators166	0.0278	0.1644	0	0	0	369.2215	0	0	
demographic.indicators167	0.0343	0.1821	0	0	0	369.0444	0	0	
demographic.indicators168	0.015	0.1217	0	0	0	571.5565	0	0	
demographic.indicators169	0.0309	0.1729	0	0	0	426.8564	0	0	
demographic.indicators170	8.368E-3	0.0911	0	0	0	765.4146	0	0	
demographic.indicators171	0.0235	0.1516	0	0	0	558.457	0	0	
demographic.indicators172	0.0262	0.1597	0	0	0	512.2955	0	0	
demographic.indicators173	0.0184	0.1345	0	0	0	915.1122	0	0	
demographic.indicators174	0.0226	0.1485	0	0	0	493.9222	0	0	
demographic.indicators175	0.0154	0.1233	0	0	0	998.008	0	0	
demographic.indicators176	0.024	0.1532	0	0	0	514.0264	0	0	
demographic.indicators177	0.0236	0.1518	0	0	0	406.6552	0	0	
demographic.indicators178	0.0151	0.122	0	0	0	931.5298	0	0	
demographic.indicators179	0.02	0.1399	0	0	0	547.0856	0	0	
demographic.indicators180	0.0156	0.1241	0	0	0	671.1669	0	0	
demographic.indicators181	0.0386	0.1927	0	0	0	334.1187	0	0	
demographic.indicators182	0.0197	0.139	0	0	0	479.2597	0	0	
demographic.indicators183	0.0163	0.1267	0	0	0	631.6253	0	0	
demographic.indicators184	0.0166	0.1279	0	0	0	483.092	0	0	
demographic.indicators185	0.0164	0.1272	0	0	0	593.5751	0	0	
demographic.indicators186	0.0213	0.1445	0	0	0	494.2549	0	0	
demographic.indicators187	0.022	0.1466	0	0	0	499.4234	0	0	
demographic.indicators188	0.0301	0.1709	0	0	0	333.0571	0	0	
demographic.indicators189	0.0147	0.1202	0	0	0	543.7538	0	0	
demographic.indicators190	0.0338	0.1808	0	0	0	355.1322	0	0	
demographic.indicators191	0.0152	0.1223	0	0	0	583.6235	0	0	
demographic.indicators192	0.012	0.1089	0	0	0	702.3652	0	0	
demographic.indicators193	0.0141	0.1177	0	0	0	558.9179	0	0	
demographic.indicators194	0.0392	0.1941	0	0	0	383.1605	0	0	
demographic.indicators195	0.0126	0.1116	0	0	0	1052.9461	0	0	
demographic.indicators196	7.464E-3	0.0861	0	0	0	4177.3707	0	0	
demographic.indicators197	0.0109	0.1038	0	0	0	1358.9093	0	0	
demographic.indicators198	0.0128	0.1125	0	0	0	941.9444	0	0	
demographic.indicators199	0.0247	0.1552	0	0	0	423.0765	0	0	
kappa	2.3319	0.1549	2.3257	2.0357	2.6401	28691.4927	2.2053	2.4145	
frequencies1	0.2837	0.0104	0.2836	0.2635	0.3042	13169.3971	0.2759	0.2899	
frequencies2	0.206	8.8862E-3	0.2059	0.1885	0.2232	10897.625	0.2001	0.2122	
frequencies3	0.1874	8.6532E-3	0.1873	0.1709	0.2048	13996.8975	0.1812	0.1927	
frequencies4	0.3229	0.0111	0.3229	0.3014	0.345	11241.6779	0.3148	0.3299	
alpha	0.8567	0.2443	0.8323	0.4254	1.3275	2798.974	0.6409	0.9629	
pInv	0.2608	0.0748	0.272	0.1043	0.3885	2148.1498	0.2426	0.3354	
default.ucld.mean	1.9582E-3	6.5915E-4	1.8061E-3	9.9466E-4	3.3459E-3	240.2484	1.2473E-3	1.9552E-3	
default.ucld.stdev	0.018	0.0128	0.0143	3.307E-3	0.0428	312.9958	6.0549E-3	0.0156	
host.ucld.mean	0.0261	5.321E-3	0.0256	0.0164	0.0365	344.9748	0.0212	0.0283	
host.ucld.stdev	7.6008E-3	6.5579E-3	5.9325E-3	2.5985E-7	0.0203	1158.6223	9.0906E-7	5.9328E-3	
default.meanRate	1.1551E-3	1.8555E-4	1.1411E-3	8.2773E-4	1.5131E-3	235.8389	9.6273E-4	1.2331E-3	
default.coefficientOfVariation	3.0641	0.6782	2.9525	1.966	4.4469	246.7125	2.3527	3.1704	
default.covariance	0.0559	0.0538	0.0447	-0.0241	0.1699	365.0019	-0.0016	0.0565	
host.meanRate	0.0264	5.4498E-3	0.0259	0.0165	0.0372	351.9336	0.0212	0.0284	
host.coefficientOfVariation	0.2881	0.2309	0.2347	7.668E-6	0.7379	1419.3829	1.5162E-5	0.2347	
host.covariance	-0.0021	0.0498	-0.0025	-0.1005	0.0946	21933.2684	-0.0365	0.0308	
host.rates.Amaranthaceae.Brassicaceae	1.6312	0.6795	1.5402	0.4729	3.0622	3304.5303	1.0019	1.8251	
host.rates.Amaranthaceae.Fabaceae	1.1468	0.5901	1.0569	0.1482	2.3427	2777.1795	0.588	1.2771	
host.rates.Amaranthaceae.Poaceae	1.4156	0.6844	1.3257	0.1532	2.8023	2459.4618	0.8124	1.6321	
host.rates.Amaranthaceae.Solanaceae	1.238	0.5955	1.149	0.2311	2.4189	2670.4941	0.6745	1.3964	
host.rates.Brassicaceae.Fabaceae	1.139	0.5871	1.0322	0.2125	2.3118	2766.7432	0.5245	1.1982	
host.rates.Brassicaceae.Poaceae	1.2977	0.6732	1.1782	0.2255	2.6473	2033.0944	0.6187	1.4029	
host.rates.Brassicaceae.Solanaceae	0.858	0.9069	0.5741	8.139E-5	2.6416	3337.1652	3.9214E-3	0.5766	
host.rates.Fabaceae.Poaceae	0.8035	0.8932	0.5189	6.785E-5	2.5255	1926.6316	9.2736E-4	0.5196	
host.rates.Fabaceae.Solanaceae	0.8841	0.8724	0.6367	1.1648E-4	2.5759	4246.9548	1.6346E-4	0.6367	
host.rates.Poaceae.Solanaceae	0.992	0.5917	0.8799	0.0639	2.1512	3005.0408	0.3854	1.0447	
host.rates.Brassicaceae.Amaranthaceae	0.9166	0.9679	0.6075	3.2662E-5	2.8661	3930.5517	7.9992E-5	0.6075	
host.rates.Fabaceae.Amaranthaceae	0.8039	0.8875	0.5073	2.1519E-5	2.5713	4797.8409	7.208E-5	0.5073	
host.rates.Poaceae.Amaranthaceae	0.7639	0.7942	0.5136	4.7457E-4	2.3039	3689.6709	2.3635E-3	0.5152	
host.rates.Solanaceae.Amaranthaceae	0.7188	0.8052	0.4554	1.7436E-5	2.3304	4647.1857	1.7171E-5	0.4554	
host.rates.Fabaceae.Brassicaceae	0.8674	0.9565	0.544	1.1849E-5	2.7958	5964.681	1.1849E-5	0.544	
host.rates.Poaceae.Brassicaceae	0.8902	0.9393	0.5946	1.0784E-5	2.7665	6383.9762	1.0784E-5	0.5946	
host.rates.Solanaceae.Brassicaceae	0.8848	0.9419	0.5756	3.2486E-6	2.7784	6071.9849	3.2486E-6	0.5756	
host.rates.Poaceae.Fabaceae	0.8926	0.9271	0.6081	6.2925E-5	2.7316	5854.8855	1.3251E-4	0.6081	
host.rates.Solanaceae.Fabaceae	0.8268	0.6883	0.6683	2.0273E-4	2.0635	4870.161	0.1468	0.7815	
host.rates.Solanaceae.Poaceae	0.8541	0.9274	0.5475	4.8332E-5	2.7187	6119.6839	9.1408E-5	0.5476	
host.indicators.Amaranthaceae.Brassicaceae	0.9793	0.1424	1	1	1	268.7946	1	1	
host.indicators.Amaranthaceae.Fabaceae	0.9595	0.1971	1	1	1	459.5777	1	1	
host.indicators.Amaranthaceae.Poaceae	0.9522	0.2134	1	1	1	436.4639	1	1	
host.indicators.Amaranthaceae.Solanaceae	0.991	0.0943	1	1	1	1265.5661	1	1	
host.indicators.Brassicaceae.Fabaceae	0.9984	0.0406	1	1	1	10571.7124	1	1	
host.indicators.Brassicaceae.Poaceae	0.9972	0.0526	1	1	1	12598.3672	1	1	
host.indicators.Brassicaceae.Solanaceae	0.3309	0.4705	0	0	1	1880.2753	0	0	
host.indicators.Fabaceae.Poaceae	0.4208	0.4937	0	0	1	1544.1177	0	0	
host.indicators.Fabaceae.Solanaceae	0.4136	0.4925	0	0	1	1265.0795	0	0	
host.indicators.Poaceae.Solanaceae	0.9692	0.1728	1	1	1	3813.1688	1	1	
host.indicators.Brassicaceae.Amaranthaceae	0.1796	0.3839	0	0	1	1589.8514	0	0	
host.indicators.Fabaceae.Amaranthaceae	0.3154	0.4647	0	0	1	2703.9031	0	0	
host.indicators.Poaceae.Amaranthaceae	0.5515	0.4973	1	0	1	1783.7149	1	1	
host.indicators.Solanaceae.Amaranthaceae	0.4847	0.4998	0	0	1	1649.737	0	0	
host.indicators.Fabaceae.Brassicaceae	0.2093	0.4068	0	0	1	5873.7258	0	0	
host.indicators.Poaceae.Brassicaceae	0.1613	0.3678	0	0	1	3898.9373	0	0	
host.indicators.Solanaceae.Brassicaceae	0.1479	0.355	0	0	1	6302.8303	0	0	
host.indicators.Poaceae.Fabaceae	0.223	0.4162	0	0	1	1488.029	0	0	
host.indicators.Solanaceae.Fabaceae	0.759	0.4277	1	0	1	857.6185	1	1	
host.indicators.Solanaceae.Poaceae	0.2072	0.4053	0	0	1	4155.0942	0	0	
host.nonZeroRates	11.2509	1.3965	11	9	14	2289.4919	10	11	
default.treeLikelihood	-7210.9779	13.6021	-7210.6328	-7238.1109	-7184.8688	1103.482	-7219.3198	-7201.0152	
default.branchRates	-2382.6079	0	0	0	0	NaN	0	0	
host.branchRates	-2382.6079	0	0	0	0	NaN	0	0	
c_host.count[1]	114.7249	6.0948	114	103	126	1370.0228	109	116	
c_allTransitions[1]	114.7203	6.0927	114	103	126	1362.1756	109	116	
coalescent	-1209.3948	37.6598	-1208.804	-1278.2982	-1141.5887	214.4636	-1236.9176	-1178.8982	

