burnIn   <= 25000000,   maxState  = 100000000
statistic	mean	stdErr	median	hpdLower	hpdUpper	ESS	50hpdLower	50hpdUpper
joint	-15535.053	163.2796	-15535.7355	-15853.2172	-15215.7489	228.6376	-15661.411	-15441.0015	
prior	-7330.583	164.0739	-7334.7343	-7645.9587	-7002.1267	226.6232	-7463.3332	-7242.8901	
likelihood	-8204.47	19.2181	-8204.151	-8242.6276	-8167.2131	570.0527	-8216.8262	-8190.9501	
treeModel.rootHeight	93.9379	29.9744	86.8866	49.7523	154.4353	244.6229	61.3022	94.6113	
age(root)	1929.0621	29.9744	1936.1134	1868.5647	1973.2477	244.6229	1928.3887	1961.6978	
treeLength	2225.3303	376.9074	2209.3289	1591.2535	2995.1338	205.4377	1860.9091	2418.0686	
tmrca(ingroup)	93.9379	29.9744	86.8866	49.7523	154.4353	244.6229	61.3022	94.6113	
age(ingroup)	1929.0621	29.9744	1936.1134	1868.5647	1973.2477	244.6229	1928.3887	1961.6978	
demographic.populationSizeChanges	3.444	0.639	3	3	5	784.0752	3	3	
demographic.populationMean	267.6782	258.5346	193.3323	24.8114	707.4349	245.2343	55.7437	207.6617	
demographic.popSize1	270.4361	231.4288	216.6533	3.4644	716.2866	261.8082	61.8605	252.6113	
demographic.popSize2	266.884	446.3471	127.2032	6.8E-4	985.3373	693.764	6.8E-4	127.2032	
demographic.popSize3	271.7109	510.8121	131.7766	5.7326E-3	964.9964	742.8145	5.6621E-3	131.7766	
demographic.popSize4	263.254	429.153	126.2511	0.0445	969.0692	758.1124	9.8269E-3	126.2511	
demographic.popSize5	268.4551	448.7891	128.83	0.0379	979.6642	734.6763	0.0379	128.83	
demographic.popSize6	270.6792	448.0526	130.254	7.3031E-4	975.4904	685.7694	8.7495E-3	130.254	
demographic.popSize7	249.9706	433.1312	116.3143	5.199E-4	931.0592	713.5015	0.039	116.326	
demographic.popSize8	261.4365	435.4324	124.6046	0.0156	927.8812	737.4112	0.0156	124.6152	
demographic.popSize9	267.2126	476.8714	126.8756	8.2716E-3	952.272	693.5888	8.2716E-3	126.8756	
demographic.popSize10	264.5387	443.7457	124.1131	4.2577E-3	978.3023	665.1986	4.2577E-3	124.1131	
demographic.popSize11	228.7216	400.6064	102.2259	8.3523E-3	850.2706	673.0787	8.3523E-3	102.2259	
demographic.popSize12	270.4345	459.8106	128.5154	1.7212E-3	970.1836	689.1008	1.7212E-3	128.5154	
demographic.popSize13	264.6997	453.6931	125.777	0.0117	963.3205	701.6916	0.0117	125.777	
demographic.popSize14	260.3851	482.2149	119.4634	0.0177	957.1544	754.3148	0.0744	119.4906	
demographic.popSize15	266.997	463.6412	125.2431	1.1401E-3	962.2337	706.7757	0.062	125.2988	
demographic.popSize16	217.843	447.6771	73.9932	8.386E-3	893.7866	564.0935	8.9594E-3	73.9932	
demographic.popSize17	158.9639	323.0056	51.0992	0.0248	653.1914	620.8991	0.0393	51.0992	
demographic.popSize18	261.501	436.9149	121.7337	0.0206	956.0324	703.4713	0.0206	121.7337	
demographic.popSize19	267.3412	457.5003	125.3491	0.018	973.9225	710.1072	0.0295	125.3516	
demographic.popSize20	266.8827	459.0138	127.6154	3.1694E-3	953.316	682.4642	3.1694E-3	127.6154	
demographic.popSize21	247.6075	470.9516	106.0835	0.0236	908.0854	597.8135	0.1131	106.1132	
demographic.popSize22	267.7239	475.0898	127.474	4.1053E-3	944.0556	656.8277	4.1053E-3	127.474	
demographic.popSize23	257.0123	448.8219	121.6163	5.0681E-3	943.7592	731.2516	0.0405	121.6164	
demographic.popSize24	267.118	456.8426	129.349	0.0269	966.0423	721.8915	1.801E-3	129.349	
demographic.popSize25	268.8469	467.3992	131.6986	1.3566E-3	945.5097	650.1007	1.3566E-3	131.6986	
demographic.popSize26	270.9627	447.9496	129.3536	0.0108	955.7713	740.1983	0.1364	129.4478	
demographic.popSize27	273.439	487.9857	132.5509	0.02	976.305	692.69	0.0876	132.625	
demographic.popSize28	273.4907	475.0365	133.4091	0.0139	982.031	698.7347	0.0139	133.4091	
demographic.popSize29	277.1838	453.2261	139.2811	4.3513E-3	975.8752	686.0433	0.0182	139.2811	
demographic.popSize30	264.8111	444.3272	131.348	5.769E-3	939.8817	704.2017	0.0802	131.348	
demographic.popSize31	269.7287	441.234	135.3346	0.011	973.6952	683.3767	0.0787	135.364	
demographic.popSize32	272.3359	439.1646	132.6575	7.7792E-3	1016.8232	680.8646	7.7792E-3	132.6575	
demographic.popSize33	269.4424	439.0368	133.5898	1.0241E-4	959.2464	727.5686	2.7541E-3	133.5898	
demographic.popSize34	270.9123	452.4146	135.2514	0.0426	951.1573	721.298	0.0603	135.2606	
demographic.popSize35	261.1187	419.33	130.8155	3.7089E-3	903.3269	664.999	0.0617	130.8421	
demographic.popSize36	270.166	456.8276	132.0492	7.5676E-3	979.2124	725.9771	0.0428	132.0492	
demographic.popSize37	263.1315	423.599	129.5779	5.323E-3	947.328	666.9699	0.0459	129.5828	
demographic.popSize38	268.2302	435.0682	130.1796	5.6425E-3	944.3161	718.4414	7.1495E-4	130.1796	
demographic.popSize39	267.7547	441.5158	135.663	4.3022E-3	942.5596	753.6604	0.0322	135.6644	
demographic.popSize40	267.6144	451.922	131.6572	1.9548E-3	938.9146	734.4032	1.9548E-3	131.6572	
demographic.popSize41	272.5172	443.5216	136.0679	1.3272E-3	968.316	680.3975	0.0743	136.1096	
demographic.popSize42	269.0563	442.5616	128.6216	7.8866E-4	966.8842	657.9193	7.8866E-4	128.6216	
demographic.popSize43	270.4422	437.1088	131.7531	0.0221	992.7339	746.1507	0.02	131.7537	
demographic.popSize44	270.9265	444.4575	132.1456	6.9413E-4	987.0707	714.0739	0.1401	132.2725	
demographic.popSize45	265.2717	429.4701	128.4478	0.0233	942.8059	734.5895	0.0302	128.4478	
demographic.popSize46	274.3197	466.5192	134.7332	0.0119	979.4444	703.7229	0.0119	134.7332	
demographic.popSize47	271.7733	464.1066	134.0368	0.0186	989.8813	727.4435	0.0186	134.0368	
demographic.popSize48	270.5695	424.2133	136.7625	3.3672E-3	950.4582	671.1328	0.0313	136.7684	
demographic.popSize49	270.3991	471.0758	131.1635	0.0313	957.3975	761.6202	0.0174	131.1635	
demographic.popSize50	267.9182	475.6886	129.664	8.8519E-3	941.3287	755.8882	8.8519E-3	129.664	
demographic.popSize51	270.3788	479.365	133.5918	2.1075E-3	942.0224	749.5343	0.012	133.5918	
demographic.popSize52	273.0009	442.4231	130.9169	0.0206	971.0899	657.9679	0.0206	130.9169	
demographic.popSize53	275.9151	466.5868	129.8919	0.0111	982.6049	631.7633	0.0111	129.8919	
demographic.popSize54	266.2945	437.1356	132.0247	3.98E-3	945.259	681.6331	0.0228	132.0386	
demographic.popSize55	270.1208	450.6246	133.881	2.9275E-3	943.7949	695.9606	0.0121	133.8843	
demographic.popSize56	279.8872	436.6321	135.0517	2.8155E-3	1096.0459	579.0852	0.0344	135.0517	
demographic.popSize57	270.5992	445.8588	131.6739	0.02	975.2605	670.2005	0.02	131.6739	
demographic.popSize58	270.435	452.1271	131.2198	6.0919E-3	973.7377	709.7036	4.5542E-3	131.2198	
demographic.popSize59	269.4229	433.4285	133.1942	2.5744E-3	959.6952	711.9147	2.5744E-3	133.1942	
demographic.popSize60	269.7592	450.5925	132.3051	1.033E-3	970.1914	744.3696	0.0244	132.3101	
demographic.popSize61	278.9973	474.086	131.3749	0.0711	1028.1289	659.2237	0.0711	131.3749	
demographic.popSize62	266.1974	418.7497	130.436	0.0103	931.6949	683.7016	0.0157	130.436	
demographic.popSize63	270.5427	432.0501	134.7919	1.1971E-3	963.2604	691.2866	1.1971E-3	134.7919	
demographic.popSize64	269.8639	440.5827	131.2552	2.9917E-3	949.9364	732.8954	2.9917E-3	131.2552	
demographic.popSize65	273.744	418.5916	133.6169	0.0189	956.8606	713.0192	7.6731E-3	133.6187	
demographic.popSize66	273.8328	477.5184	131.3694	8.9541E-4	978.6881	712.9787	0.0854	131.4254	
demographic.popSize67	271.3603	462.2645	130.8624	0.0104	958.3909	668.6015	0.0707	130.8984	
demographic.popSize68	269.224	459.0221	129.8537	0.025	953.1337	689.1666	0.0493	129.8745	
demographic.popSize69	272.4573	464.1952	130.7709	4.6857E-3	982.5068	691.981	4.6857E-3	130.7709	
demographic.popSize70	275.0296	423.9552	135.1925	3.0992E-5	969.7338	664.6541	0.0201	135.2098	
demographic.popSize71	270.0785	477.2794	129.1989	5.5417E-3	958.7198	710.7899	0.0539	129.2211	
demographic.popSize72	267.988	439.9875	127.1605	0.0106	939.2047	710.1072	0.0106	127.1605	
demographic.popSize73	273.8467	462.387	132.9582	0.0119	943.2276	669.3856	7.3849E-3	132.9582	
demographic.popSize74	279.5711	471.3031	135.1635	6.0439E-3	986.7824	702.2241	0.0363	135.1914	
demographic.popSize75	278.2041	460.2784	131.0315	0.0233	1002.743	629.9191	0.0233	131.0315	
demographic.popSize76	270.3412	457.9213	129.9594	3.2902E-3	969.6609	664.9394	0.0343	129.9853	
demographic.popSize77	276.2211	465.9118	131.5549	5.6878E-3	995.5353	657.4056	5.6878E-3	131.5549	
demographic.popSize78	269.7368	452.3361	127.6491	0.0652	957.7234	691.0021	0.0659	127.6491	
demographic.popSize79	269.8503	451.3323	127.95	1.8399E-3	992.5547	678.7169	0.0653	127.9903	
demographic.popSize80	271.5942	428.5077	132.2068	0.0226	971.4098	672.9491	0.0592	132.236	
demographic.popSize81	269.9021	427.5653	130.6601	0.0291	957.5313	690.4792	1.444E-3	130.6601	
demographic.popSize82	274.3109	444.2808	134.4329	0.015	960.7952	671.5619	0.014	134.4329	
demographic.popSize83	270.6076	451.0241	131.1387	8.2525E-3	980.9418	729.6422	5.9668E-3	131.1387	
demographic.popSize84	272.3501	446.7893	132.4088	0.0103	956.5626	681.9008	0.0163	132.4088	
demographic.popSize85	277.6464	467.2129	134.4543	1.5737E-3	965.615	757.2476	0.0186	134.4543	
demographic.popSize86	268.0542	434.9204	128.6609	9.3225E-3	988.4788	683.0964	9.3225E-3	128.6609	
demographic.popSize87	277.3358	463.0593	131.0725	0.0677	989.4177	655.5153	0.0178	131.0725	
demographic.popSize88	272.9311	462.5402	132.7321	0.0194	956.9433	701.2837	4.7654E-3	132.7321	
demographic.popSize89	273.455	455.1892	128.453	0.0196	995.4421	726.5721	0.0501	128.4732	
demographic.popSize90	254.422	427.9995	120.5519	6.6754E-3	909.1287	694.6961	0.2049	120.7076	
demographic.popSize91	278.9726	490.8539	131.144	0.032	1003.2646	684.481	0.1493	131.2451	
demographic.popSize92	268.9865	443.0764	130.8057	2.4344E-3	952.1495	742.1538	2.2292E-3	130.8057	
demographic.popSize93	257.3076	424.3261	120.7907	0.0103	896.4726	658.2478	0.0547	120.7949	
demographic.popSize94	264.3274	419.3933	127.5922	3.6098E-3	948.1307	723.5611	0.0661	127.6099	
demographic.popSize95	267.2914	437.8165	128.7809	6.6812E-3	957.924	716.921	0.0235	128.7809	
demographic.popSize96	267.0151	433.7072	127.9721	2.2766E-4	960.9203	690.9976	9.364E-3	127.9721	
demographic.popSize97	267.5376	437.2421	131.6983	2.4897E-3	963.7494	742.1608	4.1682E-4	131.6983	
demographic.popSize98	267.6834	436.162	124.6109	8.2821E-3	987.4282	656.8822	8.2821E-3	124.6109	
demographic.popSize99	269.4109	439.1956	129.2926	3.7484E-3	955.5967	714.5534	3.7484E-3	129.2926	
demographic.popSize100	266.3777	452.6465	127.5892	1.2703E-3	970.1119	704.0558	1.2703E-3	127.5892	
demographic.popSize101	263.4184	444.4133	127.1753	0.0209	952.3784	781.8824	0.0409	127.1753	
demographic.popSize102	270.3115	451.9556	128.4321	5.9512E-3	988.3401	701.5574	5.0676E-3	128.4321	
demographic.popSize103	262.3466	432.1048	127.1025	9.952E-4	945.8221	715.9131	4.3795E-3	127.1025	
demographic.popSize104	267.7066	466.3351	126.5069	2.1106E-3	963.2005	724.536	2.1106E-3	126.5069	
demographic.popSize105	263.4624	462.7932	125.4788	3.4694E-3	917.7351	690.3471	3.4694E-3	125.4788	
demographic.popSize106	269.6003	449.0941	128.952	0.0201	985.6219	688.3582	0.0201	128.952	
demographic.popSize107	267.5738	435.8704	127.6191	7.8566E-3	960.6854	693.2209	9.1207E-3	127.6191	
demographic.popSize108	271.6337	474.1485	125.5473	2.0028E-3	979.6885	711.4584	2.0028E-3	125.5473	
demographic.popSize109	266.648	456.0736	125.9723	2.2618E-5	947.7456	679.876	0.0738	125.9723	
demographic.popSize110	272.4201	470.3145	126.4131	0.012	1005.0362	693.2229	0.0742	126.4493	
demographic.popSize111	269.4442	452.2093	131.5167	2.1987E-3	957.3695	660.3734	0.0303	131.5436	
demographic.popSize112	269.0301	451.3713	128.9698	5.4051E-3	957.7744	662.5136	9.1161E-3	128.9698	
demographic.popSize113	260.7631	447.1327	123.9152	0.0163	949.5279	748.5757	7.8625E-3	123.9152	
demographic.popSize114	272.426	473.0698	127.3342	0.0141	986.9754	725.0315	0.0141	127.3342	
demographic.popSize115	266.696	435.4885	127.6484	9.6845E-3	946.0799	696.2467	9.6845E-3	127.6484	
demographic.popSize116	267.8621	457.7704	126.6165	1.591E-3	948.6752	710.7441	1.591E-3	126.6165	
demographic.popSize117	256.1812	441.7232	119.5618	2.3534E-3	915.0915	642.9099	3.2325E-3	119.5618	
demographic.popSize118	262.2756	438.6274	123.6567	4.4296E-3	948.3843	740.5391	0.0449	123.6808	
demographic.popSize119	263.4973	447.8116	123.7768	4.9157E-3	977.1964	734.9852	3.4319E-3	123.7768	
demographic.popSize120	263.1691	454.6194	126.613	7.5368E-3	898.4683	710.8785	0.059	126.6429	
demographic.popSize121	272.8342	490.7249	128.8149	0.0271	983.8676	762.3694	8.7549E-3	128.8149	
demographic.popSize122	271.5565	448.4632	129.0247	0.0183	971.8788	657.7316	0.0183	129.0346	
demographic.popSize123	264.106	420.96	129.0077	0.0313	950.3608	723.8496	0.0527	129.0244	
demographic.popSize124	258.467	418.2259	124.6451	0.021	946.084	721.7031	0.2879	124.8384	
demographic.popSize125	261.2952	455.8329	124.2876	1.7859E-3	926.8354	688.552	6.6415E-4	124.2876	
demographic.popSize126	263.1979	417.1066	128.609	3.8293E-3	946.3938	715.1943	3.8293E-3	128.609	
demographic.popSize127	269.0358	469.2115	126.1256	0.0137	1009.2984	776.781	0.0137	126.1256	
demographic.popSize128	265.8412	444.9586	126.0647	0.0214	941.3933	675.6721	9.4981E-3	126.0647	
demographic.popSize129	269.1532	458.5494	128.0903	2.2502E-3	963.0955	724.1482	0.0228	128.0987	
demographic.popSize130	262.8707	433.5646	124.8286	1.74E-3	949.0777	715.1363	0.0231	124.8295	
demographic.popSize131	256.5062	427.4397	122.7853	0.0236	923.2059	696.5319	0.0236	122.7871	
demographic.popSize132	263.0787	456.1682	124.6814	0.0128	928.1901	747.8752	0.0302	124.6814	
demographic.popSize133	264.0881	442.1333	123.9932	0.0194	959.9332	678.4633	0.0137	123.9932	
demographic.popSize134	267.8271	451.8624	128.5691	0.0121	959.3732	729.464	0.065	128.602	
demographic.popSize135	266.1571	434.7696	127.6312	0.0537	945.4716	719.1553	0.1072	127.6312	
demographic.popSize136	266.3657	453.7779	128.6335	0.0271	958.7974	762.2329	0.0382	128.6375	
demographic.popSize137	262.0777	430.4025	125.2628	5.6684E-3	948.751	741.0983	0.0459	125.2953	
demographic.popSize138	261.1427	431.1366	127.0351	0.0146	926.3507	701.7141	0.0246	127.0351	
demographic.popSize139	265.799	443.0107	130.507	4.8402E-4	930.6648	750.5905	4.8402E-4	130.507	
demographic.popSize140	264.4987	432.2988	125.0744	0.0273	954.4556	670.0285	0.0407	125.086	
demographic.popSize141	269.5824	462.9637	128.7428	0.0151	992.8704	744.5966	0.0322	128.7537	
demographic.popSize142	248.9463	403.8665	119.7063	2.2414E-4	900.0962	806.564	0.0485	119.7446	
demographic.popSize143	266.9262	455.6861	125.8069	0.0103	947.9598	671.5962	0.0103	125.8069	
demographic.popSize144	264.2976	432.3934	127.2954	0.0103	943.6654	752.9362	0.0103	127.2954	
demographic.popSize145	268.3241	456.4682	130.6578	5.5105E-4	961.6343	681.381	5.5105E-4	130.6578	
demographic.popSize146	268.8358	455.4967	127.0551	0.0498	963.0271	657.9039	0.0497	127.0551	
demographic.popSize147	255.984	416.5783	124.2531	0.0204	925.9574	706.8091	0.0453	124.2531	
demographic.popSize148	273.5201	521.3342	127.8713	5.1179E-5	973.381	735.3812	5.1179E-5	127.8713	
demographic.popSize149	260.0247	415.0692	125.686	6.746E-3	936.4549	717.7975	6.746E-3	125.686	
demographic.popSize150	265.6944	432.1355	126.4717	4.9178E-3	969.3609	693.3094	0.0573	126.5227	
demographic.popSize151	266.1586	461.0184	126.2446	1.23E-3	966.7447	700.4802	1.23E-3	126.2446	
demographic.popSize152	265.1352	455.5305	128.4007	3.3528E-3	940.5122	767.5637	0.047	128.4007	
demographic.popSize153	265.7182	448.8078	126.3591	0.048	946.419	715.5949	0.0615	126.3662	
demographic.popSize154	260.9535	424.3189	125.7013	0.0343	941.6682	682.3639	0.038	125.7032	
demographic.popSize155	274.2575	488.1295	132.145	6.646E-3	1020.4622	694.7221	6.646E-3	132.145	
demographic.popSize156	264.9148	434.6211	126.6993	0.0354	948.537	692.0463	0.0354	126.7004	
demographic.popSize157	267.9324	455.9684	127.3065	2.6077E-3	950.1947	709.4824	0.0355	127.3242	
demographic.popSize158	265.2365	492.9708	126.9534	0.0273	949.4548	858.0122	3.1509E-3	126.9534	
demographic.popSize159	265.4588	445.2667	127.8831	4.1782E-3	968.1178	648.2462	7.8823E-4	127.8831	
demographic.popSize160	260.5122	415.187	129.5631	5.6999E-3	930.5649	753.9845	5.6999E-3	129.5631	
demographic.popSize161	271.8453	469.6394	129.6358	0.0251	967.3446	643.9277	0.0221	129.6358	
demographic.popSize162	271.8695	451.4507	128.511	6.6911E-4	986.5031	674.9981	0.0845	128.5466	
demographic.popSize163	268.9348	497.3536	126.6706	0.0126	955.8266	708.5909	0.0126	126.6706	
demographic.popSize164	270.0338	443.3645	128.4339	8.4513E-5	984.5115	716.7866	7.0017E-3	128.4339	
demographic.popSize165	266.2182	444.3884	127.9335	3.997E-3	961.0092	708.5425	3.8359E-3	127.9335	
demographic.popSize166	264.5254	442.1092	124.9173	0.0446	963.6965	729.8987	0.0446	124.9173	
demographic.popSize167	263.8349	469.6339	126.7601	7.6413E-4	946.3393	762.4907	1.4864E-3	126.7605	
demographic.popSize168	267.0485	444.7665	124.8058	0.0259	988.3486	700.6804	0.0439	124.8058	
demographic.popSize169	266.0718	476.2876	128.5058	7.8481E-3	941.0135	717.1324	0.0566	128.5516	
demographic.popSize170	260.7615	457.8235	124.1055	0.045	924.3762	730.8297	0.0273	124.1055	
demographic.popSize171	261.6134	430.572	126.3616	0.0309	934.0116	737.031	0.0356	126.3729	
demographic.popSize172	267.3322	467.0203	126.6471	0.0147	962.8562	667.2691	0.0147	126.6471	
demographic.popSize173	266.7741	465.6909	126.558	4.3018E-3	963.7467	751.1769	2.0049E-3	126.558	
demographic.popSize174	263.6766	439.4682	125.2023	3.353E-3	954.8181	722.4016	3.353E-3	125.2023	
demographic.popSize175	273.4542	476.2633	130.768	0.0214	960.5802	681.7445	0.0251	130.768	
demographic.popSize176	268.6819	457.8706	124.9005	0.025	969.5092	683.4079	0.079	124.9122	
demographic.popSize177	266.8838	474.9295	125.2097	5.2177E-3	956.9594	735.6917	0.0267	125.2226	
demographic.popSize178	264.6402	443.9718	124.651	0.0131	986.8533	727.3926	0.1148	124.7425	
demographic.popSize179	264.7898	446.0942	124.9468	0.0208	950.1968	682.5797	0.1173	125.0421	
demographic.popSize180	262.1636	444.6228	125.775	2.1743E-3	941.95	756.0001	2.1743E-3	125.775	
demographic.popSize181	266.3674	481.0592	125.7115	1.5506E-3	968.0832	698.753	0.0287	125.7268	
demographic.popSize182	264.3998	440.0071	128.9458	0.0118	946.7155	733.5672	0.0159	128.9458	
demographic.popSize183	265.714	460.0612	125.5968	0.0146	959.6629	671.3534	0.0446	125.6134	
demographic.popSize184	269.4846	478.3876	128.2207	5.5172E-3	975.7221	796.4028	5.5172E-3	128.2207	
demographic.popSize185	263.3626	461.8049	123.4357	3.7134E-3	953.3136	773.8647	3.7134E-3	123.4357	
demographic.popSize186	272.1121	474.4755	127.8497	0.0113	974.8072	678.3522	0.0439	127.8544	
demographic.popSize187	262.9463	449.7798	122.5749	1.5551E-3	973.2205	753.0478	1.5551E-3	122.5749	
demographic.popSize188	267.8208	472.4384	123.7	9.5458E-3	961.9122	720.4578	3.3623E-3	123.7	
demographic.popSize189	260.6314	430.8995	121.486	0.0489	946.2072	724.1249	0.0185	121.486	
demographic.popSize190	268.0608	457.6465	125.852	7.001E-3	982.5946	711.9561	0.0348	125.8667	
demographic.popSize191	263.4158	480.8568	118.7652	0.0367	972.4944	761.1041	0.0269	118.7652	
demographic.popSize192	261.9998	438.752	124.2937	0.0105	949.0883	723.5736	0.0105	124.2937	
demographic.popSize193	260.837	461.0661	124.4963	4.7841E-3	923.7684	760.6183	0.0272	124.4963	
demographic.popSize194	256.4411	424.9621	124.0139	7.1717E-3	950.1533	741.5329	0.0115	124.0139	
demographic.popSize195	266.6347	476.3019	124.6767	0.0188	948.6297	658.6222	0.0501	124.6767	
demographic.popSize196	265.8902	482.6666	123.8654	0.0175	971.4098	731.6248	0.0429	123.8672	
demographic.popSize197	267.8383	478.5272	126.5719	0.0145	963.1584	710.6635	0.0177	126.5719	
demographic.popSize198	258.8659	421.3479	124.9916	3.1879E-3	943.1118	704.4468	0.0701	125.0265	
demographic.popSize199	267.4936	462.3432	124.5827	0.0225	979.232	722.0395	0.0231	124.5827	
demographic.popSize200	264.1286	470.8211	123.4557	7.093E-3	940.781	658.5719	0.0276	123.4614	
demographic.indicators1	2.66E-3	0.0515	0	0	0	20048.991	0	0	
demographic.indicators2	1.3413E-3	0.0366	0	0	0	25454.656	0	0	
demographic.indicators3	0.0126	0.1115	0	0	0	246.6636	0	0	
demographic.indicators4	2.4507E-3	0.0494	0	0	0	1719.6678	0	0	
demographic.indicators5	2.8053E-3	0.0529	0	0	0	569.309	0	0	
demographic.indicators6	0.0441	0.2053	0	0	0	210.2554	0	0	
demographic.indicators7	7.7947E-3	0.0879	0	0	0	252.7596	0	0	
demographic.indicators8	9.444E-3	0.0967	0	0	0	265.7135	0	0	
demographic.indicators9	4.012E-3	0.0632	0	0	0	518.5601	0	0	
demographic.indicators10	0.0826	0.2753	0	0	1	200.2972	0	0	
demographic.indicators11	4.5733E-3	0.0675	0	0	0	624.3693	0	0	
demographic.indicators12	0.0153	0.1228	0	0	0	277.204	0	0	
demographic.indicators13	0.0359	0.186	0	0	0	244.3496	0	0	
demographic.indicators14	3.3307E-3	0.0576	0	0	0	586.2495	0	0	
demographic.indicators15	0.2393	0.4267	0	0	1	195.3544	0	0	
demographic.indicators16	0.3036	0.4598	0	0	1	191.636	0	0	
demographic.indicators17	0.0265	0.1605	0	0	0	248.4378	0	0	
demographic.indicators18	0.0214	0.1448	0	0	0	293.2057	0	0	
demographic.indicators19	2.316E-3	0.0481	0	0	0	2152.4211	0	0	
demographic.indicators20	0.1201	0.3251	0	0	1	208.9369	0	0	
demographic.indicators21	0.0158	0.1246	0	0	0	331.7297	0	0	
demographic.indicators22	0.0644	0.2454	0	0	1	206.7513	0	0	
demographic.indicators23	0.0146	0.12	0	0	0	530.0286	0	0	
demographic.indicators24	0.0141	0.1181	0	0	0	408.504	0	0	
demographic.indicators25	5.8053E-3	0.076	0	0	0	816.5868	0	0	
demographic.indicators26	0.0192	0.1374	0	0	0	456.1147	0	0	
demographic.indicators27	0.0203	0.1409	0	0	0	346.3712	0	0	
demographic.indicators28	0.0192	0.1373	0	0	0	344.2505	0	0	
demographic.indicators29	0.0126	0.1117	0	0	0	507.9504	0	0	
demographic.indicators30	0.0243	0.154	0	0	0	285.3245	0	0	
demographic.indicators31	0.0206	0.142	0	0	0	458.3237	0	0	
demographic.indicators32	0.0193	0.1376	0	0	0	432.2103	0	0	
demographic.indicators33	0.0193	0.1374	0	0	0	501.6983	0	0	
demographic.indicators34	0.0158	0.1245	0	0	0	548.1235	0	0	
demographic.indicators35	0.0128	0.1126	0	0	0	714.8967	0	0	
demographic.indicators36	0.0142	0.1181	0	0	0	764.814	0	0	
demographic.indicators37	0.0127	0.112	0	0	0	557.0346	0	0	
demographic.indicators38	0.0227	0.1491	0	0	0	529.4294	0	0	
demographic.indicators39	0.0114	0.1063	0	0	0	652.7318	0	0	
demographic.indicators40	0.017	0.1292	0	0	0	483.1489	0	0	
demographic.indicators41	0.0132	0.1143	0	0	0	650.6594	0	0	
demographic.indicators42	0.0176	0.1315	0	0	0	464.7979	0	0	
demographic.indicators43	0.0164	0.1271	0	0	0	596.0657	0	0	
demographic.indicators44	0.0105	0.102	0	0	0	489.3761	0	0	
demographic.indicators45	0.0214	0.1447	0	0	0	523.0304	0	0	
demographic.indicators46	0.012	0.1091	0	0	0	520.287	0	0	
demographic.indicators47	0.0247	0.1552	0	0	0	510.1775	0	0	
demographic.indicators48	0.0125	0.1112	0	0	0	702.507	0	0	
demographic.indicators49	0.0124	0.1105	0	0	0	543.4755	0	0	
demographic.indicators50	0.0137	0.1164	0	0	0	452.7651	0	0	
demographic.indicators51	0.0114	0.1064	0	0	0	526.3445	0	0	
demographic.indicators52	0.0174	0.1307	0	0	0	523.7876	0	0	
demographic.indicators53	0.0116	0.1072	0	0	0	491.9706	0	0	
demographic.indicators54	0.0152	0.1224	0	0	0	675.9173	0	0	
demographic.indicators55	0.0277	0.1641	0	0	0	290.3407	0	0	
demographic.indicators56	0.0176	0.1315	0	0	0	407.9522	0	0	
demographic.indicators57	0.0108	0.1033	0	0	0	516.2283	0	0	
demographic.indicators58	0.0177	0.1319	0	0	0	437.292	0	0	
demographic.indicators59	3.6347E-3	0.0602	0	0	0	3037.8952	0	0	
demographic.indicators60	0.0135	0.1155	0	0	0	577.9657	0	0	
demographic.indicators61	0.0152	0.1222	0	0	0	367.8743	0	0	
demographic.indicators62	0.0181	0.1333	0	0	0	399.6141	0	0	
demographic.indicators63	0.0136	0.1156	0	0	0	407.5556	0	0	
demographic.indicators64	0.0261	0.1595	0	0	0	423.8217	0	0	
demographic.indicators65	6.172E-3	0.0783	0	0	0	1096.6853	0	0	
demographic.indicators66	8.5027E-3	0.0918	0	0	0	1317.8902	0	0	
demographic.indicators67	0.0102	0.1004	0	0	0	720.6889	0	0	
demographic.indicators68	7.3427E-3	0.0854	0	0	0	1681.9551	0	0	
demographic.indicators69	0.024	0.1531	0	0	0	430.8886	0	0	
demographic.indicators70	8.8987E-3	0.0939	0	0	0	825.6388	0	0	
demographic.indicators71	0.013	0.1133	0	0	0	481.7641	0	0	
demographic.indicators72	0.019	0.1365	0	0	0	385.6248	0	0	
demographic.indicators73	0.0223	0.1475	0	0	0	429.7809	0	0	
demographic.indicators74	0.0141	0.1178	0	0	0	422.8026	0	0	
demographic.indicators75	0.0146	0.1198	0	0	0	510.9769	0	0	
demographic.indicators76	0.012	0.1088	0	0	0	704.4879	0	0	
demographic.indicators77	0.0109	0.1038	0	0	0	729.3949	0	0	
demographic.indicators78	9.6427E-3	0.0977	0	0	0	428.7825	0	0	
demographic.indicators79	0.0231	0.1503	0	0	0	475.5985	0	0	
demographic.indicators80	0.0244	0.1544	0	0	0	342.0165	0	0	
demographic.indicators81	0.0162	0.1264	0	0	0	549.2684	0	0	
demographic.indicators82	0.0114	0.1062	0	0	0	867.6062	0	0	
demographic.indicators83	0.0153	0.1227	0	0	0	631.5913	0	0	
demographic.indicators84	0.0243	0.1541	0	0	0	359.7942	0	0	
demographic.indicators85	0.019	0.1367	0	0	0	434.9906	0	0	
demographic.indicators86	0.0101	0.1002	0	0	0	484.8026	0	0	
demographic.indicators87	0.0107	0.1031	0	0	0	807.6054	0	0	
demographic.indicators88	6.8867E-3	0.0827	0	0	0	993.2128	0	0	
demographic.indicators89	0.0211	0.1438	0	0	0	277.1111	0	0	
demographic.indicators90	0.013	0.1132	0	0	0	457.6334	0	0	
demographic.indicators91	0.0173	0.1305	0	0	0	350.8775	0	0	
demographic.indicators92	0.0233	0.1509	0	0	0	274.2252	0	0	
demographic.indicators93	0.0191	0.1369	0	0	0	311.9737	0	0	
demographic.indicators94	0.0112	0.1054	0	0	0	506.9996	0	0	
demographic.indicators95	5.66E-3	0.075	0	0	0	582.7365	0	0	
demographic.indicators96	7.984E-3	0.089	0	0	0	1026.4477	0	0	
demographic.indicators97	0.0292	0.1684	0	0	0	288.9626	0	0	
demographic.indicators98	8.144E-3	0.0899	0	0	0	767.9792	0	0	
demographic.indicators99	0.0155	0.1236	0	0	0	451.8893	0	0	
demographic.indicators100	0.0119	0.1083	0	0	0	409.7336	0	0	
demographic.indicators101	0.011	0.1044	0	0	0	512.5806	0	0	
demographic.indicators102	0.0108	0.1034	0	0	0	416.5357	0	0	
demographic.indicators103	8.1373E-3	0.0898	0	0	0	484.9411	0	0	
demographic.indicators104	4.9907E-3	0.0705	0	0	0	669.763	0	0	
demographic.indicators105	0.0112	0.1052	0	0	0	612.0842	0	0	
demographic.indicators106	0.0112	0.1054	0	0	0	620.7825	0	0	
demographic.indicators107	7.3813E-3	0.0856	0	0	0	637.9226	0	0	
demographic.indicators108	0.0121	0.1093	0	0	0	558.2531	0	0	
demographic.indicators109	0.0101	0.0998	0	0	0	632.8482	0	0	
demographic.indicators110	8.94E-3	0.0941	0	0	0	443.1655	0	0	
demographic.indicators111	6.056E-3	0.0776	0	0	0	1560.244	0	0	
demographic.indicators112	0.0196	0.1385	0	0	0	334.4482	0	0	
demographic.indicators113	8.2373E-3	0.0904	0	0	0	523.9072	0	0	
demographic.indicators114	8.0907E-3	0.0896	0	0	0	752.1124	0	0	
demographic.indicators115	9.576E-3	0.0974	0	0	0	653.3188	0	0	
demographic.indicators116	0.0287	0.1669	0	0	0	276.5443	0	0	
demographic.indicators117	0.0142	0.1182	0	0	0	278.3466	0	0	
demographic.indicators118	7.2787E-3	0.085	0	0	0	731.1827	0	0	
demographic.indicators119	0.0115	0.1067	0	0	0	388.2723	0	0	
demographic.indicators120	7.5693E-3	0.0867	0	0	0	490.9237	0	0	
demographic.indicators121	5.2627E-3	0.0724	0	0	0	1447.9484	0	0	
demographic.indicators122	6.6693E-3	0.0814	0	0	0	1269.5746	0	0	
demographic.indicators123	7.576E-3	0.0867	0	0	0	725.4465	0	0	
demographic.indicators124	0.0153	0.1228	0	0	0	298.6112	0	0	
demographic.indicators125	2.6387E-3	0.0513	0	0	0	5364.5056	0	0	
demographic.indicators126	7.448E-3	0.086	0	0	0	819.2111	0	0	
demographic.indicators127	0.0141	0.118	0	0	0	702.6444	0	0	
demographic.indicators128	0.01	0.0997	0	0	0	501.2286	0	0	
demographic.indicators129	9.124E-3	0.0951	0	0	0	579.4182	0	0	
demographic.indicators130	0.0207	0.1424	0	0	0	334.3936	0	0	
demographic.indicators131	0.0138	0.1167	0	0	0	426.9698	0	0	
demographic.indicators132	0.0205	0.1416	0	0	0	338.717	0	0	
demographic.indicators133	9.7507E-3	0.0983	0	0	0	827.2324	0	0	
demographic.indicators134	0.0137	0.1161	0	0	0	811.0104	0	0	
demographic.indicators135	6.4693E-3	0.0802	0	0	0	1069.8194	0	0	
demographic.indicators136	0.0104	0.1013	0	0	0	717.3888	0	0	
demographic.indicators137	0.0179	0.1327	0	0	0	514.5203	0	0	
demographic.indicators138	7.6413E-3	0.0871	0	0	0	457.0004	0	0	
demographic.indicators139	5.1787E-3	0.0718	0	0	0	1515.5762	0	0	
demographic.indicators140	6.716E-3	0.0817	0	0	0	874.0922	0	0	
demographic.indicators141	0.022	0.1467	0	0	0	291.5022	0	0	
demographic.indicators142	4.9707E-3	0.0703	0	0	0	2002.4195	0	0	
demographic.indicators143	4.1107E-3	0.064	0	0	0	2218.9027	0	0	
demographic.indicators144	5.156E-3	0.0716	0	0	0	2475.6271	0	0	
demographic.indicators145	3.356E-3	0.0578	0	0	0	3028.7713	0	0	
demographic.indicators146	9.4747E-3	0.0969	0	0	0	1248.2076	0	0	
demographic.indicators147	5.1387E-3	0.0715	0	0	0	1195.2899	0	0	
demographic.indicators148	8.4053E-3	0.0913	0	0	0	359.2641	0	0	
demographic.indicators149	5.1067E-3	0.0713	0	0	0	1724.8492	0	0	
demographic.indicators150	3.2053E-3	0.0565	0	0	0	3368.8367	0	0	
demographic.indicators151	0.011	0.1044	0	0	0	540.6781	0	0	
demographic.indicators152	8.036E-3	0.0893	0	0	0	840.0768	0	0	
demographic.indicators153	4.7253E-3	0.0686	0	0	0	1945.9358	0	0	
demographic.indicators154	2.476E-3	0.0497	0	0	0	8042.2395	0	0	
demographic.indicators155	2.3347E-3	0.0483	0	0	0	6689.24	0	0	
demographic.indicators156	8.0813E-3	0.0895	0	0	0	835.2595	0	0	
demographic.indicators157	0.0129	0.1128	0	0	0	518.3679	0	0	
demographic.indicators158	1.928E-3	0.0439	0	0	0	20497.2172	0	0	
demographic.indicators159	3.6547E-3	0.0603	0	0	0	1966.7406	0	0	
demographic.indicators160	4.736E-3	0.0687	0	0	0	1349.7339	0	0	
demographic.indicators161	8.3213E-3	0.0908	0	0	0	716.4017	0	0	
demographic.indicators162	4.6413E-3	0.068	0	0	0	1417.7682	0	0	
demographic.indicators163	7.104E-3	0.084	0	0	0	1998.9159	0	0	
demographic.indicators164	5.2187E-3	0.0721	0	0	0	1660.6562	0	0	
demographic.indicators165	7.9253E-3	0.0887	0	0	0	1061.5029	0	0	
demographic.indicators166	5.992E-3	0.0772	0	0	0	565.9803	0	0	
demographic.indicators167	6.5427E-3	0.0806	0	0	0	1997.4747	0	0	
demographic.indicators168	3.7347E-3	0.061	0	0	0	3102.315	0	0	
demographic.indicators169	4.0547E-3	0.0635	0	0	0	2529.1282	0	0	
demographic.indicators170	5.2787E-3	0.0725	0	0	0	544.1593	0	0	
demographic.indicators171	0.0129	0.113	0	0	0	603.3612	0	0	
demographic.indicators172	0.0165	0.1274	0	0	0	502.2616	0	0	
demographic.indicators173	0.0141	0.118	0	0	0	535.6753	0	0	
demographic.indicators174	4.7907E-3	0.069	0	0	0	1402.1226	0	0	
demographic.indicators175	0.0111	0.1049	0	0	0	1074.0143	0	0	
demographic.indicators176	0.0159	0.1251	0	0	0	685.0649	0	0	
demographic.indicators177	0.0166	0.1277	0	0	0	542.408	0	0	
demographic.indicators178	0.0188	0.1358	0	0	0	367.1733	0	0	
demographic.indicators179	0.0179	0.1325	0	0	0	648.3494	0	0	
demographic.indicators180	0.0154	0.123	0	0	0	699.986	0	0	
demographic.indicators181	0.0153	0.1228	0	0	0	776.9983	0	0	
demographic.indicators182	0.0188	0.1358	0	0	0	613.6855	0	0	
demographic.indicators183	0.0112	0.1054	0	0	0	1349.8325	0	0	
demographic.indicators184	0.0221	0.147	0	0	0	328.662	0	0	
demographic.indicators185	0.0182	0.1338	0	0	0	608.63	0	0	
demographic.indicators186	0.016	0.1256	0	0	0	753.5193	0	0	
demographic.indicators187	0.024	0.1532	0	0	0	401.355	0	0	
demographic.indicators188	0.0189	0.136	0	0	0	820.8208	0	0	
demographic.indicators189	0.0317	0.1753	0	0	0	368.0569	0	0	
demographic.indicators190	0.0477	0.2131	0	0	0	345.8777	0	0	
demographic.indicators191	0.0277	0.1641	0	0	0	599.0041	0	0	
demographic.indicators192	0.0273	0.1629	0	0	0	473.2669	0	0	
demographic.indicators193	0.0379	0.191	0	0	0	410.2031	0	0	
demographic.indicators194	0.0252	0.1567	0	0	0	591.9597	0	0	
demographic.indicators195	0.0212	0.1442	0	0	0	879.4185	0	0	
demographic.indicators196	0.0275	0.1636	0	0	0	583.0248	0	0	
demographic.indicators197	0.0229	0.1497	0	0	0	706.7543	0	0	
demographic.indicators198	0.0247	0.1553	0	0	0	805.2193	0	0	
demographic.indicators199	0.0263	0.1601	0	0	0	567.9784	0	0	
kappa	2.3102	0.1448	2.3059	2.0222	2.5905	23050.033	2.1995	2.3927	
frequencies1	0.2803	9.9941E-3	0.2802	0.2603	0.2993	12166.4346	0.2735	0.2869	
frequencies2	0.2058	8.5551E-3	0.2056	0.1892	0.2227	13796.2717	0.1999	0.2112	
frequencies3	0.1939	8.4065E-3	0.1938	0.1772	0.2099	14445.103	0.1877	0.1989	
frequencies4	0.3201	0.0107	0.3198	0.2997	0.3414	12474.0735	0.3116	0.3261	
alpha	0.4852	0.0374	0.4837	0.4138	0.5595	37493.0511	0.4553	0.5053	
default.ucld.mean	1.5012E-3	5.0339E-4	1.425E-3	6.795E-4	2.4431E-3	224.5465	9.8022E-4	1.6102E-3	
default.ucld.stdev	0.0115	8.3034E-3	9.4327E-3	1.6142E-3	0.0262	279.7631	3.9962E-3	0.0109	
host.ucld.mean	0.0187	4.8728E-3	0.0181	0.0102	0.0283	299.174	0.0139	0.0201	
host.ucld.stdev	5.3919E-3	4.7854E-3	4.1099E-3	1.1904E-7	0.0147	1118.3112	1.579E-7	4.11E-3	
default.meanRate	1.0199E-3	1.812E-4	9.9985E-4	6.99E-4	1.3661E-3	222.8156	8.3138E-4	1.0817E-3	
default.coefficientOfVariation	3.4449	0.7744	3.3417	2.1621	4.9794	244.2598	2.6452	3.632	
default.covariance	0.0958	0.0767	0.0807	-0.0156	0.2485	241.8464	5.5492E-3	0.0959	
host.meanRate	0.0189	4.987E-3	0.0182	0.0102	0.0287	302.3012	0.014	0.0203	
host.coefficientOfVariation	0.2839	0.2254	0.2319	5.7518E-6	0.7247	1800.5545	9.3025E-6	0.2319	
host.covariance	-0.003	0.0498	-0.0033	-0.1001	0.0945	20895.086	-0.0367	0.0304	
host.rates.Amaranthaceae.Brassicaceae	0.9256	0.975	0.6046	1.3392E-4	2.8971	5887.5526	3.2494E-4	0.6047	
host.rates.Amaranthaceae.Fabaceae	0.9244	0.9717	0.6084	6.4239E-5	2.879	5671.8188	2.5119E-4	0.6085	
host.rates.Amaranthaceae.Poaceae	0.626	0.5681	0.4731	1.1014E-4	1.6712	3111.8525	0.0701	0.5185	
host.rates.Amaranthaceae.Solanaceae	0.8945	0.9439	0.5869	1.4456E-5	2.7755	5629.1541	1.766E-5	0.5869	
host.rates.Brassicaceae.Fabaceae	0.9066	0.9022	0.6364	1.2153E-4	2.6617	2991.047	1.5424E-3	0.6373	
host.rates.Brassicaceae.Poaceae	1.015	0.9408	0.7687	2.423E-5	2.832	1463.4864	2.9099E-5	0.7687	
host.rates.Brassicaceae.Solanaceae	1.0234	0.908	0.7957	1.223E-4	2.7206	991.5704	2.2874E-4	0.7958	
host.rates.Fabaceae.Poaceae	0.8933	0.9096	0.6204	3.1206E-5	2.7024	5611.9135	3.2047E-4	0.6206	
host.rates.Fabaceae.Solanaceae	0.813	0.8009	0.5878	5.5809E-5	2.3741	6016.2955	8.4188E-3	0.5948	
host.rates.Poaceae.Solanaceae	1.5246	0.8213	1.4311	4.1557E-4	2.9973	1085.7274	0.8363	1.8439	
host.rates.Brassicaceae.Amaranthaceae	0.9128	0.8381	0.694	1.3678E-4	2.5026	2323.8429	8.5296E-4	0.6943	
host.rates.Fabaceae.Amaranthaceae	0.8191	0.8571	0.5556	1.0502E-4	2.4946	3720.0505	1.6124E-4	0.5556	
host.rates.Poaceae.Amaranthaceae	1.5498	0.7904	1.4664	4.5953E-3	2.9718	1048.0616	0.8982	1.8661	
host.rates.Solanaceae.Amaranthaceae	0.8062	0.8493	0.5448	7.6678E-6	2.4786	5500.3448	7.6678E-6	0.5448	
host.rates.Fabaceae.Brassicaceae	0.8209	0.754	0.615	2.3136E-4	2.264	1959.5135	2.9119E-3	0.6169	
host.rates.Poaceae.Brassicaceae	1.4594	0.7794	1.3792	1.098E-4	2.8521	1234.5145	0.8011	1.7513	
host.rates.Solanaceae.Brassicaceae	0.8691	0.8515	0.6298	1.6027E-4	2.5343	5377.1628	5.0529E-4	0.63	
host.rates.Poaceae.Fabaceae	1.3929	0.7426	1.304	5.4024E-4	2.7311	1376.1995	0.7324	1.6213	
host.rates.Solanaceae.Fabaceae	0.8427	0.74	0.6512	3.4315E-4	2.231	2480.4699	0.0512	0.6957	
host.rates.Solanaceae.Poaceae	0.9273	0.9335	0.6453	9.8108E-5	2.75	3493.3481	6.1459E-4	0.6457	
host.indicators.Amaranthaceae.Brassicaceae	0.1025	0.3034	0	0	1	6640.2146	0	0	
host.indicators.Amaranthaceae.Fabaceae	0.1211	0.3262	0	0	1	5913.6576	0	0	
host.indicators.Amaranthaceae.Poaceae	0.8594	0.3476	1	0	1	1239.429	1	1	
host.indicators.Amaranthaceae.Solanaceae	0.155	0.3619	0	0	1	3799.529	0	0	
host.indicators.Brassicaceae.Fabaceae	0.3297	0.4701	0	0	1	966.9381	0	0	
host.indicators.Brassicaceae.Poaceae	0.3866	0.487	0	0	1	522.97	0	0	
host.indicators.Brassicaceae.Solanaceae	0.5249	0.4994	1	0	1	569.9426	1	1	
host.indicators.Fabaceae.Poaceae	0.2371	0.4253	0	0	1	700.2458	0	0	
host.indicators.Fabaceae.Solanaceae	0.4545	0.4979	0	0	1	1186.7352	0	0	
host.indicators.Poaceae.Solanaceae	0.8999	0.3001	1	0	1	317.2412	1	1	
host.indicators.Brassicaceae.Amaranthaceae	0.5199	0.4996	1	0	1	518.2496	1	1	
host.indicators.Fabaceae.Amaranthaceae	0.4092	0.4917	0	0	1	851.2264	0	0	
host.indicators.Poaceae.Amaranthaceae	0.9375	0.2421	1	0	1	439.4616	1	1	
host.indicators.Solanaceae.Amaranthaceae	0.4232	0.4941	0	0	1	1323.0502	0	0	
host.indicators.Fabaceae.Brassicaceae	0.6437	0.4789	1	0	1	857.5763	1	1	
host.indicators.Poaceae.Brassicaceae	0.9033	0.2955	1	0	1	349.4087	1	1	
host.indicators.Solanaceae.Brassicaceae	0.3961	0.4891	0	0	1	1184.9747	0	0	
host.indicators.Poaceae.Fabaceae	0.9031	0.2959	1	0	1	300.3762	1	1	
host.indicators.Solanaceae.Fabaceae	0.6715	0.4696	1	0	1	893.3043	1	1	
host.indicators.Solanaceae.Poaceae	0.3071	0.4613	0	0	1	1521.2993	0	0	
host.nonZeroRates	10.1854	1.8201	10	7	13	608.7289	8	10	
default.treeLikelihood	-7891.8037	14.4826	-7891.3724	-7920.0477	-7863.6631	732.896	-7900.0577	-7880.487	
default.branchRates	-2382.6079	0	0	0	0	NaN	0	0	
host.branchRates	-2382.6079	0	0	0	0	NaN	0	0	
c_host.count[1]	109.7926	7.5492	109	97	125	614.4022	101	110	
c_allTransitions[1]	109.7952	7.5485	109	97	125	612.8157	101	110	
coalescent	-1241.882	40.4093	-1239.8272	-1320.0867	-1167.5555	215.1941	-1260.3543	-1202.0644	

