burnIn   <= 25000000,   maxState  = 100000000
statistic	mean	stdErr	median	hpdLower	hpdUpper	ESS	50hpdLower	50hpdUpper
joint	-14934.3417	124.0159	-14927.7998	-15187.1183	-14694.2612	260.5796	-15002.0199	-14848.4085	
prior	-7504.2859	123.1764	-7497.2207	-7762.4871	-7267.571	257.5813	-7564.4339	-7413.7571	
likelihood	-7430.0558	16.7859	-7429.7135	-7463.4317	-7397.3706	768.9688	-7440.3015	-7417.9393	
treeModel.rootHeight	64.0148	11.7849	62.3519	44.1549	87.2236	324.2749	53.5604	67.6922	
age(root)	1958.9852	11.7849	1960.6481	1935.7764	1978.8451	324.2749	1955.3078	1969.4396	
treeLength	2539.8246	242.0431	2539.9926	2065.8308	3015.0904	224.027	2377.8036	2683.3665	
tmrca(ingroup)	64.0148	11.7849	62.3519	44.1549	87.2236	324.2749	53.5604	67.6922	
age(ingroup)	1958.9852	11.7849	1960.6481	1935.7764	1978.8451	324.2749	1955.3078	1969.4396	
demographic.populationSizeChanges	3.2487	0.5061	3	3	4	701.497	3	3	
demographic.populationMean	759.2764	687.9654	586.1647	92.0482	1862.4828	256.1552	223.044	664.7715	
demographic.popSize1	410.3479	384.1422	338.4185	8.2869	859.8361	249.4896	239.7406	459.9007	
demographic.popSize2	751.5771	1222.8617	383.9102	1.2416E-3	2613.2351	771.0566	1.2416E-3	383.9102	
demographic.popSize3	730.4243	1158.1154	384.5257	0.0323	2530.2089	854.3228	0.0689	384.5288	
demographic.popSize4	747.0336	1256.8692	381.4828	0.0457	2613.8004	703.4147	0.0975	381.4828	
demographic.popSize5	744.6297	1095.3849	392.9887	0.0596	2612.1836	851.972	0.0404	392.9887	
demographic.popSize6	754.5341	1250.473	391.0005	0.0878	2572.7109	723.6224	0.23	391.083	
demographic.popSize7	749.5609	1267.7165	386.7325	0.0201	2582.6646	784.0255	0.0201	386.7325	
demographic.popSize8	745.1411	1229.6118	372.8897	0.0732	2582.2764	696.7132	2.7707E-3	372.8897	
demographic.popSize9	764.2218	1289.6595	382.1979	0.0625	2648.2607	645.1538	0.0625	382.1979	
demographic.popSize10	766.0515	1233.4774	389.8213	0.0111	2692.0591	742.4662	0.0832	389.8715	
demographic.popSize11	760.5061	1309.34	378.4268	0.0284	2642.2213	732.4315	0.0284	378.4268	
demographic.popSize12	606.7654	1282.8458	223.0845	0.1689	2444.9968	689.0132	0.1689	223.0845	
demographic.popSize13	759.7698	1173.0942	386.7197	0.032	2640.6862	720.1006	0.0964	386.7197	
demographic.popSize14	750.1813	1213.9291	386.9706	1.3027E-3	2584.3413	821.0321	0.0889	387.0531	
demographic.popSize15	756.7364	1249.6313	390.79	0.045	2630.8966	844.56	0.045	390.79	
demographic.popSize16	631.7402	1086.0718	290.2791	2.0576E-3	2363.5334	647.7959	0.3552	290.5146	
demographic.popSize17	353.4896	863.11	14.9719	3.4477E-3	1670.0685	551.9296	0.1429	14.9904	
demographic.popSize18	770.6708	1338.9472	386.6114	3.2451E-3	2626.4771	770.5082	3.2451E-3	386.6114	
demographic.popSize19	768.065	1277.522	391.9765	0.1264	2621.0981	806.8906	0.1706	392.0254	
demographic.popSize20	769.3696	1216.979	393.1875	0.0421	2700.7595	692.6106	0.3153	393.3068	
demographic.popSize21	759.9869	1126.8935	400.6383	0.0432	2658.3623	798.838	0.221	400.7919	
demographic.popSize22	761.4192	1219.7038	399.5438	0.033	2647.9143	784.7361	0.0104	399.5438	
demographic.popSize23	773.7641	1529.4667	390.9217	0.0904	2686.9121	966.5629	0.0904	390.9217	
demographic.popSize24	751.6556	1121.4462	394.3553	0.0476	2561.6692	861.8618	0.0419	394.3553	
demographic.popSize25	818.6464	1370.2853	406.2121	0.0582	3024.376	631.1876	0.0582	406.2121	
demographic.popSize26	782.0083	1220.4943	394.2474	0.0408	2822.8114	655.9686	0.0408	394.2474	
demographic.popSize27	774.4041	1183.5316	400.4028	0.1594	2775.6777	683.2765	0.157	400.4028	
demographic.popSize28	791.878	1332.7354	396.4595	0.0298	2761.791	712.1575	0.0206	396.4595	
demographic.popSize29	804.6236	1434.3541	397.0821	9.1362E-3	2901.6428	704.2557	0.0348	397.0821	
demographic.popSize30	784.9265	1225.0531	401.535	0.051	2909.6687	739.818	0.0104	401.535	
demographic.popSize31	776.637	1162.0201	402.3679	0.0108	2712.8178	719.0268	0.0108	402.3679	
demographic.popSize32	759.6825	1216.5068	380.4061	0.0281	2686.0441	802.5908	0.0187	380.4061	
demographic.popSize33	769.9445	1165.3822	404.9523	0.1426	2664.9706	760.0937	0.0827	404.9523	
demographic.popSize34	823.0109	1306.1344	414.568	8.7952E-3	3085.879	662.5102	0.4211	414.8563	
demographic.popSize35	807.9769	1218.5227	418.0016	0.3118	2858.5761	671.8186	0.0178	418.0016	
demographic.popSize36	804.5575	1282.8768	405.5864	4.5885E-3	2943.0584	681.4377	4.5885E-3	405.5864	
demographic.popSize37	779.0311	1153.3326	419.5721	1.0642E-3	2667.7437	735.3442	1.0642E-3	419.5721	
demographic.popSize38	816.0002	1228.5223	424.1576	0.0144	2802.0124	655.5491	0.6278	424.6963	
demographic.popSize39	774.0691	1116.4449	401.5054	0.2796	2849.3904	686.6592	0.0537	401.5054	
demographic.popSize40	782.186	1264.9012	400.2189	0.1407	2612.4537	759.7792	0.2577	400.253	
demographic.popSize41	829.7656	1264.9134	427.1922	0.0743	2800.6124	712.5686	0.1928	427.2022	
demographic.popSize42	794.4223	1169.1731	404.1607	0.0986	2820.1399	650.2636	0.1409	404.1804	
demographic.popSize43	799.5542	1240.4916	412.2377	0.1115	2704.2844	673.4606	0.2684	412.2827	
demographic.popSize44	768.2922	1191.5323	406.0075	0.0585	2615.2845	706.1319	0.1545	406.0182	
demographic.popSize45	801.6415	1197.0314	416.2143	0.0611	2737.2405	672.8745	0.2361	416.2214	
demographic.popSize46	797.9888	1223.5661	404.4141	0.0203	2695.53	729.8537	0.0129	404.4141	
demographic.popSize47	789.3558	1171.3066	420.7639	0.7145	2638.8438	750.9824	0.266	420.8961	
demographic.popSize48	834.2846	1362.4216	434.1562	0.0875	2640.7816	687.3319	0.0432	434.1562	
demographic.popSize49	764.8514	1220.7313	394.0013	5.1201E-3	2696.2384	801.8769	0.0317	394.0013	
demographic.popSize50	812.9854	1291.2565	426.8535	0.0833	2688.2074	707.9448	0.2929	427.064	
demographic.popSize51	806.7149	1285.1678	420.0397	0.073	2806.8095	715.6206	0.1007	420.0446	
demographic.popSize52	786.0829	1318.8675	396.2285	0.0808	2656.034	711.7059	1.2172E-3	396.2285	
demographic.popSize53	840.9356	1402.151	439.1398	0.0293	2781.0198	743.0426	0.2958	439.3951	
demographic.popSize54	797.1886	1193.0532	406.3877	0.0227	2658.2081	732.6737	0.0293	406.3877	
demographic.popSize55	793.9642	1202.4105	401.778	0.0124	2657.4489	700.9304	0.0124	401.778	
demographic.popSize56	768.2175	1204.3169	400.8863	0.2256	2597.9197	810.852	0.165	400.8863	
demographic.popSize57	769.3083	1233.2809	393.3221	0.1249	2618.4937	708.25	0.0777	393.3221	
demographic.popSize58	767.0745	1208.9794	402.4884	0.0568	2639.0126	735.2821	0.3739	402.675	
demographic.popSize59	762.496	1155.7588	408.3489	0.064	2593.5407	794.4767	0.064	408.3489	
demographic.popSize60	750.6186	1247.5694	389.4136	0.0756	2565.1097	768.3925	0.0546	389.4301	
demographic.popSize61	776.1299	1212.4021	411.55	0.0324	2654.6742	796.1199	0.0334	411.55	
demographic.popSize62	778.1709	1242.3521	412.9832	0.0368	2613.5304	726.2703	0.2397	413.0643	
demographic.popSize63	743.6187	1136.2378	393.2941	0.0511	2552.6625	836.9854	0.2949	393.4769	
demographic.popSize64	762.6645	1147.5467	402.9607	0.1067	2604.181	810.7237	0.8077	403.4059	
demographic.popSize65	752.7896	1136.7474	402.4954	0.0103	2557.4755	789.3175	0.0103	402.4954	
demographic.popSize66	735.7304	1156.646	386.8098	2.9054E-3	2509.2345	803.9057	2.9054E-3	386.8098	
demographic.popSize67	746.4883	1176.2902	385.2605	0.0188	2642.9602	729.5306	0.0113	385.2605	
demographic.popSize68	755.2577	1172.9642	400.2271	0.0558	2612.6539	838.9632	0.1067	400.2562	
demographic.popSize69	771.8292	1214.7627	396.1255	0.0135	2703.4655	737.5386	0.1802	396.1292	
demographic.popSize70	754.1082	1214.0601	393.2292	0.0135	2622.549	783.7164	0.085	393.2292	
demographic.popSize71	754.0909	1294.5386	390.1879	0.0143	2587.1392	842.7523	0.0143	390.1879	
demographic.popSize72	766.5331	1228.0316	396.0148	0.0361	2662.9056	757.9835	0.0361	396.0148	
demographic.popSize73	747.8257	1270.8058	384.412	0.0455	2511.5678	855.0155	0.0455	384.412	
demographic.popSize74	741.6796	1226.2306	384.2127	0.018	2585.2667	794.4024	0.018	384.2127	
demographic.popSize75	739.8961	1217.1136	375.1288	0.1034	2563.783	721.6281	0.3212	375.2261	
demographic.popSize76	749.2642	1238.0732	373.0605	0.0597	2658.6302	770.8251	0.0597	373.0605	
demographic.popSize77	754.7043	1181.8956	393.7973	0.0575	2647.4718	766.3006	0.7212	394.2953	
demographic.popSize78	749.658	1185.0083	395.0824	0.0201	2598.6634	738.2649	0.0323	395.0929	
demographic.popSize79	749.3472	1222.7766	386.124	2.4291E-3	2601.7912	720.4568	2.4291E-3	386.124	
demographic.popSize80	770.3658	1285.2816	396.7078	1.8448E-3	2663.3464	752.8288	1.8448E-3	396.7078	
demographic.popSize81	749.3689	1208.1061	386.3453	0.0894	2611.5644	698.4536	0.1133	386.3518	
demographic.popSize82	764.9502	1332.3337	384.8091	9.8671E-3	2661.9983	773.8407	9.8671E-3	384.8091	
demographic.popSize83	719.5433	1244.8988	359.9778	0.0579	2522.3856	721.7971	0.2552	360.1291	
demographic.popSize84	757.5164	1209.3599	381.2634	6.6831E-3	2666.4655	775.3238	6.6831E-3	381.2634	
demographic.popSize85	755.3972	1203.3343	389.0088	0.035	2584.5582	783.7662	0.066	389.0088	
demographic.popSize86	754.0278	1131.1039	395.6934	0.0671	2604.2045	824.9914	0.0681	395.6934	
demographic.popSize87	768.854	1318.1693	388.4524	7.3232E-3	2699.3303	708.0967	8.718E-3	388.4524	
demographic.popSize88	742.095	1215.2756	378.289	4.755E-3	2628.5606	947.0244	0.0429	378.2974	
demographic.popSize89	611.5677	1119.7867	276.5007	0.0207	2241.9533	615.5004	0.2216	276.6294	
demographic.popSize90	777.9839	1330.7012	392.7601	0.0741	2695.9669	728.6955	0.0903	392.7601	
demographic.popSize91	715.2937	1199.8909	354.6052	0.0926	2501.687	652.2265	0.1217	354.6052	
demographic.popSize92	729.5075	1178.4574	367.9259	0.0353	2576.4449	752.0757	0.0767	367.9337	
demographic.popSize93	752.4018	1269.3364	385.4056	0.0101	2613.9728	776.7816	0.0818	385.4336	
demographic.popSize94	737.0176	1222.4743	358.2647	0.079	2627.9247	782.7378	0.079	358.2647	
demographic.popSize95	749.2522	1184.9022	385.3574	0.0884	2599.8634	716.1044	0.0158	385.3574	
demographic.popSize96	742.6794	1137.0022	385.779	0.0352	2596.4321	805.7564	0.0352	385.779	
demographic.popSize97	763.0143	1232.8591	391.4729	8.338E-4	2655.765	679.4067	8.338E-4	391.4729	
demographic.popSize98	747.5499	1195.9261	391.5563	0.0662	2579.9062	824.6924	0.155	391.6357	
demographic.popSize99	742.2423	1265.6667	364.0737	0.0138	2612.4477	805.1062	0.0138	364.0737	
demographic.popSize100	753.8933	1227.4435	384.9914	0.0542	2626.753	769.8706	0.0542	384.9914	
demographic.popSize101	742.8815	1229.472	378.8193	0.0493	2586.4371	759.9858	0.0493	378.8193	
demographic.popSize102	748.1266	1199.6966	384.7648	0.0765	2571.2467	784.9994	0.0765	384.7648	
demographic.popSize103	717.5776	1223.5389	349.6268	0.0375	2596.3578	723.482	0.0375	349.6268	
demographic.popSize104	748.7501	1263.3885	379.8092	0.0325	2606.6744	764.2897	0.0577	379.8144	
demographic.popSize105	767.643	1252.7226	391.0393	4.6508E-3	2708.0597	766.9764	4.6508E-3	391.0393	
demographic.popSize106	765.331	1252.8066	387.5415	0.0582	2635.4535	733.0332	0.0582	387.5415	
demographic.popSize107	755.0845	1228.1817	383.92	0.0778	2609.7903	687.1201	0.212	384.0154	
demographic.popSize108	733.2309	1229.8527	375.5823	0.0663	2568.7561	813.4555	0.0663	375.5823	
demographic.popSize109	748.282	1241.1674	386.7539	0.0259	2556.8135	782.5886	0.1959	386.8209	
demographic.popSize110	747.6817	1154.7692	389.2648	0.0385	2611.0692	754.222	0.0385	389.2648	
demographic.popSize111	757.8326	1203.6892	391.6255	0.0111	2649.1055	792.1275	1.0601	392.5537	
demographic.popSize112	763.9125	1207.6279	389.5884	0.0237	2636.2949	754.53	0.3173	389.656	
demographic.popSize113	752.7305	1203.1539	387.2117	0.0826	2631.5397	786.9641	0.1344	387.2351	
demographic.popSize114	759.5422	1299.8446	381.3978	2.1971E-4	2590.1021	716.7549	0.0883	381.3978	
demographic.popSize115	759.7784	1272.7092	391.3126	0.0443	2644.1582	787.7387	0.0776	391.3665	
demographic.popSize116	764.8853	1189.8527	394.7068	0.0197	2639.7071	816.9419	0.5826	395.2158	
demographic.popSize117	755.4166	1215.3686	379.4128	0.0197	2697.0775	730.4304	0.05	379.4155	
demographic.popSize118	734.5101	1281.2452	367.9188	0.0149	2591.2882	699.026	0.0245	367.9188	
demographic.popSize119	759.141	1220.0882	387.5525	0.0812	2648.5077	733.5923	0.1175	387.5797	
demographic.popSize120	766.0446	1239.1737	400.8778	0.0304	2694.0028	779.0376	0.0304	400.8778	
demographic.popSize121	718.8706	1227.2965	359.8448	0.0293	2489.3265	746.9777	0.0416	359.8448	
demographic.popSize122	752.371	1183.3322	398.0452	3.7718E-3	2550.3898	779.5419	3.7718E-3	398.0452	
demographic.popSize123	748.5258	1263.2393	377.3124	9.7077E-3	2643.5436	703.773	0.4843	377.6227	
demographic.popSize124	744.3175	1189.6843	374.5136	7.3043E-3	2647.7858	772.7174	0.0198	374.5136	
demographic.popSize125	749.522	1211.5365	384.4416	8.0374E-3	2626.1195	755.2856	0.0228	384.4416	
demographic.popSize126	748.6111	1210.6613	381.5871	0.0109	2577.6796	852.661	0.019	381.5871	
demographic.popSize127	771.9351	1389.5702	378.9929	0.0491	2641.9172	803.5924	0.0491	378.9929	
demographic.popSize128	733.6146	1165.9474	374.1513	0.0162	2533.8575	742.3605	0.1897	374.2904	
demographic.popSize129	753.7879	1343.2999	375.8386	0.0335	2562.6684	786.7176	0.0335	375.8386	
demographic.popSize130	756.7555	1384.8578	380.3493	0.0235	2617.0993	850.6997	0.0267	380.3493	
demographic.popSize131	742.5491	1202.7194	387.5041	0.0171	2530.335	721.0994	0.2373	387.6924	
demographic.popSize132	759.614	1243.0469	397.465	0.1129	2619.0155	812.0925	0.1129	397.4709	
demographic.popSize133	756.3316	1173.3585	399.2716	1.5907E-3	2612.621	739.4771	1.5907E-3	399.2716	
demographic.popSize134	754.4826	1208.5008	391.9414	0.0207	2626.115	779.232	0.1065	391.9901	
demographic.popSize135	772.9209	1326.5286	391.8148	0.0273	2691.8084	691.7876	0.0273	391.8148	
demographic.popSize136	762.8516	1196.1144	387.6926	0.0508	2690.3962	759.6787	0.0272	387.6926	
demographic.popSize137	752.7985	1185.3172	382.5431	0.0651	2657.7804	759.3082	0.1506	382.6281	
demographic.popSize138	765.8229	1293.5546	385.6207	0.02	2677.7545	774.1453	0.02	385.6207	
demographic.popSize139	770.0778	1296.3693	390.7703	0.0912	2701.4918	691.4304	0.2553	390.8313	
demographic.popSize140	777.7471	1331.5598	392.3578	1.4819E-3	2654.0929	716.0396	0.1018	392.3725	
demographic.popSize141	763.7769	1262.9532	395.0514	2.3821E-3	2653.4246	773.018	0.1954	395.0572	
demographic.popSize142	744.9126	1188.4734	383.259	0.1357	2594.7002	812.4143	0.1693	383.259	
demographic.popSize143	747.1693	1192.851	384.9885	6.912E-3	2605.1804	732.583	0.1474	385.0918	
demographic.popSize144	772.2059	1308.6493	384.4503	5.1597E-3	2709.3462	711.7896	5.1597E-3	384.4503	
demographic.popSize145	745.1677	1285.1928	386.5065	4.0616E-3	2577.4276	719.6322	4.0616E-3	386.5065	
demographic.popSize146	765.396	1218.4601	396.842	0.0324	2703.5568	717.0591	0.0287	396.842	
demographic.popSize147	755.6141	1190.5957	396.4253	5.8578E-3	2592.5424	746.4018	1.7277E-3	396.4253	
demographic.popSize148	750.7638	1172.8183	398.0065	0.2017	2569.9086	794.3216	0.0261	398.0065	
demographic.popSize149	760.9073	1223.7198	398.7203	0.0781	2621.7218	741.4443	0.0577	398.7203	
demographic.popSize150	762.0161	1211.2342	392.2526	4.571E-3	2620.8195	833.6992	0.4648	392.5357	
demographic.popSize151	757.8798	1245.6267	394.2106	0.0112	2596.6669	739.3484	0.0112	394.2106	
demographic.popSize152	744.9463	1204.8987	386.0269	0.0121	2563.6697	797.7546	0.0834	386.069	
demographic.popSize153	782.7489	1285.8329	397.7417	4.1011E-3	2681.2716	733.0234	4.1011E-3	397.7417	
demographic.popSize154	751.2644	1206.2418	383.4537	0.1013	2670.1503	795.911	0.018	383.4537	
demographic.popSize155	747.9559	1206.2861	377.2547	0.0228	2623.125	886.2674	0.0143	377.2547	
demographic.popSize156	747.8453	1183.8703	386.7529	9.0628E-3	2616.8613	821.0872	0.2072	386.8738	
demographic.popSize157	752.1477	1144.257	384.4637	0.0974	2665.9008	760.8235	9.4692E-3	384.4637	
demographic.popSize158	747.7087	1180.5631	388.8605	0.1528	2577.0508	743.1464	0.1723	388.9439	
demographic.popSize159	749.6057	1133.2721	394.5212	0.0165	2573.4968	824.1299	0.0851	394.5212	
demographic.popSize160	756.7649	1242.8651	388.159	0.0362	2610.6953	819.2622	0.0362	388.159	
demographic.popSize161	758.1361	1308.8837	388.8413	1.5653E-3	2612.87	704.1828	1.5653E-3	388.8413	
demographic.popSize162	763.4685	1311.8859	390.0732	0.0238	2638.7886	883.1895	0.3179	390.2173	
demographic.popSize163	748.9609	1199.6752	386.9482	5.9259E-3	2596.6678	716.8546	0.0384	386.9521	
demographic.popSize164	763.1029	1204.6485	390.9038	0.1612	2639.0826	736.7244	0.2697	390.979	
demographic.popSize165	754.8109	1267.7201	381.4095	0.0158	2626.4788	691.8139	0.0158	381.4095	
demographic.popSize166	746.3137	1191.5569	379.8805	7.4638E-3	2641.9655	731.1486	7.4638E-3	379.8805	
demographic.popSize167	768.0068	1271.9719	393.9103	0.0699	2721.3365	830.4481	0.3628	394.2209	
demographic.popSize168	752.2352	1138.7875	397.0818	0.02	2564.9678	762.8166	0.0485	397.0818	
demographic.popSize169	770.9096	1256.1824	395.9403	0.013	2700.0165	860.5974	0.1573	395.9536	
demographic.popSize170	760.4938	1307.8079	388.6874	0.0386	2621.6929	863.3548	0.0386	388.6874	
demographic.popSize171	749.9552	1216.1074	389.8198	4.1259E-3	2584.5227	726.1736	4.1259E-3	389.8198	
demographic.popSize172	746.7411	1236.9427	383.1946	0.0923	2579.5925	795.3678	0.1276	383.1999	
demographic.popSize173	741.3836	1140.9864	391.5475	0.0601	2579.5967	812.2793	0.0601	391.5475	
demographic.popSize174	767.8465	1241.9974	397.3807	6.9754E-3	2659.1278	791.0348	6.9754E-3	397.3807	
demographic.popSize175	762.7378	1256.957	391.7276	0.0484	2591.8029	624.3881	0.1464	391.7938	
demographic.popSize176	760.2791	1221.408	380.5244	0.0217	2688.9597	701.9149	0.0102	380.5244	
demographic.popSize177	757.07	1204.6599	385.0951	0.0112	2603.4626	796.1737	0.0991	385.1144	
demographic.popSize178	754.1825	1140.3345	399.7797	0.0249	2596.0969	867.2529	0.0249	399.7797	
demographic.popSize179	770.2566	1302.9853	394.1139	0.096	2663.9652	744.8928	0.096	394.1139	
demographic.popSize180	760.0599	1234.2447	387.6885	0.0347	2581.9974	779.5791	0.1427	387.6885	
demographic.popSize181	762.3654	1181.203	397.8972	0.0568	2677.0862	787.036	0.0568	397.8972	
demographic.popSize182	761.3035	1341.4112	389.277	0.0175	2597.5186	843.989	0.0175	389.277	
demographic.popSize183	767.2148	1291.7486	395.4923	0.0173	2683.837	738.7653	0.0173	395.4923	
demographic.popSize184	764.0893	1200.5347	395.8045	0.0296	2686.9228	819.3471	0.0296	395.8045	
demographic.popSize185	765.716	1235.5553	392.3032	0.0818	2708.0646	656.0686	0.1124	392.3032	
demographic.popSize186	775.4611	1291.9496	386.0428	0.1964	2652.9338	734.0978	0.1197	386.1141	
demographic.popSize187	754.6336	1280.7537	386.4773	0.0665	2557.5105	796.4672	9.9019E-3	386.4773	
demographic.popSize188	747.5269	1197.7139	382.7987	0.0209	2645.6797	816.6434	0.0202	382.7987	
demographic.popSize189	747.3043	1266.6249	382.2901	0.082	2630.9872	885.2825	0.4997	382.3817	
demographic.popSize190	759.3787	1157.4772	392.9238	0.0608	2687.938	782.142	0.0207	392.9238	
demographic.popSize191	756.2901	1170.3252	387.1699	4.1032E-3	2591.7764	781.0095	0.059	387.1736	
demographic.popSize192	769.537	1205.1613	400.4882	0.0192	2616.9599	723.8688	0.0452	400.4882	
demographic.popSize193	757.7915	1183.1533	390.4196	0.023	2629.8732	748.1862	0.088	390.4196	
demographic.popSize194	759.1979	1265.5004	390.8125	2.136E-3	2595.4161	707.7776	2.136E-3	390.8125	
demographic.popSize195	748.3729	1150.6771	386.081	0.0357	2661.8991	750.2227	0.0407	386.081	
demographic.popSize196	743.9505	1163.7679	386.7359	0.0281	2620.546	838.5746	4.6947E-3	386.7359	
demographic.popSize197	760.4295	1179.1819	392.7617	0.0147	2659.7863	740.5684	0.0147	392.7617	
demographic.popSize198	735.8428	1165.5281	370.4334	0.0565	2609.0492	751.1915	0.0764	370.4334	
demographic.popSize199	753.9537	1201.5767	381.8773	0.0831	2592.3644	836.2375	0.2176	381.9014	
demographic.popSize200	756.2725	1348.0381	389.0711	0.1275	2575.068	800.949	0.0246	389.0711	
demographic.indicators1	1.9747E-3	0.0444	0	0	0	29099.2546	0	0	
demographic.indicators2	8.844E-3	0.0936	0	0	0	248.7469	0	0	
demographic.indicators3	0.0322	0.1766	0	0	0	207.7074	0	0	
demographic.indicators4	2.9467E-4	0.0172	0	0	0	21964.04	0	0	
demographic.indicators5	0.011	0.1044	0	0	0	245.7471	0	0	
demographic.indicators6	1.7333E-4	0.0132	0	0	0	33743.3237	0	0	
demographic.indicators7	9.8027E-3	0.0985	0	0	0	219.8405	0	0	
demographic.indicators8	2.8347E-3	0.0532	0	0	0	685.9371	0	0	
demographic.indicators9	0.0181	0.1335	0	0	0	211.4963	0	0	
demographic.indicators10	0.0204	0.1412	0	0	0	237.8498	0	0	
demographic.indicators11	0.2459	0.4306	0	0	1	191.1464	0	0	
demographic.indicators12	3.1733E-4	0.0178	0	0	0	3782.6819	0	0	
demographic.indicators13	0.0221	0.1469	0	0	0	214.926	0	0	
demographic.indicators14	1.9947E-3	0.0446	0	0	0	724.3222	0	0	
demographic.indicators15	0.1217	0.3269	0	0	1	192.8546	0	0	
demographic.indicators16	0.4818	0.4997	0	0	1	188.4918	0	0	
demographic.indicators17	0.0299	0.1704	0	0	0	220.2323	0	0	
demographic.indicators18	3.2267E-3	0.0567	0	0	0	4173.0603	0	0	
demographic.indicators19	5.8547E-3	0.0763	0	0	0	441.3022	0	0	
demographic.indicators20	7.2853E-3	0.085	0	0	0	438.4421	0	0	
demographic.indicators21	2.5973E-3	0.0509	0	0	0	13377.8495	0	0	
demographic.indicators22	2.4947E-3	0.0499	0	0	0	14819.6063	0	0	
demographic.indicators23	9.092E-3	0.0949	0	0	0	449.4101	0	0	
demographic.indicators24	0.02	0.1401	0	0	0	263.5231	0	0	
demographic.indicators25	0.0176	0.1314	0	0	0	335.4757	0	0	
demographic.indicators26	0.0147	0.1202	0	0	0	358.2415	0	0	
demographic.indicators27	0.0232	0.1506	0	0	0	282.1855	0	0	
demographic.indicators28	0.0157	0.1243	0	0	0	471.9191	0	0	
demographic.indicators29	0.0122	0.1099	0	0	0	328.3412	0	0	
demographic.indicators30	0.0155	0.1237	0	0	0	362.4243	0	0	
demographic.indicators31	6.6267E-3	0.0811	0	0	0	511.285	0	0	
demographic.indicators32	0.017	0.1292	0	0	0	486.4228	0	0	
demographic.indicators33	0.0245	0.1546	0	0	0	307.249	0	0	
demographic.indicators34	0.0292	0.1684	0	0	0	280.3044	0	0	
demographic.indicators35	0.0197	0.139	0	0	0	469.4208	0	0	
demographic.indicators36	0.0375	0.1899	0	0	0	247.2911	0	0	
demographic.indicators37	0.0455	0.2083	0	0	0	255.8157	0	0	
demographic.indicators38	0.0194	0.1378	0	0	0	372.0281	0	0	
demographic.indicators39	0.0174	0.1309	0	0	0	373.4268	0	0	
demographic.indicators40	0.0487	0.2153	0	0	0	258.1129	0	0	
demographic.indicators41	0.0326	0.1776	0	0	0	295.3657	0	0	
demographic.indicators42	0.0386	0.1926	0	0	0	308.6336	0	0	
demographic.indicators43	0.0167	0.128	0	0	0	507.3823	0	0	
demographic.indicators44	0.0405	0.1971	0	0	0	278.1452	0	0	
demographic.indicators45	0.0273	0.163	0	0	0	316.1845	0	0	
demographic.indicators46	0.0338	0.1808	0	0	0	302.2279	0	0	
demographic.indicators47	0.0643	0.2453	0	0	1	251.9437	0	0	
demographic.indicators48	0.0122	0.1097	0	0	0	355.6197	0	0	
demographic.indicators49	0.0417	0.1998	0	0	0	303.4422	0	0	
demographic.indicators50	0.0234	0.1513	0	0	0	323.4789	0	0	
demographic.indicators51	0.0134	0.1148	0	0	0	314.2773	0	0	
demographic.indicators52	0.0483	0.2144	0	0	0	302.405	0	0	
demographic.indicators53	0.0325	0.1773	0	0	0	283.7701	0	0	
demographic.indicators54	0.0328	0.1781	0	0	0	224.9131	0	0	
demographic.indicators55	0.0123	0.1101	0	0	0	749.1763	0	0	
demographic.indicators56	8.9147E-3	0.094	0	0	0	406.9724	0	0	
demographic.indicators57	0.0191	0.1369	0	0	0	330.2961	0	0	
demographic.indicators58	0.0227	0.1489	0	0	0	288.5939	0	0	
demographic.indicators59	6.38E-3	0.0796	0	0	0	509.5982	0	0	
demographic.indicators60	9.4853E-3	0.0969	0	0	0	599.0374	0	0	
demographic.indicators61	0.0246	0.1548	0	0	0	253.3817	0	0	
demographic.indicators62	0.0111	0.1049	0	0	0	764.3291	0	0	
demographic.indicators63	0.0205	0.1416	0	0	0	355.1775	0	0	
demographic.indicators64	9.8947E-3	0.099	0	0	0	332.2274	0	0	
demographic.indicators65	3.9787E-3	0.063	0	0	0	1813.6318	0	0	
demographic.indicators66	4.1973E-3	0.0647	0	0	0	3474.9633	0	0	
demographic.indicators67	5.0813E-3	0.0711	0	0	0	1460.6299	0	0	
demographic.indicators68	6.8187E-3	0.0823	0	0	0	526.2289	0	0	
demographic.indicators69	5.0293E-3	0.0707	0	0	0	1273.607	0	0	
demographic.indicators70	1.7613E-3	0.0419	0	0	0	14838.0127	0	0	
demographic.indicators71	8.6653E-3	0.0927	0	0	0	370.3612	0	0	
demographic.indicators72	4.4107E-3	0.0663	0	0	0	1434.049	0	0	
demographic.indicators73	0.0192	0.1371	0	0	0	272.2157	0	0	
demographic.indicators74	2.0133E-3	0.0448	0	0	0	13318.5031	0	0	
demographic.indicators75	0.0237	0.152	0	0	0	244.9518	0	0	
demographic.indicators76	1.9867E-3	0.0445	0	0	0	5331.057	0	0	
demographic.indicators77	1.576E-3	0.0397	0	0	0	12804.7493	0	0	
demographic.indicators78	0.0114	0.1061	0	0	0	320.9707	0	0	
demographic.indicators79	1.864E-3	0.0431	0	0	0	12444.0702	0	0	
demographic.indicators80	0.023	0.1498	0	0	0	240.3792	0	0	
demographic.indicators81	2.6E-3	0.0509	0	0	0	6421.5105	0	0	
demographic.indicators82	0.0409	0.198	0	0	0	221.0962	0	0	
demographic.indicators83	0.0274	0.1631	0	0	0	226.0501	0	0	
demographic.indicators84	2.0053E-3	0.0447	0	0	0	10368.1488	0	0	
demographic.indicators85	0.0277	0.1641	0	0	0	259.8261	0	0	
demographic.indicators86	3.9933E-3	0.0631	0	0	0	521.3171	0	0	
demographic.indicators87	0.0148	0.1206	0	0	0	288.4061	0	0	
demographic.indicators88	0.1387	0.3457	0	0	1	198.7399	0	0	
demographic.indicators89	7.4293E-3	0.0859	0	0	0	415.5588	0	0	
demographic.indicators90	0.0473	0.2123	0	0	0	210.3478	0	0	
demographic.indicators91	0.0294	0.169	0	0	0	225.877	0	0	
demographic.indicators92	0.0138	0.1168	0	0	0	430.1307	0	0	
demographic.indicators93	0.0462	0.21	0	0	0	235.9048	0	0	
demographic.indicators94	8.052E-3	0.0894	0	0	0	499.8312	0	0	
demographic.indicators95	0.0123	0.1101	0	0	0	247.4826	0	0	
demographic.indicators96	0.0142	0.1182	0	0	0	219.8682	0	0	
demographic.indicators97	8.04E-4	0.0283	0	0	0	42106.0995	0	0	
demographic.indicators98	0.0304	0.1718	0	0	0	228.5439	0	0	
demographic.indicators99	0.015	0.1217	0	0	0	276.6038	0	0	
demographic.indicators100	0.0157	0.1245	0	0	0	439.5928	0	0	
demographic.indicators101	7.2653E-3	0.0849	0	0	0	595.8922	0	0	
demographic.indicators102	0.079	0.2697	0	0	1	208.2856	0	0	
demographic.indicators103	0.0212	0.144	0	0	0	265.8548	0	0	
demographic.indicators104	7.2947E-3	0.0851	0	0	0	449.333	0	0	
demographic.indicators105	8.952E-3	0.0942	0	0	0	355.5674	0	0	
demographic.indicators106	0.0187	0.1356	0	0	0	246.9071	0	0	
demographic.indicators107	9.608E-3	0.0975	0	0	0	268.8015	0	0	
demographic.indicators108	5.2227E-3	0.0721	0	0	0	788.9645	0	0	
demographic.indicators109	0.0108	0.1036	0	0	0	374.1249	0	0	
demographic.indicators110	8.0387E-3	0.0893	0	0	0	326.0083	0	0	
demographic.indicators111	4.9067E-3	0.0699	0	0	0	473.9982	0	0	
demographic.indicators112	3.5293E-3	0.0593	0	0	0	372.4746	0	0	
demographic.indicators113	0.0154	0.1231	0	0	0	262.1577	0	0	
demographic.indicators114	0.01	0.0997	0	0	0	302.6153	0	0	
demographic.indicators115	3.4987E-3	0.059	0	0	0	476.9044	0	0	
demographic.indicators116	0.0186	0.135	0	0	0	308.9147	0	0	
demographic.indicators117	0.0332	0.179	0	0	0	261.8678	0	0	
demographic.indicators118	0.0215	0.1451	0	0	0	228.7281	0	0	
demographic.indicators119	3.3187E-3	0.0575	0	0	0	1377.3735	0	0	
demographic.indicators120	0.0455	0.2083	0	0	0	226.2532	0	0	
demographic.indicators121	1.36E-3	0.0369	0	0	0	1207.1721	0	0	
demographic.indicators122	0.0242	0.1535	0	0	0	275.5178	0	0	
demographic.indicators123	0.0202	0.1406	0	0	0	256.5563	0	0	
demographic.indicators124	6.516E-3	0.0805	0	0	0	246.6814	0	0	
demographic.indicators125	0.0131	0.1138	0	0	0	315.1315	0	0	
demographic.indicators126	7.3853E-3	0.0856	0	0	0	353.4158	0	0	
demographic.indicators127	0.0166	0.1279	0	0	0	248.2693	0	0	
demographic.indicators128	3.6533E-4	0.0191	0	0	0	28258.1014	0	0	
demographic.indicators129	0.0228	0.1494	0	0	0	229.9572	0	0	
demographic.indicators130	0.0125	0.1113	0	0	0	261.1877	0	0	
demographic.indicators131	1.72E-3	0.0414	0	0	0	1472.931	0	0	
demographic.indicators132	1.576E-3	0.0397	0	0	0	937.9947	0	0	
demographic.indicators133	1.1893E-3	0.0345	0	0	0	1654.5326	0	0	
demographic.indicators134	0.0141	0.1179	0	0	0	243.9876	0	0	
demographic.indicators135	7.2253E-3	0.0847	0	0	0	396.0956	0	0	
demographic.indicators136	0.0183	0.134	0	0	0	241.6511	0	0	
demographic.indicators137	3.4E-4	0.0184	0	0	0	5693.3224	0	0	
demographic.indicators138	4.688E-3	0.0683	0	0	0	302.9459	0	0	
demographic.indicators139	6.4933E-4	0.0255	0	0	0	5560.5359	0	0	
demographic.indicators140	1.3227E-3	0.0363	0	0	0	2446.891	0	0	
demographic.indicators141	8.2267E-4	0.0287	0	0	0	2023.5459	0	0	
demographic.indicators142	1.12E-3	0.0334	0	0	0	1651.5134	0	0	
demographic.indicators143	1.2933E-4	0.0114	0	0	0	45970.037	0	0	
demographic.indicators144	1.0653E-3	0.0326	0	0	0	3878.8975	0	0	
demographic.indicators145	5.6933E-4	0.0239	0	0	0	7151.4842	0	0	
demographic.indicators146	5.6E-5	7.4831E-3	0	0	0	82906.6234	0	0	
demographic.indicators147	2.9773E-3	0.0545	0	0	0	428.8031	0	0	
demographic.indicators148	3.24E-4	0.018	0	0	0	6796.7709	0	0	
demographic.indicators149	3.56E-4	0.0189	0	0	0	13601.2409	0	0	
demographic.indicators150	4.38E-3	0.066	0	0	0	431.8337	0	0	
demographic.indicators151	1.532E-3	0.0391	0	0	0	1249.1383	0	0	
demographic.indicators152	3.04E-4	0.0174	0	0	0	18325.986	0	0	
demographic.indicators153	6E-4	0.0245	0	0	0	2706.3537	0	0	
demographic.indicators154	2.88E-3	0.0536	0	0	0	420.2995	0	0	
demographic.indicators155	6.1733E-4	0.0248	0	0	0	6315.7486	0	0	
demographic.indicators156	3.32E-4	0.0182	0	0	0	24424.3671	0	0	
demographic.indicators157	1.8E-4	0.0134	0	0	0	51656.0902	0	0	
demographic.indicators158	3.36E-4	0.0183	0	0	0	35388.9963	0	0	
demographic.indicators159	2.1867E-4	0.0148	0	0	0	40196.8587	0	0	
demographic.indicators160	1.4667E-4	0.0121	0	0	0	57639.8648	0	0	
demographic.indicators161	1.052E-3	0.0324	0	0	0	1383.6122	0	0	
demographic.indicators162	4.52E-4	0.0213	0	0	0	7329.8269	0	0	
demographic.indicators163	1.0467E-3	0.0323	0	0	0	3863.5862	0	0	
demographic.indicators164	3.28E-4	0.0181	0	0	0	26010.3475	0	0	
demographic.indicators165	2.4933E-4	0.0158	0	0	0	48045.7406	0	0	
demographic.indicators166	3.36E-4	0.0183	0	0	0	31408.5102	0	0	
demographic.indicators167	1.148E-3	0.0339	0	0	0	1896.9866	0	0	
demographic.indicators168	3.84E-4	0.0196	0	0	0	19764.0434	0	0	
demographic.indicators169	2.6133E-4	0.0162	0	0	0	23667.1365	0	0	
demographic.indicators170	2.0667E-4	0.0144	0	0	0	24830.7411	0	0	
demographic.indicators171	8.3467E-4	0.0289	0	0	0	2700.1848	0	0	
demographic.indicators172	6.2267E-4	0.0249	0	0	0	19724.8043	0	0	
demographic.indicators173	1.1427E-3	0.0338	0	0	0	1496.758	0	0	
demographic.indicators174	6.6933E-4	0.0259	0	0	0	5658.6783	0	0	
demographic.indicators175	3.0133E-4	0.0174	0	0	0	29359.7276	0	0	
demographic.indicators176	3.8533E-4	0.0196	0	0	0	27498.4182	0	0	
demographic.indicators177	3.1067E-4	0.0176	0	0	0	49620.8424	0	0	
demographic.indicators178	2.72E-4	0.0165	0	0	0	54685.066	0	0	
demographic.indicators179	5.8267E-4	0.0241	0	0	0	17624.0115	0	0	
demographic.indicators180	8.6667E-4	0.0294	0	0	0	3738.1124	0	0	
demographic.indicators181	2.64E-4	0.0162	0	0	0	37037.1063	0	0	
demographic.indicators182	6.7867E-4	0.026	0	0	0	8034.9991	0	0	
demographic.indicators183	4.3067E-4	0.0207	0	0	0	40503.8297	0	0	
demographic.indicators184	2.8533E-4	0.0169	0	0	0	58156.1584	0	0	
demographic.indicators185	8.3867E-4	0.0289	0	0	0	2750.9296	0	0	
demographic.indicators186	9.1867E-4	0.0303	0	0	0	3732.4289	0	0	
demographic.indicators187	3.6533E-4	0.0191	0	0	0	55908.2778	0	0	
demographic.indicators188	4.2787E-3	0.0653	0	0	0	325.9853	0	0	
demographic.indicators189	7.0933E-4	0.0266	0	0	0	11400.3839	0	0	
demographic.indicators190	1.2573E-3	0.0354	0	0	0	9924.741	0	0	
demographic.indicators191	1.4947E-3	0.0386	0	0	0	5062.4242	0	0	
demographic.indicators192	1.9267E-3	0.0439	0	0	0	1249.9157	0	0	
demographic.indicators193	1.0933E-3	0.033	0	0	0	15560.0167	0	0	
demographic.indicators194	2.9613E-3	0.0543	0	0	0	2154.0758	0	0	
demographic.indicators195	2.908E-3	0.0538	0	0	0	3348.9209	0	0	
demographic.indicators196	3.2547E-3	0.057	0	0	0	3559.5561	0	0	
demographic.indicators197	0.0226	0.1486	0	0	0	251.2681	0	0	
demographic.indicators198	5.652E-3	0.075	0	0	0	870.8404	0	0	
demographic.indicators199	3.964E-3	0.0628	0	0	0	1952.1264	0	0	
kappa	2.2171	0.148	2.2132	1.9345	2.5127	22474.4979	2.1095	2.3075	
frequencies1	0.277	0.0103	0.277	0.2576	0.2978	12129.4755	0.2698	0.2837	
frequencies2	0.2115	9.1061E-3	0.2114	0.1935	0.2292	9091.4005	0.2039	0.2162	
frequencies3	0.1949	8.7903E-3	0.1948	0.1777	0.2118	12722.2055	0.1891	0.201	
frequencies4	0.3166	0.0109	0.3165	0.2951	0.3381	9494.7414	0.3085	0.3231	
alpha	0.5972	0.0525	0.5949	0.5	0.7046	21366.7043	0.5591	0.6295	
default.ucld.mean	1.7251E-3	5.1977E-4	1.6336E-3	8.8763E-4	2.7687E-3	244.192	1.1673E-3	1.7936E-3	
default.ucld.stdev	0.0361	0.0283	0.028	4.93E-3	0.0892	310.8073	0.0102	0.0309	
host.ucld.mean	0.0147	2.4181E-3	0.0144	0.0104	0.0194	442.9503	0.0128	0.0156	
host.ucld.stdev	2.6297E-3	2.3344E-3	2.0345E-3	4.9406E-9	7.0805E-3	1264.1296	3.1565E-8	2.0345E-3	
default.meanRate	8.1274E-4	9.1062E-5	8.0541E-4	6.4137E-4	9.9349E-4	279.5162	7.4034E-4	8.546E-4	
default.coefficientOfVariation	3.4251	0.4767	3.3435	2.6738	4.261	362.5007	3.0345	3.5108	
default.covariance	0.0688	0.0663	0.0526	-0.0289	0.2055	272.7691	-0.0056	0.0651	
host.meanRate	0.0148	2.4571E-3	0.0145	0.0104	0.0196	442.7723	0.0128	0.0156	
host.coefficientOfVariation	0.1745	0.1426	0.1409	3.6122E-7	0.4494	1860.2944	3.6122E-7	0.1409	
host.covariance	-0.0027	0.0498	-0.0029	-0.1005	0.0947	22951.7609	-0.0365	0.0309	
host.rates.Amaranthaceae.Brassicaceae	1.0168	1.0448	0.6621	1.1995E-4	3.4967	931.4476	3.2343E-4	0.6623	
host.rates.Amaranthaceae.Fabaceae	0.8912	0.9964	0.5699	4.8811E-5	2.8616	1962.5298	0.0273	0.5808	
host.rates.Amaranthaceae.Poaceae	0.7626	0.8441	0.4834	2.8943E-5	2.5248	1714.6501	9.3413E-4	0.4836	
host.rates.Amaranthaceae.Solanaceae	0.8838	0.9246	0.5756	3.7715E-5	2.7109	2466.0533	4.153E-5	0.5756	
host.rates.Brassicaceae.Fabaceae	1.6648	0.7865	1.5689	0.3166	3.3537	1264.9253	0.9689	1.8986	
host.rates.Brassicaceae.Poaceae	1.6429	0.7581	1.5379	0.3414	3.3044	1346.9417	0.9333	1.8163	
host.rates.Brassicaceae.Solanaceae	1.6044	0.7224	1.5326	0.3253	3.1476	1540.0807	0.9926	1.8495	
host.rates.Fabaceae.Poaceae	0.9112	0.9075	0.6347	3.9503E-5	2.6581	1501.2299	5.7907E-5	0.6348	
host.rates.Fabaceae.Solanaceae	0.9333	1.017	0.561	1.4104E-4	2.8007	914.9486	1.4716E-4	0.561	
host.rates.Poaceae.Solanaceae	0.8461	0.9618	0.4887	1.0091E-4	2.7545	1914.0065	1.5704E-4	0.4887	
host.rates.Brassicaceae.Amaranthaceae	1.6098	0.7684	1.5096	0.3249	3.2838	1330.3658	0.9538	1.8582	
host.rates.Fabaceae.Amaranthaceae	0.9019	0.9361	0.5908	1.3144E-4	2.7054	1279.2632	4.2676E-4	0.591	
host.rates.Poaceae.Amaranthaceae	0.6848	0.8386	0.3871	1.0714E-5	2.3624	1818.9864	1.2404E-5	0.3871	
host.rates.Solanaceae.Amaranthaceae	0.6753	0.8273	0.3822	5.0779E-4	2.3112	1798.4775	1.1367E-3	0.3825	
host.rates.Fabaceae.Brassicaceae	0.8841	0.9041	0.6146	3.8398E-6	2.6575	1267.3679	3.8398E-6	0.6146	
host.rates.Poaceae.Brassicaceae	0.8531	0.948	0.4995	4.2615E-5	2.7256	1468.7635	4.2615E-5	0.4995	
host.rates.Solanaceae.Brassicaceae	0.7786	0.922	0.4404	1.0203E-4	2.6616	2120.6343	1.2396E-4	0.4404	
host.rates.Poaceae.Fabaceae	0.8142	0.8816	0.5352	2.7889E-4	2.5439	2471.5435	4.4591E-5	0.5352	
host.rates.Solanaceae.Fabaceae	0.852	0.9454	0.5374	1.8417E-4	2.7661	2112.9456	2.059E-4	0.5374	
host.rates.Solanaceae.Poaceae	0.7986	0.9084	0.4931	2.8274E-5	2.638	2356.1613	2.8274E-5	0.4931	
host.indicators.Amaranthaceae.Brassicaceae	0.0952	0.2934	0	0	1	6367.3193	0	0	
host.indicators.Amaranthaceae.Fabaceae	0.2131	0.4095	0	0	1	1357.531	0	0	
host.indicators.Amaranthaceae.Poaceae	0.41	0.4918	0	0	1	1845.8179	0	0	
host.indicators.Amaranthaceae.Solanaceae	0.1464	0.3535	0	0	1	1747.5668	0	0	
host.indicators.Brassicaceae.Fabaceae	0.9496	0.2188	1	0	1	242.1507	1	1	
host.indicators.Brassicaceae.Poaceae	0.9564	0.2043	1	1	1	275.9951	1	1	
host.indicators.Brassicaceae.Solanaceae	0.9586	0.1993	1	1	1	287.8416	1	1	
host.indicators.Fabaceae.Poaceae	0.2759	0.447	0	0	1	782.852	0	0	
host.indicators.Fabaceae.Solanaceae	0.2737	0.4458	0	0	1	819.6328	0	0	
host.indicators.Poaceae.Solanaceae	0.1934	0.3949	0	0	1	2358.694	0	0	
host.indicators.Brassicaceae.Amaranthaceae	0.9515	0.2148	1	1	1	248.2942	1	1	
host.indicators.Fabaceae.Amaranthaceae	0.2927	0.455	0	0	1	843.9696	0	0	
host.indicators.Poaceae.Amaranthaceae	0.4832	0.4997	0	0	1	1201.6884	0	0	
host.indicators.Solanaceae.Amaranthaceae	0.4748	0.4994	0	0	1	1227.2552	0	0	
host.indicators.Fabaceae.Brassicaceae	0.2826	0.4503	0	0	1	688.8261	0	0	
host.indicators.Poaceae.Brassicaceae	0.2357	0.4244	0	0	1	1686.9196	0	0	
host.indicators.Solanaceae.Brassicaceae	0.2425	0.4286	0	0	1	1850.4735	0	0	
host.indicators.Poaceae.Fabaceae	0.2599	0.4386	0	0	1	1862.8041	0	0	
host.indicators.Solanaceae.Fabaceae	0.1904	0.3926	0	0	1	2227.7696	0	0	
host.indicators.Solanaceae.Poaceae	0.2779	0.448	0	0	1	1443.8368	0	0	
host.nonZeroRates	8.1632	1.2034	8	6	10	1107.7983	7	8	
default.treeLikelihood	-7107.1769	13.5758	-7106.8537	-7134.1779	-7080.8325	928.5364	-7115.4531	-7097.2946	
default.branchRates	-2382.6079	0	0	0	0	NaN	0	0	
host.branchRates	-2382.6079	0	0	0	0	NaN	0	0	
c_host.count[1]	123.8088	5.4156	124	112	133	476.9092	118	125	
c_allTransitions[1]	123.8091	5.4163	124	112	133	476.6719	118	125	
coalescent	-1198.9429	39.5502	-1199.4329	-1277.6404	-1120.2798	218.3957	-1223.7675	-1174.847	

