burnIn   <= 25000000,   maxState  = 100000000
statistic	mean	stdErr	median	hpdLower	hpdUpper	ESS	50hpdLower	50hpdUpper
joint	-14421.6408	160.7607	-14419.6656	-14729.3218	-14108.4246	230.1383	-14528.9323	-14311.1806	
prior	-7097.5927	165.8336	-7094.4419	-7421.5021	-6778.3888	225.2723	-7201.3244	-6976.4018	
likelihood	-7324.0481	20.9051	-7324.2687	-7364.7936	-7283.0676	489.5597	-7338.647	-7310.3436	
treeModel.rootHeight	71.7077	17.0489	69.3414	42.4386	104.1979	272.5753	57.5946	77.0313	
age(root)	1950.2923	17.0489	1952.6586	1917.8021	1979.5614	272.5753	1944.9687	1964.4054	
treeLength	1613.3536	283.4464	1613.9118	1081.8639	2098.8773	203.2533	1472.428	1905.82	
tmrca(ingroup)	71.7077	17.0489	69.3414	42.4386	104.1979	272.5753	57.5946	77.0313	
age(ingroup)	1950.2923	17.0489	1952.6586	1917.8021	1979.5614	272.5753	1944.9687	1964.4054	
demographic.populationSizeChanges	2.9051	0.7646	3	2	4	492.8773	3	3	
demographic.populationMean	99.8151	88.8365	74.5435	13.6738	251.8974	251.5131	23.5893	79.6022	
demographic.popSize1	58.9277	87.1967	24.5539	0.0861	227.3002	323.9495	0.0861	24.5539	
demographic.popSize2	102.027	170.2505	50.4204	2.1127E-4	365.0782	735.6	2.1127E-4	50.4204	
demographic.popSize3	98.7379	164.8248	48.338	1.7336E-3	357.3216	824.9641	4.7295E-4	48.338	
demographic.popSize4	95.2377	159.4669	46.4288	0.017	339.5544	759.1687	5.2452E-3	46.4288	
demographic.popSize5	98.2035	157.858	47.6145	6.3287E-3	353.501	715.6802	6.3287E-3	47.6145	
demographic.popSize6	99.5255	161.4473	48.9241	3.4281E-3	366.9303	760.9815	0.0292	48.9334	
demographic.popSize7	94.3032	151.7751	45.9652	1.6194E-4	343.5418	780.8345	0.0148	45.9658	
demographic.popSize8	98.1015	156.8892	48.6966	5.915E-3	351.5964	757.5965	0.039	48.6966	
demographic.popSize9	95.3379	150.0578	47.8384	0.0108	337.0564	765.8766	0.0431	47.8691	
demographic.popSize10	94.5888	148.291	47.2724	4.5614E-3	336.7911	836.3847	4.8003E-3	47.2724	
demographic.popSize11	98.6472	161.0365	47.9238	0.0416	360.9303	831.9394	0.0416	47.9428	
demographic.popSize12	93.3342	156.152	43.683	7.6751E-4	342.7198	781.5211	0.0464	43.7115	
demographic.popSize13	94.6977	164.5561	44.8849	0.0278	343.1011	798.1783	0.026	44.8849	
demographic.popSize14	95.6424	152.2402	48.0422	0.0108	344.8032	787.0808	0.0251	48.0422	
demographic.popSize15	97.9196	158.3043	48.3817	7.5795E-3	352.7643	755.3056	7.5795E-3	48.3817	
demographic.popSize16	100.3098	163.8511	50.8759	8.1892E-3	351.7162	840.5088	8.1892E-3	50.8813	
demographic.popSize17	94.9654	150.1329	47.7979	1.7891E-4	335.028	787.7585	6.5471E-4	47.7982	
demographic.popSize18	99.2485	154.1642	50.0027	0.0217	350.1725	751.0556	0.0461	50.0109	
demographic.popSize19	99.3408	156.9997	50.3431	9.7795E-4	346.2068	759.7642	7.9224E-3	50.3456	
demographic.popSize20	98.26	155.0641	48.4837	2.296E-3	351.2269	743.6885	6.8986E-3	48.4848	
demographic.popSize21	95.5294	146.6269	48.6234	3.9368E-3	339.5292	838.0135	3.9368E-3	48.6234	
demographic.popSize22	95.8111	147.6753	48.9309	3.2398E-3	332.9788	786.9781	8.2452E-3	48.9327	
demographic.popSize23	98.2228	157.5389	49.474	5.5692E-3	340.0463	771.5773	0.0433	49.4951	
demographic.popSize24	96.7841	176.3209	48.5008	7.8297E-4	335.9446	713.8713	0.0565	48.5482	
demographic.popSize25	99.3502	154.899	50.5677	5.9284E-3	347.643	845.8436	5.9284E-3	50.5677	
demographic.popSize26	98.9177	157.8751	51.8526	2.5699E-3	339.4254	736.6767	2.5699E-3	51.8526	
demographic.popSize27	101.134	158.7907	50.7328	5.562E-3	357.6507	758.59	0.0342	50.7464	
demographic.popSize28	99.6372	149.5657	52.2648	5.8427E-4	356.3668	828.7604	2.8901E-3	52.2648	
demographic.popSize29	99.3075	147.8817	50.938	0.1047	357.6113	713.0775	0.0931	50.9904	
demographic.popSize30	102.125	179.3845	51.5825	0.0196	352.8786	718.695	0.0196	51.5825	
demographic.popSize31	99.1932	150.6433	50.1989	2.4845E-3	347.5665	768.7866	4.7383E-5	50.1989	
demographic.popSize32	100.9822	158.2646	51.722	8.6543E-4	341.7788	726.2016	8.6543E-4	51.722	
demographic.popSize33	100.634	168.5278	51.0668	7.9313E-3	348.3114	793.7221	8.2669E-3	51.0668	
demographic.popSize34	100.0521	167.5323	50.4342	4.9855E-3	353.694	758.2228	1.5344E-3	50.4342	
demographic.popSize35	101.6014	168.3502	50.9322	4.9807E-3	357.2446	786.6611	4.9807E-3	50.9322	
demographic.popSize36	100.0531	155.152	51.1634	0.0116	356.7615	711.3326	0.0365	51.1796	
demographic.popSize37	100.2206	163.321	49.6255	6.2694E-3	352.6636	792.6493	7.0025E-3	49.6259	
demographic.popSize38	102.0214	159.7535	51.7511	9.4925E-4	357.6439	740.6399	9.4925E-4	51.7511	
demographic.popSize39	99.3248	156.3917	49.3973	1.4201E-3	358.052	762.418	1.4201E-3	49.3973	
demographic.popSize40	104.0699	168.6957	51.7107	0.0525	363.7568	698.4799	6.2165E-3	51.7107	
demographic.popSize41	98.972	155.8737	51.0447	1.5636E-3	347.5854	753.0591	0.0549	51.0643	
demographic.popSize42	99.6284	157.0395	49.9721	5.7377E-3	355.8817	762.545	0.0115	49.9721	
demographic.popSize43	101.7032	161.4079	51.6612	4.8748E-3	356.2254	741.2892	0.0146	51.6656	
demographic.popSize44	99.3789	156.611	50.5804	0.0288	355.1945	754.6642	6.3251E-3	50.5804	
demographic.popSize45	102.3165	166.4538	50.3876	8.4081E-3	360.9385	751.0709	8.0839E-3	50.3876	
demographic.popSize46	99.933	158.7725	50.1455	3.4175E-3	354.5455	759.3033	0.0168	50.1517	
demographic.popSize47	100.3831	163.9403	49.8739	2.4703E-3	348.2088	776.3718	2.4703E-3	49.8739	
demographic.popSize48	101.2684	156.056	51.2025	2.2626E-4	356.7892	822.9688	0.1128	51.3022	
demographic.popSize49	100.4451	161.4124	52.1864	5.7207E-3	344.184	816.2637	0.0255	52.1966	
demographic.popSize50	100.5993	159.4372	51.3865	5.3419E-3	348.3093	772.1765	0.0663	51.4226	
demographic.popSize51	100.8763	163.4892	51.3127	5.2975E-4	358.7562	795.6068	5.2975E-4	51.3127	
demographic.popSize52	100.0809	160.4704	50.6692	8.7049E-3	350.4664	780.4596	0.0779	50.7291	
demographic.popSize53	101.6694	162.3655	50.4446	2.4799E-4	359.2742	717.1869	2.4799E-4	50.4446	
demographic.popSize54	102.6137	165.6697	51.237	2.215E-3	372.2133	756.1376	0.0135	51.2471	
demographic.popSize55	98.2376	159.4042	49.511	4.1453E-3	345.826	762.5867	4.1453E-3	49.511	
demographic.popSize56	102.3436	167.0482	51.0395	2.4694E-3	359.919	794.8575	0.0261	51.0421	
demographic.popSize57	101.4831	158.5605	51.3864	2.8234E-4	362.4488	782.6868	2.8234E-4	51.3864	
demographic.popSize58	100.2039	162.0005	50.3074	1.5359E-3	356.9828	732.2757	1.5359E-3	50.3074	
demographic.popSize59	100.15	168.4978	50.6759	2.8419E-4	353.057	778.6155	8.8986E-4	50.6759	
demographic.popSize60	100.1344	163.494	50.2055	1.1242E-3	348.1979	767.5176	1.4898E-3	50.2055	
demographic.popSize61	99.924	161.1959	50.161	1.5226E-3	346.2601	738.2757	0.0316	50.1785	
demographic.popSize62	99.5036	161.2994	49.85	2.0009E-3	351.4368	784.4312	2.0009E-3	49.85	
demographic.popSize63	99.0858	158.1445	50.4608	0.0154	353.1619	820.6145	0.021	50.4608	
demographic.popSize64	100.3761	159.079	52.0837	6.198E-3	350.1469	847.1558	6.198E-3	52.0858	
demographic.popSize65	99.6236	156.879	51.19	3.7187E-3	344.0644	811.838	0.044	51.2191	
demographic.popSize66	98.2935	147.1247	51.122	1.2901E-3	341.7712	848.3862	9.1377E-3	51.1255	
demographic.popSize67	101.3065	168.3108	51.714	2.8485E-3	346.6612	789.5554	8.9118E-3	51.7172	
demographic.popSize68	98.6178	153.3325	49.1246	2.3624E-3	348.2593	799.6308	2.3624E-3	49.1246	
demographic.popSize69	100.8251	154.7469	51.0524	2.9512E-3	352.1454	815.9709	7.1361E-3	51.0539	
demographic.popSize70	99.2153	153.4806	51.6665	9.9069E-3	351.5546	769.7692	6.917E-3	51.6665	
demographic.popSize71	97.1191	147.877	49.2277	5.0246E-4	350.7711	778.9187	5.0246E-4	49.2277	
demographic.popSize72	100.6796	154.5514	50.8932	4.6096E-3	353.9018	725.8202	7.8907E-3	50.8952	
demographic.popSize73	99.9446	158.5634	50.1904	7.9675E-4	346.3515	749.8533	7.9675E-4	50.1904	
demographic.popSize74	102.1157	157.7794	51.6759	2.7611E-3	355.6921	783.5013	2.7611E-3	51.6759	
demographic.popSize75	100.6591	156.709	51.3299	3.8561E-3	361.472	766.2407	0.0309	51.3395	
demographic.popSize76	101.4638	163.8856	51.2923	2.1674E-3	354.9845	714.4569	0.0142	51.3058	
demographic.popSize77	100.4886	161.2411	51.2853	7.8773E-3	346.5448	799.1818	0.0501	51.3089	
demographic.popSize78	100.5754	154.413	51.3423	6.7924E-4	350.9703	749.1782	0.0162	51.3519	
demographic.popSize79	100.6792	164.72	50.3821	1.4718E-3	350.6614	714.4942	8.3484E-3	50.3883	
demographic.popSize80	101.4436	169.8469	51.6471	9.8996E-3	345.3027	741.9938	9.8996E-3	51.6471	
demographic.popSize81	101.9402	166.5101	50.7772	1.8717E-3	359.3011	780.8877	3.1966E-3	50.7772	
demographic.popSize82	99.0846	169.8376	49.3117	0.0109	343.4367	870.0428	4.1107E-3	49.3117	
demographic.popSize83	103.5127	153.2024	52.9502	1.2789E-3	374.9839	688.6657	1.2789E-3	52.9502	
demographic.popSize84	101.0438	153.9319	50.6372	7.4266E-3	364.7855	815.3504	7.4266E-3	50.6372	
demographic.popSize85	100.987	158.6675	50.488	0.0204	359.0377	707.1866	0.0188	50.4965	
demographic.popSize86	99.8626	163.4069	49.5415	1.0819E-3	358.3276	772.2304	1.0819E-3	49.5415	
demographic.popSize87	102.3042	166.6014	49.9201	6.0824E-3	365.0436	700.812	0.0197	49.9313	
demographic.popSize88	98.7969	148.3973	50.9806	2.2666E-3	360.3406	757.0933	2.2666E-3	50.9806	
demographic.popSize89	99.0012	153.9217	49.8309	9.9954E-3	347.191	787.3146	9.9954E-3	49.8309	
demographic.popSize90	99.5243	161.5522	50.1115	9.501E-3	348.6791	746.2761	9.501E-3	50.1115	
demographic.popSize91	103.0337	165.7125	51.7542	2.9114E-3	375.1217	753.5209	6.6175E-3	51.7542	
demographic.popSize92	100.6846	161.3767	51.1324	1.9637E-3	357.1875	785.4657	1.9637E-3	51.1324	
demographic.popSize93	103.3127	175.0673	50.8454	4.6119E-3	368.4531	764.2183	4.6119E-3	50.8454	
demographic.popSize94	105.665	163.9455	52.8872	7.0509E-3	366.1034	690.507	7.0509E-3	52.8872	
demographic.popSize95	100.867	160.1278	51.8522	8.8652E-4	348.1931	773.0261	9.0736E-3	51.8527	
demographic.popSize96	102.0702	168.8238	49.6741	2.1412E-3	362.1965	742.6086	2.1412E-3	49.6741	
demographic.popSize97	99.9532	153.0307	50.9337	7.3973E-3	351.7011	811.5875	7.0936E-3	50.9337	
demographic.popSize98	101.6943	156.9771	51.5695	6.3253E-4	349.902	754.403	6.3253E-4	51.5695	
demographic.popSize99	100.7055	158.1303	50.8633	1.6669E-3	353.2046	715.0623	9.4407E-3	50.8647	
demographic.popSize100	101.4949	157.1617	51.9653	6.7895E-3	356.0874	769.4946	1.0359E-3	51.9653	
demographic.popSize101	104.4013	176.6006	52.2759	1.1445E-3	370.6575	727.1888	1.3275E-3	52.2759	
demographic.popSize102	100.4538	161.8293	50.9629	3.6787E-3	374.878	807.9176	3.6787E-3	50.9629	
demographic.popSize103	99.7121	160.0956	51.1651	0.0132	352.3699	733.4204	0.0132	51.1651	
demographic.popSize104	103.0498	165.9979	50.5642	1.0739E-4	365.1599	736.9453	0.0193	50.5642	
demographic.popSize105	99.5621	153.3426	51.1819	8.3042E-3	352.4258	759.2192	0.0522	51.2184	
demographic.popSize106	100.2376	163.0438	50.906	9.8899E-3	353.2157	778.0258	0.011	50.906	
demographic.popSize107	100.9207	168.973	51.3965	1.3303E-3	357.3874	796.6985	1.3303E-3	51.3965	
demographic.popSize108	98.6115	153.0457	50.2742	4.3265E-3	349.0488	773.7313	4.3265E-3	50.2742	
demographic.popSize109	101.6405	158.3573	51.8663	4.7356E-3	347.7536	825.2647	0.0199	51.8663	
demographic.popSize110	101.0945	157.9018	52.2566	1.3668E-3	364.5359	720.0736	0.2614	52.4688	
demographic.popSize111	100.8565	155.5418	51.6159	4.9536E-3	356.1102	741.2473	7.9682E-3	51.6175	
demographic.popSize112	98.6215	153.3919	50.7448	3.3368E-3	349.9256	792.9115	3.3368E-3	50.7448	
demographic.popSize113	100.3971	153.0453	50.9973	1.5663E-4	358.052	789.7856	0.0183	51.0114	
demographic.popSize114	98.3189	159.7521	49.8323	4.6982E-3	352.855	798.1964	4.6982E-3	49.8323	
demographic.popSize115	101.3696	160.8681	51.5741	1.6727E-3	352.4804	746.3107	0.0387	51.6095	
demographic.popSize116	99.9091	159.8458	51.238	4.819E-3	354.5247	715.4372	2.5329E-3	51.238	
demographic.popSize117	101.4263	166.7885	50.2635	0.0311	357.7143	794.5472	0.0583	50.2903	
demographic.popSize118	99.484	155.9614	49.9282	1.9572E-3	349.674	806.1943	0.0173	49.9411	
demographic.popSize119	99.4634	154.6703	50.6144	3.5107E-3	344.5479	761.3732	1.9557E-3	50.6144	
demographic.popSize120	101.3378	157.9034	50.8306	0.0112	369.3955	736.2062	6.8485E-3	50.8306	
demographic.popSize121	102.2274	164.5397	50.7492	3.7023E-3	357.2151	801.5385	3.7023E-3	50.7492	
demographic.popSize122	100.686	158.6811	50.2963	0.0216	372.5234	692.3841	3.1083E-3	50.2963	
demographic.popSize123	99.3365	157.6236	50.816	1.2755E-3	354.0104	776.8678	4.7604E-4	50.816	
demographic.popSize124	100.5783	164.5447	51.9262	5.8788E-3	349.805	724.8601	8.984E-3	51.9306	
demographic.popSize125	99.8963	159.7592	50.6809	3.4862E-3	349.7336	789.5063	9.3252E-3	50.6809	
demographic.popSize126	99.0999	156.7254	50.8402	1.5304E-3	349.5068	785.0775	1.5304E-3	50.8402	
demographic.popSize127	99.7941	166.6229	50.0175	6.2427E-4	354.0164	742.6991	0.0123	50.0176	
demographic.popSize128	100.6218	163.522	51.163	8.7779E-4	355.8836	818.0838	0.0591	51.2002	
demographic.popSize129	99.3996	154.3377	50.8955	2.7463E-3	350.5644	761.8086	5.1305E-3	50.8956	
demographic.popSize130	101.6827	163.7257	52.6392	5.0307E-3	350.5336	694.8706	7.1771E-3	52.6432	
demographic.popSize131	100.8595	158.4537	50.7016	3.7232E-3	354.2999	756.9864	3.7232E-3	50.7016	
demographic.popSize132	103.042	163.4677	51.9721	9.8636E-3	361.0247	742.6415	9.8636E-3	51.9755	
demographic.popSize133	100.3395	162.1329	50.1201	1.4055E-3	351.2549	763.1693	1.4055E-3	50.1201	
demographic.popSize134	98.8767	157.1093	50.6143	5.2333E-3	348.8899	760.0058	5.2333E-3	50.6143	
demographic.popSize135	99.9035	160.0814	50.2777	0.0214	354.8454	747.8258	0.024	50.2787	
demographic.popSize136	99.6894	151.1685	50.8619	1.0672E-3	362.9555	783.4375	1.0672E-3	50.8619	
demographic.popSize137	99.8435	168.9427	49.5634	4.0776E-3	347.3987	750.7883	5.7352E-4	49.5634	
demographic.popSize138	100.1634	157.5807	50.8941	1.1933E-3	353.5411	796.4295	1.1933E-3	50.8941	
demographic.popSize139	99.4358	160.2217	49.8268	8.2613E-4	350.0097	822.1973	0.0237	49.8321	
demographic.popSize140	98.4952	154.9683	49.8196	2.6022E-5	342.0538	820.4941	0.0287	49.8358	
demographic.popSize141	99.7437	158.3638	51.2147	2.3111E-3	338.2723	742.1137	2.3111E-3	51.2147	
demographic.popSize142	99.7617	156.8989	51.1026	8.0895E-3	349.4913	842.5119	9.4535E-3	51.1026	
demographic.popSize143	97.9917	154.7443	50.1414	2.5124E-3	346.6696	747.6778	3.5286E-3	50.1414	
demographic.popSize144	98.893	164.2488	49.1215	0.011	352.8452	777.6668	0.011	49.1215	
demographic.popSize145	98.1033	161.4864	50.2416	1.0633E-3	349.3156	799.3479	5.3293E-3	50.2416	
demographic.popSize146	97.8813	152.5191	50.2018	2.0752E-3	335.9627	799.091	2.0752E-3	50.2018	
demographic.popSize147	100.453	157.0387	50.7106	1.5483E-4	358.4355	790.2937	3.2864E-3	50.7106	
demographic.popSize148	96.7049	151.2918	49.475	2.6084E-4	344.3589	770.6165	2.6084E-4	49.475	
demographic.popSize149	99.0161	160.9021	50.5352	3.8747E-3	352.689	787.0766	0.0201	50.5352	
demographic.popSize150	99.3228	154.21	50.2905	9.7616E-4	356.8804	812.6951	9.7616E-4	50.2905	
demographic.popSize151	97.6295	153.1237	48.3926	8.9725E-3	350.1511	749.547	3.0399E-3	48.3926	
demographic.popSize152	100.1077	156.9047	51.8122	9.5993E-3	359.2322	756.3298	0.0193	51.8122	
demographic.popSize153	97.4609	153.5665	49.3949	9.8374E-4	342.901	735.9796	9.8374E-4	49.3949	
demographic.popSize154	101.3147	162.2826	49.2823	3.7157E-3	366.0528	727.3807	0.0252	49.288	
demographic.popSize155	97.927	148.6939	49.6478	4.2667E-3	346.1914	763.3334	0.1314	49.7545	
demographic.popSize156	96.9846	155.2494	49.1047	4.1099E-3	347.0753	838.1218	7.7523E-3	49.1077	
demographic.popSize157	98.0301	154.2529	49.9001	6.3937E-3	348.6542	817.9319	0.0383	49.9229	
demographic.popSize158	100.4317	162.4283	51.0748	2.0421E-3	347.3671	691.864	0.0367	51.0831	
demographic.popSize159	99.3901	164.8953	49.5067	0.0101	352.5607	736.1631	0.013	49.5093	
demographic.popSize160	100.9648	161.163	50.8454	1.3743E-3	350.0042	767.1454	0.013	50.8538	
demographic.popSize161	96.8714	154.593	49.0196	1.5056E-3	349.4123	789.8547	1.5056E-3	49.0196	
demographic.popSize162	99.7776	160.3412	49.0324	7.7326E-3	354.5466	677.4718	3.9145E-4	49.0324	
demographic.popSize163	97.8796	152.9729	49.9764	0.0121	343.878	752.807	0.0124	49.9764	
demographic.popSize164	98.8826	157.3819	49.9835	6.5421E-4	347.212	769.9942	6.5421E-4	49.9835	
demographic.popSize165	99.6742	162.344	49.4044	0.0131	359.778	721.4311	3.1026E-3	49.4044	
demographic.popSize166	98.5022	154.123	49.2002	3.7421E-3	350.8666	800.7553	0.0345	49.2231	
demographic.popSize167	97.8859	152.0017	50.345	2.2534E-3	337.453	765.5131	2.2534E-3	50.345	
demographic.popSize168	97.3566	153.8319	49.1714	0.0103	345.9056	781.6307	0.1375	49.1725	
demographic.popSize169	98.1303	160.2681	48.2091	9.9745E-4	347.8837	715.5294	9.9745E-4	48.2091	
demographic.popSize170	98.3806	154.0584	49.8865	3.2195E-4	348.32	708.2243	0.0773	49.934	
demographic.popSize171	98.1878	146.9766	51.3746	4.1159E-4	347.3992	822.1244	0.0283	51.3955	
demographic.popSize172	101.3658	171.2756	48.685	6.3586E-4	360.7064	735.7439	2.1645E-3	48.685	
demographic.popSize173	98.0111	158.7887	49.2597	7.081E-4	343.3259	775.3451	7.081E-4	49.2597	
demographic.popSize174	100.3728	169.6614	49.1601	0.023	354.527	762.8082	0.051	49.1601	
demographic.popSize175	99.1027	167.0665	49.5541	4.3184E-3	342.6601	783.4888	4.3184E-3	49.5541	
demographic.popSize176	99.6655	158.5173	49.4724	5.4498E-3	354.1447	740.9272	6.1928E-4	49.4724	
demographic.popSize177	99.0642	163.093	49.895	2.3146E-3	342.3613	781.6972	0.0227	49.8978	
demographic.popSize178	99.4457	164.3493	48.9685	0.0199	352.7146	731.8815	0.0199	48.9797	
demographic.popSize179	99.0738	157.594	48.7644	0.0181	349.5645	700.4208	0.0464	48.7748	
demographic.popSize180	100.1498	157.971	49.8133	0.0228	357.7772	788.7332	0.0489	49.8231	
demographic.popSize181	96.6983	154.5147	48.0548	2.5614E-3	349.9069	769.7756	7.9367E-4	48.0548	
demographic.popSize182	101.4481	168.2912	49.4224	6.1019E-4	360.7869	679.4318	6.1019E-4	49.4224	
demographic.popSize183	99.5473	170.3004	49.1576	0.0108	343.2053	759.1535	0.022	49.1576	
demographic.popSize184	95.4617	146.7898	48.0724	6.1499E-3	346.1228	815.3608	0.0482	48.107	
demographic.popSize185	98.3913	155.4807	49.5328	9.2719E-3	351.2498	844.0867	9.2719E-3	49.5328	
demographic.popSize186	98.6682	160.775	47.2475	4.7535E-4	357.0336	699.4019	4.7535E-4	47.2475	
demographic.popSize187	96.6128	156.8207	47.1114	8.8844E-3	350.312	763.5558	0.0154	47.1114	
demographic.popSize188	97.1779	155.4648	49.4626	1.0615E-3	335.6992	815.713	0.0205	49.4626	
demographic.popSize189	96.0958	148.9567	47.5078	8.5997E-3	348.1487	861.644	0.0105	47.5078	
demographic.popSize190	97.4899	154.7627	47.8046	7.6383E-5	349.6069	821.6804	0.0171	47.8073	
demographic.popSize191	98.2359	165.3332	46.0452	2.5954E-3	356.7099	695.4417	2.5954E-3	46.0452	
demographic.popSize192	98.9578	176.7887	48.443	2.0003E-3	348.3721	723.9576	9.8715E-3	48.443	
demographic.popSize193	97.5873	157.755	48.0628	0.0239	350.7059	782.8867	0.0239	48.0628	
demographic.popSize194	95.9192	149.6773	46.6119	2.3081E-4	343.9322	783.9573	2.3081E-4	46.6119	
demographic.popSize195	96.8235	151.8066	48.088	6.0967E-3	340.8769	796.7668	0.0122	48.0909	
demographic.popSize196	96.9876	171.6303	46.2456	1.7041E-3	352.1304	829.3444	0.0355	46.2699	
demographic.popSize197	95.9037	155.3457	45.6585	2.502E-3	346.6765	751.2001	4.365E-3	45.6585	
demographic.popSize198	98.7272	158.4463	47.2933	2.0188E-3	363.5418	751.8559	3.3871E-3	47.2939	
demographic.popSize199	97.0236	156.4057	46.5448	0.0225	350.4366	751.7942	0.2363	46.7087	
demographic.popSize200	94.4622	152.3813	46.6211	0.0114	344.4479	753.4637	0.0514	46.6337	
demographic.indicators1	5.384E-3	0.0732	0	0	0	5146.8001	0	0	
demographic.indicators2	0.0327	0.1779	0	0	0	524.4612	0	0	
demographic.indicators3	0.0368	0.1883	0	0	0	344.89	0	0	
demographic.indicators4	0.0313	0.1741	0	0	0	394.3533	0	0	
demographic.indicators5	0.0217	0.1458	0	0	0	835.2198	0	0	
demographic.indicators6	0.0329	0.1785	0	0	0	516.8159	0	0	
demographic.indicators7	0.0212	0.144	0	0	0	542.4652	0	0	
demographic.indicators8	0.0368	0.1882	0	0	0	462.571	0	0	
demographic.indicators9	0.0409	0.198	0	0	0	393.0273	0	0	
demographic.indicators10	0.0358	0.1857	0	0	0	504.5087	0	0	
demographic.indicators11	0.0546	0.2273	0	0	1	413.9988	0	0	
demographic.indicators12	0.0479	0.2135	0	0	0	351.0622	0	0	
demographic.indicators13	0.0398	0.1955	0	0	0	405.4745	0	0	
demographic.indicators14	0.0265	0.1605	0	0	0	577.9445	0	0	
demographic.indicators15	0.0182	0.1338	0	0	0	678.7765	0	0	
demographic.indicators16	0.0327	0.1778	0	0	0	385.2469	0	0	
demographic.indicators17	0.018	0.1329	0	0	0	905.2276	0	0	
demographic.indicators18	8.4787E-3	0.0917	0	0	0	2088.519	0	0	
demographic.indicators19	0.0149	0.121	0	0	0	1054.8926	0	0	
demographic.indicators20	0.0172	0.1301	0	0	0	897.3933	0	0	
demographic.indicators21	0.0162	0.1262	0	0	0	625.4721	0	0	
demographic.indicators22	6.156E-3	0.0782	0	0	0	3416.308	0	0	
demographic.indicators23	0.0337	0.1804	0	0	0	302.6455	0	0	
demographic.indicators24	0.0172	0.1299	0	0	0	457.1638	0	0	
demographic.indicators25	0.0166	0.1279	0	0	0	517.7392	0	0	
demographic.indicators26	0.0205	0.1417	0	0	0	431.1139	0	0	
demographic.indicators27	0.0178	0.1322	0	0	0	342.4363	0	0	
demographic.indicators28	0.0175	0.1309	0	0	0	460.835	0	0	
demographic.indicators29	5.3387E-3	0.0729	0	0	0	2750.072	0	0	
demographic.indicators30	6.144E-3	0.0781	0	0	0	1748.3871	0	0	
demographic.indicators31	0.0197	0.139	0	0	0	384.4645	0	0	
demographic.indicators32	0.0115	0.1066	0	0	0	492.8193	0	0	
demographic.indicators33	4.0733E-3	0.0637	0	0	0	4099.3088	0	0	
demographic.indicators34	4.2827E-3	0.0653	0	0	0	1758.7561	0	0	
demographic.indicators35	7.9093E-3	0.0886	0	0	0	1004.4442	0	0	
demographic.indicators36	5.3333E-3	0.0728	0	0	0	2326.1586	0	0	
demographic.indicators37	0.0157	0.1245	0	0	0	416.0698	0	0	
demographic.indicators38	2.0213E-3	0.0449	0	0	0	4770.1427	0	0	
demographic.indicators39	0.0165	0.1275	0	0	0	376.8152	0	0	
demographic.indicators40	4.2587E-3	0.0651	0	0	0	1438.1489	0	0	
demographic.indicators41	6.4827E-3	0.0803	0	0	0	533.1275	0	0	
demographic.indicators42	0.0119	0.1086	0	0	0	461.7097	0	0	
demographic.indicators43	6.576E-3	0.0808	0	0	0	1229.6832	0	0	
demographic.indicators44	4.9787E-3	0.0704	0	0	0	1984.9647	0	0	
demographic.indicators45	4.0867E-3	0.0638	0	0	0	1387.3172	0	0	
demographic.indicators46	4.1747E-3	0.0645	0	0	0	1383.1144	0	0	
demographic.indicators47	0.0105	0.1018	0	0	0	493.8983	0	0	
demographic.indicators48	9.656E-3	0.0978	0	0	0	767.1517	0	0	
demographic.indicators49	5.8387E-3	0.0762	0	0	0	796.7376	0	0	
demographic.indicators50	0.017	0.1294	0	0	0	550.9097	0	0	
demographic.indicators51	3.3707E-3	0.058	0	0	0	1816.8915	0	0	
demographic.indicators52	6.7787E-3	0.0821	0	0	0	915.9968	0	0	
demographic.indicators53	3.8067E-3	0.0616	0	0	0	2357.5528	0	0	
demographic.indicators54	6.1213E-3	0.078	0	0	0	2042.2044	0	0	
demographic.indicators55	5.224E-3	0.0721	0	0	0	1381.3342	0	0	
demographic.indicators56	6.0573E-3	0.0776	0	0	0	639.5781	0	0	
demographic.indicators57	1.5133E-3	0.0389	0	0	0	6149.2871	0	0	
demographic.indicators58	7.436E-3	0.0859	0	0	0	719.4729	0	0	
demographic.indicators59	7.352E-3	0.0854	0	0	0	1056.1218	0	0	
demographic.indicators60	5.632E-3	0.0748	0	0	0	574.3053	0	0	
demographic.indicators61	8.056E-3	0.0894	0	0	0	943.6741	0	0	
demographic.indicators62	4.0107E-3	0.0632	0	0	0	2452.6006	0	0	
demographic.indicators63	0.0102	0.1005	0	0	0	390.7913	0	0	
demographic.indicators64	3.4667E-3	0.0588	0	0	0	1751.9357	0	0	
demographic.indicators65	0.0158	0.1247	0	0	0	467.3416	0	0	
demographic.indicators66	0.0111	0.1046	0	0	0	738.0282	0	0	
demographic.indicators67	3.5E-3	0.0591	0	0	0	2225.8806	0	0	
demographic.indicators68	0.0166	0.1277	0	0	0	410.6708	0	0	
demographic.indicators69	9.6333E-3	0.0977	0	0	0	793.4228	0	0	
demographic.indicators70	2.9627E-3	0.0543	0	0	0	3523.8331	0	0	
demographic.indicators71	3.4733E-3	0.0588	0	0	0	1759.4479	0	0	
demographic.indicators72	0.0116	0.1072	0	0	0	596.2231	0	0	
demographic.indicators73	0.0164	0.1269	0	0	0	346.1541	0	0	
demographic.indicators74	0.0106	0.1024	0	0	0	530.348	0	0	
demographic.indicators75	0.0144	0.1191	0	0	0	712.8889	0	0	
demographic.indicators76	8.464E-3	0.0916	0	0	0	770.9798	0	0	
demographic.indicators77	7.124E-3	0.0841	0	0	0	955.7517	0	0	
demographic.indicators78	5.516E-3	0.0741	0	0	0	489.9598	0	0	
demographic.indicators79	0.0143	0.1188	0	0	0	698.5961	0	0	
demographic.indicators80	6.6387E-3	0.0812	0	0	0	621.8599	0	0	
demographic.indicators81	4.864E-3	0.0696	0	0	0	1547.0043	0	0	
demographic.indicators82	0.0171	0.1297	0	0	0	418.9796	0	0	
demographic.indicators83	9.9667E-3	0.0993	0	0	0	815.0169	0	0	
demographic.indicators84	0.012	0.1089	0	0	0	559.28	0	0	
demographic.indicators85	5.9627E-3	0.077	0	0	0	761.5838	0	0	
demographic.indicators86	5.1653E-3	0.0717	0	0	0	744.8812	0	0	
demographic.indicators87	8.0733E-3	0.0895	0	0	0	590.2087	0	0	
demographic.indicators88	8.832E-3	0.0936	0	0	0	934.3156	0	0	
demographic.indicators89	1.7747E-3	0.0421	0	0	0	3462.6203	0	0	
demographic.indicators90	9.708E-3	0.098	0	0	0	607.862	0	0	
demographic.indicators91	0.0127	0.112	0	0	0	482.4111	0	0	
demographic.indicators92	8.1387E-3	0.0898	0	0	0	721.4233	0	0	
demographic.indicators93	0.0212	0.1441	0	0	0	414.2747	0	0	
demographic.indicators94	7.8253E-3	0.0881	0	0	0	677.6641	0	0	
demographic.indicators95	6.2853E-3	0.079	0	0	0	526.5867	0	0	
demographic.indicators96	4.6373E-3	0.0679	0	0	0	903.6465	0	0	
demographic.indicators97	0.0129	0.1126	0	0	0	478.3782	0	0	
demographic.indicators98	0.0112	0.1051	0	0	0	608.4056	0	0	
demographic.indicators99	7.2733E-3	0.085	0	0	0	1354.6156	0	0	
demographic.indicators100	0.021	0.1435	0	0	0	535.0168	0	0	
demographic.indicators101	0.011	0.1044	0	0	0	382.2544	0	0	
demographic.indicators102	8.152E-3	0.0899	0	0	0	738.2645	0	0	
demographic.indicators103	0.019	0.1365	0	0	0	480.3234	0	0	
demographic.indicators104	0.0161	0.1259	0	0	0	577.6714	0	0	
demographic.indicators105	0.0143	0.1189	0	0	0	531.7852	0	0	
demographic.indicators106	0.0157	0.1245	0	0	0	729.2777	0	0	
demographic.indicators107	5.3853E-3	0.0732	0	0	0	1606.1359	0	0	
demographic.indicators108	0.0204	0.1413	0	0	0	371.1885	0	0	
demographic.indicators109	0.0185	0.1347	0	0	0	344.6309	0	0	
demographic.indicators110	0.0129	0.1128	0	0	0	902.6594	0	0	
demographic.indicators111	5.0773E-3	0.0711	0	0	0	2148.5107	0	0	
demographic.indicators112	0.0159	0.1251	0	0	0	524.504	0	0	
demographic.indicators113	3.2453E-3	0.0569	0	0	0	1416.9613	0	0	
demographic.indicators114	9.0267E-3	0.0946	0	0	0	792.3366	0	0	
demographic.indicators115	7.844E-3	0.0882	0	0	0	655.7448	0	0	
demographic.indicators116	0.0108	0.1034	0	0	0	749.5328	0	0	
demographic.indicators117	4.9907E-3	0.0705	0	0	0	1061.294	0	0	
demographic.indicators118	6.7787E-3	0.0821	0	0	0	1508.7104	0	0	
demographic.indicators119	0.0125	0.111	0	0	0	396.6487	0	0	
demographic.indicators120	9.1667E-3	0.0953	0	0	0	1196.6071	0	0	
demographic.indicators121	8.9453E-3	0.0942	0	0	0	434.1387	0	0	
demographic.indicators122	8.5013E-3	0.0918	0	0	0	510.1598	0	0	
demographic.indicators123	0.0106	0.1025	0	0	0	1008.5255	0	0	
demographic.indicators124	9.3E-3	0.096	0	0	0	832.3103	0	0	
demographic.indicators125	9.1667E-3	0.0953	0	0	0	775.4417	0	0	
demographic.indicators126	8.348E-3	0.091	0	0	0	1133.7722	0	0	
demographic.indicators127	0.0108	0.1035	0	0	0	648.9438	0	0	
demographic.indicators128	0.0102	0.1003	0	0	0	671.1204	0	0	
demographic.indicators129	0.0185	0.1348	0	0	0	356.4467	0	0	
demographic.indicators130	0.0148	0.1206	0	0	0	363.493	0	0	
demographic.indicators131	0.0139	0.117	0	0	0	369.9819	0	0	
demographic.indicators132	9.244E-3	0.0957	0	0	0	810.9829	0	0	
demographic.indicators133	0.0104	0.1015	0	0	0	503.9238	0	0	
demographic.indicators134	0.0199	0.1396	0	0	0	371.5848	0	0	
demographic.indicators135	0.0176	0.1314	0	0	0	334.106	0	0	
demographic.indicators136	0.0102	0.1007	0	0	0	811.8353	0	0	
demographic.indicators137	8.884E-3	0.0938	0	0	0	1131.9085	0	0	
demographic.indicators138	0.012	0.1088	0	0	0	640.2226	0	0	
demographic.indicators139	9.8027E-3	0.0985	0	0	0	690.609	0	0	
demographic.indicators140	0.0154	0.123	0	0	0	433.6255	0	0	
demographic.indicators141	0.0153	0.1226	0	0	0	518.6009	0	0	
demographic.indicators142	0.0213	0.1444	0	0	0	356.3878	0	0	
demographic.indicators143	0.0108	0.1032	0	0	0	535.7369	0	0	
demographic.indicators144	9.1507E-3	0.0952	0	0	0	1136.2339	0	0	
demographic.indicators145	4.4467E-3	0.0665	0	0	0	1493.9001	0	0	
demographic.indicators146	5.6213E-3	0.0748	0	0	0	950.4351	0	0	
demographic.indicators147	0.0159	0.1249	0	0	0	609.0527	0	0	
demographic.indicators148	6.8453E-3	0.0825	0	0	0	1282.8987	0	0	
demographic.indicators149	7.816E-3	0.0881	0	0	0	1445.6644	0	0	
demographic.indicators150	0.0182	0.1337	0	0	0	666.113	0	0	
demographic.indicators151	9.8867E-3	0.0989	0	0	0	597.3272	0	0	
demographic.indicators152	0.0149	0.1213	0	0	0	418.2898	0	0	
demographic.indicators153	5.76E-3	0.0757	0	0	0	2593.1924	0	0	
demographic.indicators154	9.772E-3	0.0984	0	0	0	856.6357	0	0	
demographic.indicators155	0.018	0.1331	0	0	0	403.5785	0	0	
demographic.indicators156	0.0146	0.12	0	0	0	804.6218	0	0	
demographic.indicators157	7.9613E-3	0.0889	0	0	0	1297.6605	0	0	
demographic.indicators158	0.0109	0.1037	0	0	0	716.8375	0	0	
demographic.indicators159	0.0124	0.1105	0	0	0	886.3932	0	0	
demographic.indicators160	0.0137	0.1161	0	0	0	406.939	0	0	
demographic.indicators161	0.0158	0.1246	0	0	0	671.537	0	0	
demographic.indicators162	6.904E-3	0.0828	0	0	0	1270.6267	0	0	
demographic.indicators163	0.0166	0.128	0	0	0	401.0035	0	0	
demographic.indicators164	8.92E-3	0.094	0	0	0	494.3446	0	0	
demographic.indicators165	9.9307E-3	0.0992	0	0	0	829.9411	0	0	
demographic.indicators166	7.1813E-3	0.0844	0	0	0	956.5088	0	0	
demographic.indicators167	0.0122	0.1098	0	0	0	533.8934	0	0	
demographic.indicators168	0.0196	0.1386	0	0	0	413.2833	0	0	
demographic.indicators169	7.1867E-3	0.0845	0	0	0	1663.5292	0	0	
demographic.indicators170	4.676E-3	0.0682	0	0	0	2830.2622	0	0	
demographic.indicators171	0.0113	0.1056	0	0	0	653.6124	0	0	
demographic.indicators172	0.0112	0.1054	0	0	0	905.5463	0	0	
demographic.indicators173	0.0134	0.1151	0	0	0	792.9847	0	0	
demographic.indicators174	5.6907E-3	0.0752	0	0	0	3006.2364	0	0	
demographic.indicators175	0.0131	0.1139	0	0	0	1612.7405	0	0	
demographic.indicators176	9.052E-3	0.0947	0	0	0	973.5364	0	0	
demographic.indicators177	0.0101	0.1002	0	0	0	1016.1541	0	0	
demographic.indicators178	0.0103	0.1008	0	0	0	927.954	0	0	
demographic.indicators179	0.0121	0.1095	0	0	0	1687.3141	0	0	
demographic.indicators180	0.0281	0.1652	0	0	0	558.852	0	0	
demographic.indicators181	0.016	0.1256	0	0	0	991.2175	0	0	
demographic.indicators182	0.0175	0.1311	0	0	0	983.1085	0	0	
demographic.indicators183	0.0308	0.1727	0	0	0	408.2412	0	0	
demographic.indicators184	0.0139	0.1172	0	0	0	917.9302	0	0	
demographic.indicators185	0.0303	0.1713	0	0	0	454.3993	0	0	
demographic.indicators186	0.0261	0.1593	0	0	0	1002.3855	0	0	
demographic.indicators187	0.0256	0.1581	0	0	0	698.306	0	0	
demographic.indicators188	0.0282	0.1655	0	0	0	616.843	0	0	
demographic.indicators189	0.0348	0.1833	0	0	0	636.4932	0	0	
demographic.indicators190	0.0428	0.2023	0	0	0	534.6352	0	0	
demographic.indicators191	0.0339	0.1811	0	0	0	481.4836	0	0	
demographic.indicators192	0.0331	0.1789	0	0	0	647.2274	0	0	
demographic.indicators193	0.0475	0.2126	0	0	0	531.8459	0	0	
demographic.indicators194	0.0391	0.1939	0	0	0	606.2722	0	0	
demographic.indicators195	0.039	0.1936	0	0	0	887.4608	0	0	
demographic.indicators196	0.0558	0.2295	0	0	1	500.2785	0	0	
demographic.indicators197	0.0348	0.1832	0	0	0	645.0839	0	0	
demographic.indicators198	0.0521	0.2222	0	0	1	437.0427	0	0	
demographic.indicators199	0.0372	0.1893	0	0	0	456.1122	0	0	
kappa	2.3505	0.1574	2.345	2.0475	2.6601	14619.3619	2.2286	2.4392	
frequencies1	0.2701	0.0106	0.27	0.2492	0.2905	12339.8525	0.2624	0.2766	
frequencies2	0.2209	9.4829E-3	0.2208	0.2026	0.2398	7712.4465	0.2135	0.2264	
frequencies3	0.1794	8.6217E-3	0.1793	0.1624	0.1961	12375.5063	0.1734	0.1851	
frequencies4	0.3296	0.0114	0.3295	0.3072	0.3519	7773.1493	0.322	0.3374	
alpha	0.506	0.0426	0.5043	0.4258	0.5911	34867.023	0.4732	0.53	
default.ucld.mean	1.9451E-3	6.4346E-4	1.7904E-3	9.6216E-4	3.292E-3	244.139	1.2807E-3	1.9284E-3	
default.ucld.stdev	0.0237	0.019	0.0176	4.2637E-3	0.0596	310.728	7.4064E-3	0.0192	
host.ucld.mean	0.0288	0.0101	0.0273	0.013	0.0484	244.9657	0.0162	0.0295	
host.ucld.stdev	9.4546E-3	8.3102E-3	7.2945E-3	1.1019E-6	0.0255	947.9135	4.8588E-6	7.2961E-3	
default.meanRate	1.2709E-3	2.3962E-4	1.2331E-3	8.7477E-4	1.7545E-3	218.3825	9.989E-4	1.3115E-3	
default.coefficientOfVariation	3.3609	0.8108	3.1641	2.2414	5.1886	227.6904	2.7031	3.374	
default.covariance	0.1904	0.1095	0.1831	3.102E-3	0.4166	221.3302	0.1106	0.2493	
host.meanRate	0.0291	0.0103	0.0275	0.0128	0.049	247.7863	0.0159	0.0295	
host.coefficientOfVariation	0.3327	0.267	0.2706	1.1737E-5	0.8531	1061.9613	2.6777E-4	0.2708	
host.covariance	-0.0029	0.0501	-0.0037	-0.1	0.0962	19805.7039	-0.0374	0.03	
host.rates.Amaranthaceae.Brassicaceae	0.9198	0.9449	0.6194	3.6787E-6	2.7685	2205.6333	2.9201E-6	0.6194	
host.rates.Amaranthaceae.Fabaceae	0.9205	0.8802	0.6826	2.5145E-6	2.613	2531.717	2.5145E-6	0.6826	
host.rates.Amaranthaceae.Poaceae	1.006	0.8721	0.7903	7.5061E-5	2.6742	1499.8262	1.0877E-4	0.7903	
host.rates.Amaranthaceae.Solanaceae	1.0797	0.8456	0.8937	1.4652E-4	2.6755	900.4356	0.1733	1.0345	
host.rates.Brassicaceae.Fabaceae	0.8586	0.7991	0.6374	4.6878E-5	2.4127	2265.7419	0.0148	0.6496	
host.rates.Brassicaceae.Poaceae	0.9477	0.8883	0.6947	1.2398E-4	2.6881	2360.3675	4.799E-4	0.6949	
host.rates.Brassicaceae.Solanaceae	0.9851	0.795	0.8206	3.1484E-4	2.4649	1560.8697	0.0122	0.8305	
host.rates.Fabaceae.Poaceae	0.8895	0.9617	0.586	5.5256E-7	2.8057	1743.442	9.7786E-7	0.586	
host.rates.Fabaceae.Solanaceae	0.8387	0.8726	0.5648	1.6515E-5	2.5351	2886.1527	1.6648E-5	0.5648	
host.rates.Poaceae.Solanaceae	1.185	0.7736	1.0594	1.2303E-4	2.6101	1098.8248	0.377	1.2943	
host.rates.Brassicaceae.Amaranthaceae	0.9998	0.8804	0.7757	1.1842E-4	2.6913	1313.0322	2.314E-4	0.7757	
host.rates.Fabaceae.Amaranthaceae	0.8718	0.9329	0.559	4.3337E-5	2.6936	3132.5235	8.9342E-5	0.5591	
host.rates.Poaceae.Amaranthaceae	1.3736	0.7602	1.2792	1.3012E-4	2.7488	1227.5539	0.6997	1.6182	
host.rates.Solanaceae.Amaranthaceae	0.7927	0.8195	0.5422	1.4982E-5	2.4051	2919.3621	1.4982E-5	0.5422	
host.rates.Fabaceae.Brassicaceae	0.8345	0.917	0.5464	1.0193E-4	2.6151	3019.8794	6.3759E-4	0.5467	
host.rates.Poaceae.Brassicaceae	1.5075	0.7213	1.4083	0.2423	2.9482	1879.1465	0.7913	1.6741	
host.rates.Solanaceae.Brassicaceae	0.839	0.9024	0.5603	3.0562E-4	2.6528	3773.9151	1.4079E-4	0.5604	
host.rates.Poaceae.Fabaceae	1.3814	0.6938	1.281	0.1404	2.7651	1667.3302	0.744	1.5687	
host.rates.Solanaceae.Fabaceae	0.8541	0.8644	0.5824	5.7347E-5	2.5419	2765.598	1.3695E-3	0.5835	
host.rates.Solanaceae.Poaceae	0.9176	0.9151	0.64	1.2018E-5	2.8179	1415.8493	1.2018E-5	0.64	
host.indicators.Amaranthaceae.Brassicaceae	0.2286	0.4199	0	0	1	1246.5733	0	0	
host.indicators.Amaranthaceae.Fabaceae	0.3396	0.4736	0	0	1	540.6581	0	0	
host.indicators.Amaranthaceae.Poaceae	0.5098	0.4999	1	0	1	573.9487	1	1	
host.indicators.Amaranthaceae.Solanaceae	0.7087	0.4544	1	0	1	481.4261	1	1	
host.indicators.Brassicaceae.Fabaceae	0.4973	0.5	0	0	1	718.6164	0	0	
host.indicators.Brassicaceae.Poaceae	0.4427	0.4967	0	0	1	924.7612	0	0	
host.indicators.Brassicaceae.Solanaceae	0.6241	0.4843	1	0	1	482.3078	1	1	
host.indicators.Fabaceae.Poaceae	0.2677	0.4428	0	0	1	2303.2308	0	0	
host.indicators.Fabaceae.Solanaceae	0.3853	0.4867	0	0	1	1071.4235	0	0	
host.indicators.Poaceae.Solanaceae	0.8154	0.388	1	0	1	478.4342	1	1	
host.indicators.Brassicaceae.Amaranthaceae	0.5578	0.4966	1	0	1	557.033	1	1	
host.indicators.Fabaceae.Amaranthaceae	0.2421	0.4284	0	0	1	2046.0963	0	0	
host.indicators.Poaceae.Amaranthaceae	0.9068	0.2906	1	0	1	491.1018	1	1	
host.indicators.Solanaceae.Amaranthaceae	0.5206	0.4996	1	0	1	1096.8486	1	1	
host.indicators.Fabaceae.Brassicaceae	0.352	0.4776	0	0	1	1376.562	0	0	
host.indicators.Poaceae.Brassicaceae	0.9751	0.1559	1	1	1	407.148	1	1	
host.indicators.Solanaceae.Brassicaceae	0.292	0.4547	0	0	1	1704.0132	0	0	
host.indicators.Poaceae.Fabaceae	0.9534	0.2109	1	1	1	506.2497	1	1	
host.indicators.Solanaceae.Fabaceae	0.3514	0.4774	0	0	1	1260.7993	0	0	
host.indicators.Solanaceae.Poaceae	0.4446	0.4969	0	0	1	836.3468	0	0	
host.nonZeroRates	10.4152	2.2919	10	6	14	395.3667	7	10	
default.treeLikelihood	-7000.0502	14.4972	-6999.7671	-7028.5653	-6971.7399	611.6961	-7008.6647	-6989.1049	
default.branchRates	-2382.6079	0	0	0	0	NaN	0	0	
host.branchRates	-2382.6079	0	0	0	0	NaN	0	0	
c_host.count[1]	115.4579	10.0733	114	99	135	439.4318	103	116	
c_allTransitions[1]	115.45	10.0876	114	99	135	440.6626	103	116	
coalescent	-1195.3688	49.5045	-1198.4346	-1281.2401	-1097.0342	209.7411	-1244.9611	-1174.7863	

