burnIn   <= 25000000,   maxState  = 100000000
statistic	mean	stdErr	median	hpdLower	hpdUpper	ESS	50hpdLower	50hpdUpper
joint	-14405.2563	150.7096	-14403.6963	-14702.5866	-14126.2969	234.3685	-14505.6405	-14295.8134	
prior	-7083.896	153.6605	-7082.5003	-7397.7226	-6800.9332	229.7071	-7187.9331	-6976.0697	
likelihood	-7321.3603	20.3185	-7321.1789	-7361.4598	-7282.2863	509.8548	-7334.6831	-7307.0383	
treeModel.rootHeight	60.5821	17.5702	55.9101	34.1221	96.0275	229.1027	44.2031	59.8499	
age(root)	1961.4179	17.5702	1966.0899	1925.9725	1987.8779	229.1027	1962.1501	1977.7969	
treeLength	1534.8405	221.0161	1525.866	1136.0646	1946.0019	208.8307	1342.1043	1644.7957	
tmrca(ingroup)	60.5821	17.5702	55.9101	34.1221	96.0275	229.1027	44.2031	59.8499	
age(ingroup)	1961.4179	17.5702	1966.0899	1925.9725	1987.8779	229.1027	1962.1501	1977.7969	
demographic.populationSizeChanges	2.9527	0.8202	3	2	4	409.9956	3	3	
demographic.populationMean	99.7501	89.0701	74.1502	12.5268	266.0077	255.8886	24.3786	80.1489	
demographic.popSize1	69.4967	104.2017	28.7568	0.1076	267.5869	296.3847	0.6416	29.1763	
demographic.popSize2	97.643	156.3493	48.9272	0.0133	355.7772	856.9639	0.018	48.9399	
demographic.popSize3	97.7502	160.0101	46.2747	2.0878E-3	356.3367	762.506	2.6159E-3	46.2747	
demographic.popSize4	96.2286	151.7099	47.6515	2.8388E-3	348.1735	819.8981	0.0108	47.6515	
demographic.popSize5	96.9867	151.7499	47.6947	3.5132E-3	348.998	716.6616	6.7738E-3	47.6947	
demographic.popSize6	99.3561	162.2972	47.7265	3.8196E-3	362.0759	771.4809	0.0124	47.73	
demographic.popSize7	93.9771	155.7769	44.4972	0.0142	348.3526	755.6299	0.0244	44.5033	
demographic.popSize8	95.133	174.4987	44.1603	0.0185	348.9067	787.8709	0.0159	44.1669	
demographic.popSize9	99.122	177.0549	45.2021	3.2575E-3	359.7512	714.1868	8.431E-3	45.2021	
demographic.popSize10	97.9348	159.8074	47.4561	8.9267E-3	350.7471	711.9817	0.0197	47.4593	
demographic.popSize11	92.9328	165.1092	44.3045	4.6572E-3	333.5292	742.5633	1.5287E-3	44.3045	
demographic.popSize12	98.8368	165.772	48.4953	4.4232E-3	352.8649	768.5668	4.4232E-3	48.497	
demographic.popSize13	97.3723	156.051	47.3444	7.9339E-3	351.7322	742.4127	0.02	47.3451	
demographic.popSize14	94.2711	151.1475	46.1097	1.5252E-3	334.3192	846.3693	0.0564	46.149	
demographic.popSize15	97.7482	164.1135	46.1751	6.0342E-3	351.6253	722.2091	6.0342E-3	46.1751	
demographic.popSize16	95.826	145.0906	48.4768	0.0102	348.1883	759.3954	0.0304	48.4768	
demographic.popSize17	99.3326	164.2874	48.6466	5.8971E-4	361.3321	746.6693	5.8971E-4	48.6466	
demographic.popSize18	96.8377	166.6054	45.386	2.4829E-3	351.0594	775.9125	0.0636	45.4281	
demographic.popSize19	98.9356	154.1603	48.2651	4.287E-3	355.2549	757.7103	4.5843E-3	48.2651	
demographic.popSize20	95.7837	147.2317	48.2636	1.3918E-4	339.6831	803.1779	1.3918E-4	48.2636	
demographic.popSize21	98.1017	153.2475	48.9018	6.6529E-3	353.1517	727.6636	0.0445	48.9298	
demographic.popSize22	100.1054	152.3433	50.3312	3.636E-4	368.4362	797.8722	3.636E-4	50.3312	
demographic.popSize23	98.2393	153.0488	50.9554	7.9063E-4	342.2976	773.3507	0.0627	50.9826	
demographic.popSize24	99.0154	156.7359	49.1896	4.5643E-3	347.3687	745.5051	4.5643E-3	49.1896	
demographic.popSize25	103.8765	170.4788	51.4633	5.2935E-4	360.0287	782.2327	0.0142	51.4761	
demographic.popSize26	98.6969	157.3233	48.842	5.2978E-3	351.2838	765.6542	0.0301	48.8477	
demographic.popSize27	99.3778	161.3147	49.5199	1.5422E-3	350.7833	730.8725	7.3835E-3	49.5199	
demographic.popSize28	103.2625	175.064	51.0685	4.8564E-4	362.5936	789.1937	0.0232	51.0909	
demographic.popSize29	98.8793	149.0288	51.5473	0.0121	352.9155	777.5034	2.2725E-3	51.5473	
demographic.popSize30	101.0845	157.3987	51.4018	9.3151E-3	362.0954	778.815	3.9949E-4	51.4018	
demographic.popSize31	99.3244	160.4127	48.9633	3.8458E-4	348.6456	801.7628	3.8458E-4	48.9633	
demographic.popSize32	101.7958	166.7293	50.7329	2.6725E-3	361.7013	743.3656	0.0107	50.7332	
demographic.popSize33	99.0677	153.5682	49.2567	6.1164E-4	349.4288	786.9478	0.0364	49.2707	
demographic.popSize34	99.4448	150.5325	51.5254	6.4896E-3	355.192	808.7514	0.0277	51.5372	
demographic.popSize35	102.2269	168.9058	50.7242	8.536E-3	354.851	846.595	0.0241	50.7258	
demographic.popSize36	99.3176	155.1849	49.4611	0.0122	352.5252	828.9456	2.2507E-3	49.4611	
demographic.popSize37	100.96	165.7955	49.346	0.0391	365.1018	744.5727	0.0658	49.3698	
demographic.popSize38	99.6164	158.2091	48.7501	5.4458E-3	355.8815	831.9954	0.0247	48.7557	
demographic.popSize39	98.1604	149.1534	48.9708	5.0858E-3	354.2279	823.1675	5.1346E-3	48.9708	
demographic.popSize40	104.4978	179.4686	51.045	5.2403E-4	364.3058	792.8717	8.1432E-3	51.0519	
demographic.popSize41	98.1945	153.9844	50.3047	3.5564E-4	344.8763	830.7691	5.5581E-3	50.3096	
demographic.popSize42	101.9682	154.1083	52.1752	6.0665E-3	359.6746	772.8252	0.0118	52.1807	
demographic.popSize43	101.311	162.4789	50.8821	5.0032E-3	361.5847	746.5613	5.0032E-3	50.8821	
demographic.popSize44	100.1567	160.5614	50.4337	6.7595E-4	355.3464	704.2934	0.087	50.5101	
demographic.popSize45	100.0135	153.2928	49.493	8.6636E-5	367.2896	717.5075	9.3427E-4	49.493	
demographic.popSize46	99.3953	161.2021	49.7749	1.229E-3	348.8039	753.2486	6.7104E-4	49.7749	
demographic.popSize47	100.1504	158.712	50.1281	0.0105	354.1192	776.5946	0.0215	50.1306	
demographic.popSize48	100.6922	160.462	51.4908	2.2181E-3	360.3451	828.5474	0.0275	51.5043	
demographic.popSize49	100.9909	160.372	50.035	6.6302E-3	360.7016	783.4117	6.6302E-3	50.035	
demographic.popSize50	98.629	151.5201	50.0716	1.3522E-4	341.6543	768.6091	3.9542E-3	50.0727	
demographic.popSize51	99.6713	154.8113	51.1459	4.8882E-3	351.8704	832.3559	2.8961E-3	51.1459	
demographic.popSize52	100.3603	153.0538	50.4685	1.8733E-3	363.3105	727.0328	0.0114	50.4685	
demographic.popSize53	98.3897	156.5325	49.0998	8.8053E-3	346.8005	778.5741	6.5498E-4	49.0998	
demographic.popSize54	101.7939	166.2743	51.8805	6.7848E-3	355.8635	794.6161	0.0193	51.8881	
demographic.popSize55	98.8177	160.0831	49.4792	1.3004E-3	344.8698	771.8886	1.3004E-3	49.4792	
demographic.popSize56	99.9224	155.8006	50.8749	0.0101	349.5963	711.5908	2.5393E-3	50.8749	
demographic.popSize57	97.5707	153.1115	49.9484	1.4363E-3	343.8137	791.2339	1.4363E-3	49.9484	
demographic.popSize58	101.638	157.574	51.9008	3.8817E-3	369.3412	749.093	0.0116	51.9008	
demographic.popSize59	101.1714	160.9219	51.6959	6.6243E-3	359.5611	709.1131	6.6243E-3	51.6959	
demographic.popSize60	100.384	156.0298	51.2145	4.2905E-3	355.5083	849.7011	0.0267	51.2338	
demographic.popSize61	99.1556	155.8778	49.6046	0.018	356.7853	713.342	0.018	49.6113	
demographic.popSize62	100.7676	157.0655	50.5265	9.0821E-3	360.8914	733.9631	0.0103	50.5274	
demographic.popSize63	97.835	161.0151	49.5219	6.6225E-3	344.9979	757.8348	7.5165E-4	49.5219	
demographic.popSize64	99.4517	167.6224	49.5496	8.8193E-3	353.9428	855.2035	0.0151	49.557	
demographic.popSize65	100.7575	155.5216	52.1042	0.0105	356.442	792.7665	2.3177E-3	52.1042	
demographic.popSize66	99.0949	160.0293	50.782	1.7635E-3	349.1887	798.5861	0.0182	50.784	
demographic.popSize67	101.1884	157.0241	49.7269	7.1268E-3	353.5153	764.0846	6.6753E-3	49.7269	
demographic.popSize68	100.9429	161.8979	50.1899	8.9363E-3	362.7503	825.5609	7.7394E-3	50.1899	
demographic.popSize69	100.3574	152.6627	50.6406	7.4187E-3	359.2584	756.5501	0.016	50.6454	
demographic.popSize70	99.8492	155.9294	49.0665	1.7317E-3	366.5474	831.2178	0.0435	49.0799	
demographic.popSize71	101.1343	156.8096	51.3582	0.0102	356.2202	772.8762	0.0179	51.3582	
demographic.popSize72	100.4367	167.8242	50.3271	1.565E-3	355.7213	829.7044	1.565E-3	50.3271	
demographic.popSize73	100.97	180.6709	49.6981	2.5764E-4	355.7321	725.0132	0.0176	49.7085	
demographic.popSize74	102.3939	166.3424	51.4413	3.9116E-3	360.5827	721.3673	0.1087	51.5443	
demographic.popSize75	99.0994	156.4837	49.4339	3.9732E-3	356.6585	835.9901	0.0101	49.4339	
demographic.popSize76	98.8865	149.4258	51.426	0.0118	346.9227	799.8307	0.0188	51.4293	
demographic.popSize77	99.4765	153.1624	49.2936	1.0766E-3	363.3166	764.5182	0.0566	49.3195	
demographic.popSize78	101.8737	166.412	51.5947	4.5331E-3	362.2241	781.6579	2.8782E-3	51.5947	
demographic.popSize79	100.3923	155.9665	50.7033	7.6404E-3	358.7918	748.027	7.6404E-3	50.7033	
demographic.popSize80	100.9935	156.8578	50.8509	3.7705E-3	362.697	778.4655	3.7705E-3	50.8509	
demographic.popSize81	99.9708	154.7545	51.9697	0.0131	349.4579	841.6304	0.0103	51.9697	
demographic.popSize82	100.2335	153.1904	50.1946	3.3632E-4	371.0879	761.514	3.7181E-3	50.1946	
demographic.popSize83	100.9704	163.583	50.402	0.0106	356.6669	772.1794	0.0423	50.4266	
demographic.popSize84	98.6572	154.7301	48.5606	2.6056E-3	349.8265	740.0615	2.6056E-3	48.5606	
demographic.popSize85	101.6741	159.1946	51.4931	0.0199	364.1456	733.4895	0.0241	51.4944	
demographic.popSize86	99.656	154.1869	49.7929	0.0197	362.1486	791.4366	0.0565	49.832	
demographic.popSize87	99.5276	153.9533	51.7807	0.0153	356.6255	862.4273	0.0153	51.7807	
demographic.popSize88	101.2093	163.7851	50.9642	4.0954E-3	359.7163	797.7699	0.0353	50.9881	
demographic.popSize89	98.668	143.0358	50.4996	4.8846E-4	359.8842	782.5064	0.088	50.5417	
demographic.popSize90	102.2781	178.774	50.329	8.4633E-3	364.2772	741.5786	8.4633E-3	50.329	
demographic.popSize91	99.0154	149.7268	50.1532	4.5366E-4	354.7477	765.5929	4.5366E-4	50.1532	
demographic.popSize92	97.8235	158.2237	50.2837	3.6081E-3	342.9644	847.232	3.6081E-3	50.2837	
demographic.popSize93	101.4573	160.4892	52.5327	8.3262E-3	349.7553	814.2626	8.3262E-3	52.5327	
demographic.popSize94	99.5284	157.2017	50.656	1.6147E-3	349.4116	743.3884	0.0157	50.6664	
demographic.popSize95	98.574	155.9204	49.9866	2.7954E-3	354.9691	842.9031	2.7954E-3	49.9866	
demographic.popSize96	100.5619	158.2942	50.4149	1.8048E-3	357.054	757.3256	0.0138	50.4201	
demographic.popSize97	99.4294	159.3373	50.011	0.0142	353.2145	761.5193	0.0329	50.0146	
demographic.popSize98	100.4507	158.2903	49.3064	8.9899E-3	353.8942	773.1896	8.9899E-3	49.3064	
demographic.popSize99	99.9775	158.7447	50.7914	9.5906E-4	343.7562	802.1063	3.8749E-3	50.7916	
demographic.popSize100	98.829	160.5928	50.2141	2.7462E-3	349.8795	914.4141	2.7462E-3	50.2141	
demographic.popSize101	103.3128	160.0166	51.4505	6.3254E-3	373.3574	611.7061	0.0143	51.4526	
demographic.popSize102	99.9191	159.1847	50.2744	1.6855E-3	353.8376	794.5706	4.0992E-3	50.2744	
demographic.popSize103	105.4027	166.8731	52.1249	0.0107	380.6949	685.5233	0.0107	52.1249	
demographic.popSize104	102.1961	169.5789	49.3503	4.0073E-3	364.9771	822.8834	4.0073E-3	49.3503	
demographic.popSize105	100.1892	167.1543	50.0267	1.8301E-3	360.3002	752.672	0.0227	50.0414	
demographic.popSize106	99.7548	153.9694	50.4295	9.4498E-3	357.8959	784.9068	1.4054E-3	50.4295	
demographic.popSize107	107.2728	169.2316	52.3304	4.7765E-3	411.7229	569.4427	0.0124	52.3304	
demographic.popSize108	102.4872	159.9885	50.9616	5.6664E-3	362.9231	777.7289	9.8448E-3	50.962	
demographic.popSize109	96.7488	144.8072	50.3507	7.6959E-4	337.4633	892.1797	7.6959E-4	50.3507	
demographic.popSize110	102.2573	170.5605	50.79	1.3399E-3	361.0041	696.6048	0.0109	50.7963	
demographic.popSize111	102.5307	165.7457	50.8838	5.8951E-3	357.3727	745.1154	5.8951E-3	50.8838	
demographic.popSize112	97.8912	151.7757	49.5581	5.3015E-3	350.793	744.0826	0.1325	49.6719	
demographic.popSize113	104.9129	169.8579	49.9775	4.823E-3	389.9852	604.7537	4.823E-3	49.9775	
demographic.popSize114	100.4335	162.2149	50.8976	1.5499E-3	358.5214	767.5306	5.1901E-3	50.8976	
demographic.popSize115	105.4784	172.7682	52.1212	9.6619E-3	392.4851	628.4038	9.6619E-3	52.1212	
demographic.popSize116	100.0643	158.6641	49.3234	8.5253E-3	369.8328	821.6512	0.0116	49.3234	
demographic.popSize117	99.3388	150.1941	49.1917	9.0438E-3	368.4113	718.5848	9.0438E-3	49.1917	
demographic.popSize118	99.7272	161.3271	49.6081	6.0245E-3	361.8037	763.5587	5.401E-3	49.6081	
demographic.popSize119	98.8328	151.5329	49.5592	5.5377E-3	349.6901	752.4075	3.0899E-3	49.5592	
demographic.popSize120	101.4852	165.2905	50.7216	1.1255E-3	357.2307	784.7474	4.202E-3	50.7216	
demographic.popSize121	99.2607	153.7947	49.7023	2.6946E-3	360.024	749.8867	0.0368	49.7127	
demographic.popSize122	99.5991	158.6294	49.8793	1.7404E-3	352.4615	754.7602	1.7404E-3	49.8793	
demographic.popSize123	99.1242	164.1184	48.4623	3.5569E-3	357.0307	835.2811	2.1107E-3	48.4623	
demographic.popSize124	99.0921	149.2424	50.0559	5.1563E-3	342.9727	766.4122	5.1563E-3	50.0559	
demographic.popSize125	100.7879	165.0123	50.262	8.2405E-3	356.9776	770.4318	0.0284	50.2725	
demographic.popSize126	100.7852	166.3621	49.875	7.8521E-3	363.7491	818.2496	0.0132	49.875	
demographic.popSize127	99.3536	157.6364	49.9573	8.0004E-3	353.7103	823.7062	0.0684	50.0016	
demographic.popSize128	96.3131	148.0777	49.7762	0.0102	335.7791	801.1804	0.0102	49.7762	
demographic.popSize129	99.2899	155.2666	50.1921	0.0123	356.0652	743.9854	1.5262E-3	50.1921	
demographic.popSize130	101.9261	165.623	50.3886	4.7838E-3	369.717	766.0651	4.7838E-3	50.3886	
demographic.popSize131	102.1361	157.614	50.2398	7.9075E-3	370.9915	761.5776	8.2074E-3	50.2407	
demographic.popSize132	101.9083	176.1499	49.0742	2.3068E-3	360.7904	805.9633	2.3068E-3	49.0742	
demographic.popSize133	99.6218	160.6793	49.7547	1.6409E-3	354.3247	738.7885	1.6409E-3	49.7547	
demographic.popSize134	98.7154	157.7972	49.7667	0.0117	351.4441	799.9229	7.9706E-3	49.7679	
demographic.popSize135	99.0532	157.2423	49.2382	0.0115	361.3879	829.5015	0.0538	49.2612	
demographic.popSize136	99.0455	158.1059	49.3451	3.8879E-4	357.8388	825.9667	7.4381E-3	49.3451	
demographic.popSize137	101.5208	175.8476	50.0713	1.4749E-3	364.8471	820.9651	1.4749E-3	50.0713	
demographic.popSize138	102.2547	162.9128	50.225	3.4536E-3	366.3593	718.0854	3.4536E-3	50.225	
demographic.popSize139	99.2308	155.1963	49.0222	2.9385E-3	360.7563	817.335	8.0746E-4	49.0222	
demographic.popSize140	99.8373	158.248	49.7178	3.977E-4	363.0662	736.0344	3.977E-4	49.7178	
demographic.popSize141	98.0712	156.4597	47.8113	1.9938E-3	353.6433	758.3147	6.8134E-3	47.8142	
demographic.popSize142	99.6438	156.4035	50.6727	0.0113	355.5811	763.091	3.2063E-3	50.6727	
demographic.popSize143	99.6106	155.8032	50.2103	2.9252E-3	352.9226	738.8722	9.9784E-3	50.2158	
demographic.popSize144	101.1448	159.4868	49.2431	0.0218	366.7505	714.1844	0.061	49.2772	
demographic.popSize145	97.7408	146.8916	50.5849	3.3853E-3	348.972	857.2719	3.3853E-3	50.5849	
demographic.popSize146	99.7805	170.5398	49.5199	2.9406E-3	355.3373	811.1342	0.013	49.5238	
demographic.popSize147	100.9171	172.7909	50.3925	0.0107	362.98	781.372	0.0311	50.3939	
demographic.popSize148	97.6721	152.134	48.2079	0.0104	347.2964	805.5952	4.7557E-4	48.2079	
demographic.popSize149	98.8922	153.7143	49.6662	2.5025E-3	352.5211	779.6979	2.7122E-3	49.6662	
demographic.popSize150	100.6169	177.5877	49.2966	5.7678E-4	357.1248	809.2312	5.7678E-4	49.2968	
demographic.popSize151	99.3121	158.967	50.4111	6.8703E-3	352.0988	771.4242	0.0225	50.424	
demographic.popSize152	99.3245	161.4057	49.0401	4.9433E-3	351.8679	761.5093	0.0155	49.0419	
demographic.popSize153	98.8618	157.6461	49.9037	1.0822E-3	344.1086	802.8228	1.0822E-3	49.9037	
demographic.popSize154	100.7605	158.5418	49.933	0.0169	357.5656	763.2779	0.0169	49.938	
demographic.popSize155	98.8812	153.8026	48.975	6.1215E-3	357.1187	759.4977	6.1215E-3	48.9776	
demographic.popSize156	99.9389	157.9419	49.7441	3.7909E-3	363.9748	761.71	3.7909E-3	49.7441	
demographic.popSize157	99.3909	158.4108	49.2688	4.6329E-4	349.2086	775.5935	2.7104E-3	49.2688	
demographic.popSize158	100.5911	162.7875	49.3129	1.4971E-3	358.2932	782.4391	0.0148	49.3129	
demographic.popSize159	100.4572	161.3841	50.1119	5.0076E-3	354.8237	765.8511	8.046E-4	50.1119	
demographic.popSize160	98.4924	166.534	49.7511	0.023	345.9474	880.9755	0.023	49.7513	
demographic.popSize161	97.5454	161.0052	48.6283	6.9547E-3	340.7613	817.6592	6.9547E-3	48.6283	
demographic.popSize162	100.9481	163.597	49.3694	1.9003E-3	365.9477	770.4209	0.0103	49.3694	
demographic.popSize163	97.8989	154.029	48.4225	1.3419E-3	352.502	789.0522	0.0395	48.4302	
demographic.popSize164	100.6078	156.1479	50.2479	0.013	365.6437	738.2329	0.0174	50.2479	
demographic.popSize165	100.3227	164.1321	48.9304	9.5638E-3	358.6972	769.235	9.5638E-3	48.9318	
demographic.popSize166	95.8787	150.7033	48.4004	0.0182	340.1011	857.4268	0.0351	48.4045	
demographic.popSize167	101.7152	175.0412	50.3651	3.7466E-3	358.1122	808.8975	0.0129	50.3659	
demographic.popSize168	99.4894	161.6422	47.9051	1.3109E-4	357.2585	781.2005	0.0507	47.946	
demographic.popSize169	99.0541	182.5339	49.1661	3.8185E-4	342.9165	924.0728	0.0103	49.1701	
demographic.popSize170	100.506	160.106	49.6884	9.5437E-3	361.7433	798.5195	9.5437E-3	49.6884	
demographic.popSize171	98.6701	166.9108	48.7771	8.6009E-4	348.3537	825.3407	0.0568	48.8087	
demographic.popSize172	98.4926	155.7166	49.4074	5.5971E-3	344.9741	760.2335	7.6685E-3	49.4078	
demographic.popSize173	97.8454	159.2416	48.9631	1.4328E-4	345.2572	841.7686	1.4328E-4	48.9631	
demographic.popSize174	98.6181	155.8663	48.2483	4.1533E-3	364.3316	784.2391	4.1533E-3	48.2483	
demographic.popSize175	99.2183	162.5074	48.4632	1.7614E-3	361.6941	783.2054	0.0566	48.4842	
demographic.popSize176	99.2786	167.467	48.3213	2.9928E-3	350.2592	741.7147	2.9928E-3	48.3213	
demographic.popSize177	97.943	148.9793	49.1019	1.1531E-3	350.5183	741.1382	0.0354	49.1296	
demographic.popSize178	100.0788	166.2042	48.6183	3.7989E-3	355.8538	751.0905	0.0113	48.6185	
demographic.popSize179	97.9741	162.9562	48.5966	4.293E-5	351.6833	767.073	4.293E-5	48.5966	
demographic.popSize180	98.9512	157.2927	48.3094	0.0108	351.8799	762.7935	0.0108	48.3094	
demographic.popSize181	98.5856	169.0391	47.4692	2.983E-4	348.3388	672.0857	0.0504	47.5081	
demographic.popSize182	99.4636	158.2555	48.7142	2.0182E-3	358.7496	767.361	2.0182E-3	48.7142	
demographic.popSize183	97.6475	157.7719	47.9847	4.939E-3	349.9217	785.5883	0.0296	47.9935	
demographic.popSize184	99.4773	159.7169	47.7549	1.2859E-3	366.2535	731.9388	1.2859E-3	47.7549	
demographic.popSize185	99.4705	165.6237	48.978	3.7369E-3	354.2434	721.905	3.7369E-3	48.978	
demographic.popSize186	100.4361	171.3865	49.0486	0.013	353.7824	769.6525	0.0135	49.0486	
demographic.popSize187	99.0291	167.5747	47.1662	1.3213E-4	353.9207	828.6865	0.0314	47.1884	
demographic.popSize188	93.9274	152.858	45.8643	4.1404E-3	337.114	769.3132	0.0242	45.8796	
demographic.popSize189	99.3325	160.417	48.85	4.9526E-3	356.1967	784.1026	0.019	48.8611	
demographic.popSize190	97.2435	154.7097	47.5653	5.017E-3	349.6924	772.9701	5.017E-3	47.5653	
demographic.popSize191	95.0421	154.8768	45.0987	3.2816E-3	347.1124	739.2511	0.0539	45.145	
demographic.popSize192	99.6712	168.1318	47.4635	2.4241E-3	362.6187	730.4792	2.4241E-3	47.4635	
demographic.popSize193	93.525	149.7577	43.3241	5.2067E-3	352.3851	822.9618	5.2067E-3	43.3241	
demographic.popSize194	96.2978	155.9654	45.4532	8.9968E-3	350.7648	737.4853	0.0194	45.4543	
demographic.popSize195	91.5959	148.3815	43.7761	6.5744E-3	337.1247	717.9426	6.5744E-3	43.7761	
demographic.popSize196	95.3019	155.8202	44.3198	1.6911E-3	356.3528	741.3093	8.2442E-4	44.3198	
demographic.popSize197	96.0155	157.4695	44.4314	0.0154	360.5583	733.744	0.0476	44.454	
demographic.popSize198	95.5478	155.5324	45.0299	6.3221E-3	357.3738	723.5108	8.7057E-3	45.0305	
demographic.popSize199	93.1962	148.79	43.7987	1.1673E-3	356.7159	701.0024	1.1673E-3	43.7987	
demographic.popSize200	95.2056	153.8402	46.8415	5.7938E-3	350.315	767.9651	5.7938E-3	46.8415	
demographic.indicators1	6.6453E-3	0.0812	0	0	0	1052.4164	0	0	
demographic.indicators2	0.0329	0.1783	0	0	0	453.2018	0	0	
demographic.indicators3	0.0259	0.1589	0	0	0	936.9309	0	0	
demographic.indicators4	0.0234	0.1513	0	0	0	683.3538	0	0	
demographic.indicators5	0.0259	0.1589	0	0	0	628.8687	0	0	
demographic.indicators6	0.0494	0.2167	0	0	0	310.9646	0	0	
demographic.indicators7	0.0455	0.2083	0	0	0	380.0985	0	0	
demographic.indicators8	0.0456	0.2086	0	0	0	383.8916	0	0	
demographic.indicators9	0.029	0.1678	0	0	0	416.6331	0	0	
demographic.indicators10	0.0599	0.2374	0	0	1	365.9377	0	0	
demographic.indicators11	0.026	0.1592	0	0	0	809.8088	0	0	
demographic.indicators12	0.0293	0.1685	0	0	0	489.6879	0	0	
demographic.indicators13	0.0398	0.1955	0	0	0	303.2149	0	0	
demographic.indicators14	0.0318	0.1754	0	0	0	364.5311	0	0	
demographic.indicators15	0.0304	0.1717	0	0	0	483.3737	0	0	
demographic.indicators16	0.0128	0.1123	0	0	0	1778.7011	0	0	
demographic.indicators17	0.0447	0.2067	0	0	0	290.9073	0	0	
demographic.indicators18	0.0229	0.1497	0	0	0	536.9905	0	0	
demographic.indicators19	0.0231	0.1502	0	0	0	466.3632	0	0	
demographic.indicators20	0.0105	0.1019	0	0	0	1486.6349	0	0	
demographic.indicators21	0.0255	0.1576	0	0	0	352.3107	0	0	
demographic.indicators22	0.021	0.1432	0	0	0	442.5735	0	0	
demographic.indicators23	0.0162	0.1261	0	0	0	416.9566	0	0	
demographic.indicators24	0.0245	0.1545	0	0	0	299.9493	0	0	
demographic.indicators25	0.024	0.1532	0	0	0	311.6988	0	0	
demographic.indicators26	3.7133E-3	0.0608	0	0	0	2183.8586	0	0	
demographic.indicators27	0.016	0.1253	0	0	0	395.9712	0	0	
demographic.indicators28	0.0173	0.1305	0	0	0	403.4849	0	0	
demographic.indicators29	0.0163	0.1265	0	0	0	688.2035	0	0	
demographic.indicators30	7.5467E-3	0.0865	0	0	0	1146.0772	0	0	
demographic.indicators31	0.0112	0.1051	0	0	0	523.4836	0	0	
demographic.indicators32	9.7467E-3	0.0982	0	0	0	725.1552	0	0	
demographic.indicators33	0.0132	0.1141	0	0	0	516.2371	0	0	
demographic.indicators34	0.0291	0.1682	0	0	0	377.8803	0	0	
demographic.indicators35	0.0148	0.1207	0	0	0	442.5549	0	0	
demographic.indicators36	6.6867E-3	0.0815	0	0	0	1355.6532	0	0	
demographic.indicators37	0.0111	0.1047	0	0	0	686.3328	0	0	
demographic.indicators38	5.9187E-3	0.0767	0	0	0	2111.3554	0	0	
demographic.indicators39	0.0125	0.1112	0	0	0	368.9841	0	0	
demographic.indicators40	6.9347E-3	0.083	0	0	0	1077.0085	0	0	
demographic.indicators41	0.0185	0.1349	0	0	0	484.1474	0	0	
demographic.indicators42	5.5533E-3	0.0743	0	0	0	557.9898	0	0	
demographic.indicators43	4.012E-3	0.0632	0	0	0	1951.5092	0	0	
demographic.indicators44	2.8547E-3	0.0534	0	0	0	2699.0614	0	0	
demographic.indicators45	8.196E-3	0.0902	0	0	0	392.3894	0	0	
demographic.indicators46	7.372E-3	0.0855	0	0	0	1327.5376	0	0	
demographic.indicators47	0.0144	0.1192	0	0	0	438.8705	0	0	
demographic.indicators48	8.2907E-3	0.0907	0	0	0	776.46	0	0	
demographic.indicators49	6.2667E-3	0.0789	0	0	0	1014.3402	0	0	
demographic.indicators50	6.9453E-3	0.083	0	0	0	798.0065	0	0	
demographic.indicators51	7.212E-3	0.0846	0	0	0	785.5564	0	0	
demographic.indicators52	3.456E-3	0.0587	0	0	0	2568.0599	0	0	
demographic.indicators53	0.0114	0.106	0	0	0	755.9078	0	0	
demographic.indicators54	3.8547E-3	0.062	0	0	0	941.2694	0	0	
demographic.indicators55	0.0117	0.1076	0	0	0	367.4895	0	0	
demographic.indicators56	0.0135	0.1154	0	0	0	676.7335	0	0	
demographic.indicators57	6.1213E-3	0.078	0	0	0	1273.0379	0	0	
demographic.indicators58	0.0135	0.1154	0	0	0	505.6524	0	0	
demographic.indicators59	0.0135	0.1156	0	0	0	531.5146	0	0	
demographic.indicators60	7.3467E-3	0.0854	0	0	0	1067.3618	0	0	
demographic.indicators61	4.22E-3	0.0648	0	0	0	2170.6697	0	0	
demographic.indicators62	3.7907E-3	0.0615	0	0	0	1050.6021	0	0	
demographic.indicators63	3.0533E-3	0.0552	0	0	0	1697.8728	0	0	
demographic.indicators64	0.014	0.1174	0	0	0	608.7554	0	0	
demographic.indicators65	4.2613E-3	0.0651	0	0	0	2432.5702	0	0	
demographic.indicators66	0.0116	0.1069	0	0	0	453.7273	0	0	
demographic.indicators67	5.956E-3	0.0769	0	0	0	1238.751	0	0	
demographic.indicators68	5.9187E-3	0.0767	0	0	0	970.142	0	0	
demographic.indicators69	5.3373E-3	0.0729	0	0	0	1767.593	0	0	
demographic.indicators70	9.9253E-3	0.0991	0	0	0	570.1844	0	0	
demographic.indicators71	0.0126	0.1114	0	0	0	880.3725	0	0	
demographic.indicators72	7.4427E-3	0.0859	0	0	0	744.3509	0	0	
demographic.indicators73	0.0143	0.1185	0	0	0	616.5655	0	0	
demographic.indicators74	7.4467E-3	0.086	0	0	0	807.0441	0	0	
demographic.indicators75	8.8187E-3	0.0935	0	0	0	798.3276	0	0	
demographic.indicators76	3.7373E-3	0.061	0	0	0	1741.5434	0	0	
demographic.indicators77	6.368E-3	0.0795	0	0	0	1062.3266	0	0	
demographic.indicators78	8.1893E-3	0.0901	0	0	0	913.5299	0	0	
demographic.indicators79	8.8747E-3	0.0938	0	0	0	480.7405	0	0	
demographic.indicators80	9.516E-3	0.0971	0	0	0	454.1269	0	0	
demographic.indicators81	4.404E-3	0.0662	0	0	0	1533.0334	0	0	
demographic.indicators82	5.5613E-3	0.0744	0	0	0	1002.4973	0	0	
demographic.indicators83	1.568E-3	0.0396	0	0	0	6086.0335	0	0	
demographic.indicators84	0.011	0.1043	0	0	0	719.1115	0	0	
demographic.indicators85	7.7253E-3	0.0876	0	0	0	1961.7791	0	0	
demographic.indicators86	0.012	0.1091	0	0	0	796.4481	0	0	
demographic.indicators87	4.1227E-3	0.0641	0	0	0	1356.3184	0	0	
demographic.indicators88	0.0137	0.1163	0	0	0	482.8588	0	0	
demographic.indicators89	0.0116	0.1072	0	0	0	301.0773	0	0	
demographic.indicators90	7.2867E-3	0.0851	0	0	0	1473.113	0	0	
demographic.indicators91	3.4E-3	0.0582	0	0	0	3141.8438	0	0	
demographic.indicators92	0.0141	0.1181	0	0	0	317.6319	0	0	
demographic.indicators93	5.744E-3	0.0756	0	0	0	1725.6196	0	0	
demographic.indicators94	0.0107	0.1027	0	0	0	952.6144	0	0	
demographic.indicators95	0.0182	0.1338	0	0	0	427.0056	0	0	
demographic.indicators96	9.0707E-3	0.0948	0	0	0	472.7838	0	0	
demographic.indicators97	6.7947E-3	0.0821	0	0	0	1229.1918	0	0	
demographic.indicators98	0.0108	0.1035	0	0	0	620.7608	0	0	
demographic.indicators99	0.0134	0.1151	0	0	0	619.4646	0	0	
demographic.indicators100	0.0173	0.1305	0	0	0	402.9968	0	0	
demographic.indicators101	6.7347E-3	0.0818	0	0	0	823.4182	0	0	
demographic.indicators102	0.0172	0.13	0	0	0	414.7586	0	0	
demographic.indicators103	7.38E-3	0.0856	0	0	0	1451.427	0	0	
demographic.indicators104	3.928E-3	0.0626	0	0	0	2676.8525	0	0	
demographic.indicators105	0.0167	0.1283	0	0	0	541.2385	0	0	
demographic.indicators106	0.028	0.1649	0	0	0	385.9015	0	0	
demographic.indicators107	0.0184	0.1344	0	0	0	457.1842	0	0	
demographic.indicators108	9.1387E-3	0.0952	0	0	0	574.9939	0	0	
demographic.indicators109	0.0136	0.116	0	0	0	425.9188	0	0	
demographic.indicators110	5.708E-3	0.0753	0	0	0	1129.5511	0	0	
demographic.indicators111	0.0114	0.1063	0	0	0	454.6898	0	0	
demographic.indicators112	0.0396	0.195	0	0	0	268.2103	0	0	
demographic.indicators113	0.0134	0.115	0	0	0	539.9589	0	0	
demographic.indicators114	0.0225	0.1482	0	0	0	298.7781	0	0	
demographic.indicators115	7.656E-3	0.0872	0	0	0	813.0982	0	0	
demographic.indicators116	0.028	0.165	0	0	0	292.5952	0	0	
demographic.indicators117	0.0196	0.1387	0	0	0	424.5922	0	0	
demographic.indicators118	8.0613E-3	0.0894	0	0	0	641.4167	0	0	
demographic.indicators119	0.0196	0.1386	0	0	0	487.323	0	0	
demographic.indicators120	0.0118	0.108	0	0	0	842.4328	0	0	
demographic.indicators121	8.9867E-3	0.0944	0	0	0	565.5292	0	0	
demographic.indicators122	5.1653E-3	0.0717	0	0	0	1707.4776	0	0	
demographic.indicators123	0.0128	0.1123	0	0	0	820.4756	0	0	
demographic.indicators124	5.876E-3	0.0764	0	0	0	1964.9059	0	0	
demographic.indicators125	0.0127	0.112	0	0	0	339.6524	0	0	
demographic.indicators126	4.5573E-3	0.0674	0	0	0	1934.5882	0	0	
demographic.indicators127	0.0138	0.1166	0	0	0	330.9993	0	0	
demographic.indicators128	6.2547E-3	0.0788	0	0	0	1236.4973	0	0	
demographic.indicators129	8.8693E-3	0.0938	0	0	0	949.8987	0	0	
demographic.indicators130	0.0117	0.1076	0	0	0	714.9848	0	0	
demographic.indicators131	5.1547E-3	0.0716	0	0	0	1292.7244	0	0	
demographic.indicators132	3.0493E-3	0.0551	0	0	0	2491.8985	0	0	
demographic.indicators133	5.048E-3	0.0709	0	0	0	2008.9408	0	0	
demographic.indicators134	8.9373E-3	0.0941	0	0	0	1416.1015	0	0	
demographic.indicators135	0.011	0.1041	0	0	0	630.9094	0	0	
demographic.indicators136	9.8267E-3	0.0986	0	0	0	800.878	0	0	
demographic.indicators137	0.0119	0.1086	0	0	0	314.5485	0	0	
demographic.indicators138	6.4013E-3	0.0798	0	0	0	1266.6106	0	0	
demographic.indicators139	0.0103	0.1012	0	0	0	505.3923	0	0	
demographic.indicators140	8.1013E-3	0.0896	0	0	0	428.9436	0	0	
demographic.indicators141	6.032E-3	0.0774	0	0	0	939.4264	0	0	
demographic.indicators142	5.9813E-3	0.0771	0	0	0	367.439	0	0	
demographic.indicators143	3.7427E-3	0.0611	0	0	0	816.9163	0	0	
demographic.indicators144	8.6333E-3	0.0925	0	0	0	970.8357	0	0	
demographic.indicators145	9.2307E-3	0.0956	0	0	0	525.0667	0	0	
demographic.indicators146	7.1733E-3	0.0844	0	0	0	1225.5143	0	0	
demographic.indicators147	8.6893E-3	0.0928	0	0	0	901.5341	0	0	
demographic.indicators148	5.272E-3	0.0724	0	0	0	946.4393	0	0	
demographic.indicators149	4.8867E-3	0.0697	0	0	0	912.778	0	0	
demographic.indicators150	3.172E-3	0.0562	0	0	0	4387.2131	0	0	
demographic.indicators151	5.308E-3	0.0727	0	0	0	1922.9961	0	0	
demographic.indicators152	7.1293E-3	0.0841	0	0	0	888.7485	0	0	
demographic.indicators153	3.3053E-3	0.0574	0	0	0	883.4233	0	0	
demographic.indicators154	6.6267E-3	0.0811	0	0	0	812.2192	0	0	
demographic.indicators155	4.5053E-3	0.067	0	0	0	2235.7644	0	0	
demographic.indicators156	5.3387E-3	0.0729	0	0	0	2231.9889	0	0	
demographic.indicators157	7.4853E-3	0.0862	0	0	0	1387.7977	0	0	
demographic.indicators158	2.0907E-3	0.0457	0	0	0	10144.3435	0	0	
demographic.indicators159	5.0627E-3	0.071	0	0	0	1754.5558	0	0	
demographic.indicators160	0.0124	0.1108	0	0	0	651.3345	0	0	
demographic.indicators161	8.736E-3	0.0931	0	0	0	757.7098	0	0	
demographic.indicators162	5.0867E-3	0.0711	0	0	0	1758.3778	0	0	
demographic.indicators163	3.7573E-3	0.0612	0	0	0	2740.0908	0	0	
demographic.indicators164	5.6827E-3	0.0752	0	0	0	1276.3307	0	0	
demographic.indicators165	5.6667E-3	0.0751	0	0	0	962.5481	0	0	
demographic.indicators166	0.0113	0.1055	0	0	0	394.1635	0	0	
demographic.indicators167	5.2013E-3	0.0719	0	0	0	1042.0613	0	0	
demographic.indicators168	4.5587E-3	0.0674	0	0	0	923.9045	0	0	
demographic.indicators169	5.9173E-3	0.0767	0	0	0	1392.253	0	0	
demographic.indicators170	0.0143	0.1189	0	0	0	475.7765	0	0	
demographic.indicators171	3.2093E-3	0.0566	0	0	0	2919.4427	0	0	
demographic.indicators172	0.0131	0.1136	0	0	0	397.4514	0	0	
demographic.indicators173	7.7653E-3	0.0878	0	0	0	1405.7664	0	0	
demographic.indicators174	6.528E-3	0.0805	0	0	0	1523.2188	0	0	
demographic.indicators175	0.0146	0.1198	0	0	0	319.465	0	0	
demographic.indicators176	4.768E-3	0.0689	0	0	0	1273.0494	0	0	
demographic.indicators177	0.0185	0.1347	0	0	0	263.7041	0	0	
demographic.indicators178	8.1933E-3	0.0901	0	0	0	695.4897	0	0	
demographic.indicators179	0.0146	0.1198	0	0	0	515.0506	0	0	
demographic.indicators180	0.0159	0.125	0	0	0	373.7479	0	0	
demographic.indicators181	0.0103	0.1007	0	0	0	643.3372	0	0	
demographic.indicators182	0.0185	0.1346	0	0	0	452.644	0	0	
demographic.indicators183	0.0199	0.1396	0	0	0	388.1325	0	0	
demographic.indicators184	0.0119	0.1086	0	0	0	667.3039	0	0	
demographic.indicators185	8.1413E-3	0.0899	0	0	0	1338.7087	0	0	
demographic.indicators186	0.013	0.1134	0	0	0	796.5294	0	0	
demographic.indicators187	0.0386	0.1925	0	0	0	290.4952	0	0	
demographic.indicators188	0.015	0.1216	0	0	0	1486.4616	0	0	
demographic.indicators189	0.0236	0.1517	0	0	0	600.1523	0	0	
demographic.indicators190	0.0373	0.1896	0	0	0	407.7259	0	0	
demographic.indicators191	0.0302	0.171	0	0	0	611.908	0	0	
demographic.indicators192	0.0653	0.247	0	0	1	392.7794	0	0	
demographic.indicators193	0.0479	0.2136	0	0	0	495.0421	0	0	
demographic.indicators194	0.0691	0.2537	0	0	1	366.5572	0	0	
demographic.indicators195	0.0691	0.2536	0	0	1	425.7066	0	0	
demographic.indicators196	0.0667	0.2495	0	0	1	369.4074	0	0	
demographic.indicators197	0.0603	0.2381	0	0	1	510.9961	0	0	
demographic.indicators198	0.0852	0.2792	0	0	1	336.999	0	0	
demographic.indicators199	0.058	0.2338	0	0	1	415.5794	0	0	
kappa	2.3483	0.157	2.3423	2.0495	2.6629	26409.962	2.2219	2.4317	
frequencies1	0.2698	0.0103	0.2698	0.25	0.2905	13381.1335	0.2623	0.2761	
frequencies2	0.2214	9.4823E-3	0.2212	0.203	0.2401	11298.5907	0.215	0.2275	
frequencies3	0.1795	8.5612E-3	0.1794	0.1627	0.1961	14505.3995	0.1741	0.1856	
frequencies4	0.3293	0.0113	0.3291	0.3074	0.3519	9553.6624	0.3214	0.3367	
alpha	0.5048	0.0427	0.5027	0.4251	0.5914	26363.902	0.4708	0.5281	
default.ucld.mean	2.072E-3	6.7129E-4	1.9541E-3	1.0032E-3	3.4358E-3	238.7725	1.3674E-3	2.1549E-3	
default.ucld.stdev	0.0268	0.0213	0.0206	3.9676E-3	0.0672	306.7672	7.7784E-3	0.0225	
host.ucld.mean	0.0271	8.4075E-3	0.0255	0.0132	0.0443	263.57	0.0184	0.0283	
host.ucld.stdev	8.6168E-3	7.6942E-3	6.543E-3	1.0457E-7	0.0239	897.0295	2.5244E-6	6.5442E-3	
default.meanRate	1.3229E-3	1.9839E-4	1.3065E-3	9.6005E-4	1.7235E-3	237.0854	1.1392E-3	1.4067E-3	
default.coefficientOfVariation	3.3718	0.5598	3.3262	2.3325	4.4248	273.5121	2.8325	3.5948	
default.covariance	0.203	0.0987	0.1953	0.0333	0.4003	255.2468	0.1005	0.2366	
host.meanRate	0.0273	8.6029E-3	0.0258	0.0133	0.045	264.8368	0.0184	0.0286	
host.coefficientOfVariation	0.3151	0.2506	0.2586	3.4608E-6	0.7994	1208.7516	1.8471E-4	0.2587	
host.covariance	-0.0031	0.05	-0.0038	-0.0995	0.0959	21031.4683	-0.0381	0.0294	
host.rates.Amaranthaceae.Brassicaceae	0.9798	0.9042	0.784	6.2471E-5	2.6871	1950.8546	7.9915E-5	0.784	
host.rates.Amaranthaceae.Fabaceae	0.9738	0.8948	0.8087	1.097E-4	2.7623	2054.8552	1.602E-4	0.8087	
host.rates.Amaranthaceae.Poaceae	0.8374	0.8977	0.5449	1.6791E-4	2.5667	993.5716	1.6933E-4	0.5449	
host.rates.Amaranthaceae.Solanaceae	0.8803	0.8045	0.6543	9.9619E-5	2.4215	919.2867	2.1821E-4	0.6544	
host.rates.Brassicaceae.Fabaceae	0.7542	0.8067	0.5203	6.2292E-5	2.2674	1112.2651	0.0145	0.5326	
host.rates.Brassicaceae.Poaceae	0.8891	0.8227	0.7791	4.4176E-5	2.4445	2857.4557	0.1963	0.9138	
host.rates.Brassicaceae.Solanaceae	0.999	0.7676	0.9454	6.8346E-5	2.423	1294.2651	0.375	1.1632	
host.rates.Fabaceae.Poaceae	1.0624	0.9701	0.7443	1.0299E-5	2.6112	683.6159	1.0299E-5	0.7443	
host.rates.Fabaceae.Solanaceae	0.9418	0.8234	0.7278	7.6355E-5	2.4545	1412.6252	7.5698E-5	0.7278	
host.rates.Poaceae.Solanaceae	1.1919	0.7231	1.0359	3.1279E-4	2.565	805.6901	0.6382	1.3627	
host.rates.Brassicaceae.Amaranthaceae	1.1721	1.0778	0.7831	0.0362	3.0946	361.859	4.4337E-4	0.7833	
host.rates.Fabaceae.Amaranthaceae	0.8831	0.8902	0.6708	2.0577E-4	2.6306	1471.2061	3.4451E-3	0.6739	
host.rates.Poaceae.Amaranthaceae	1.3757	0.7567	1.2536	0.2435	2.9581	662.3423	0.5484	1.3568	
host.rates.Solanaceae.Amaranthaceae	0.6835	0.7768	0.4322	9.2628E-6	2.199	1337.1382	4.6664E-3	0.4333	
host.rates.Fabaceae.Brassicaceae	0.8764	0.828	0.6503	2.2915E-3	2.4986	1584.6326	1.6498E-3	0.6514	
host.rates.Poaceae.Brassicaceae	1.4309	0.7326	1.3338	0.3929	2.9195	708.3337	0.6065	1.4168	
host.rates.Solanaceae.Brassicaceae	0.9716	0.9357	0.6821	1.1359E-4	2.7804	854.8759	3.6629E-4	0.6822	
host.rates.Poaceae.Fabaceae	1.3499	0.7107	1.248	0.3662	2.8135	684.1188	0.5527	1.329	
host.rates.Solanaceae.Fabaceae	0.8396	0.8058	0.6927	4.4211E-4	2.4035	2704.3715	0.2602	0.899	
host.rates.Solanaceae.Poaceae	0.7441	0.8647	0.458	9.0981E-5	2.4343	1148.2034	9.169E-5	0.458	
host.indicators.Amaranthaceae.Brassicaceae	0.1712	0.3766	0	0	1	1183.6631	0	0	
host.indicators.Amaranthaceae.Fabaceae	0.199	0.3992	0	0	1	812.8401	0	0	
host.indicators.Amaranthaceae.Poaceae	0.3795	0.4853	0	0	1	906.3259	0	0	
host.indicators.Amaranthaceae.Solanaceae	0.6231	0.4846	1	0	1	696.913	1	1	
host.indicators.Brassicaceae.Fabaceae	0.4693	0.4991	0	0	1	778.4238	0	0	
host.indicators.Brassicaceae.Poaceae	0.3225	0.4674	0	0	1	830.2409	0	0	
host.indicators.Brassicaceae.Solanaceae	0.5395	0.4984	1	0	1	429.2627	1	1	
host.indicators.Fabaceae.Poaceae	0.2148	0.4107	0	0	1	1411.9767	0	0	
host.indicators.Fabaceae.Solanaceae	0.3181	0.4657	0	0	1	818.3095	0	0	
host.indicators.Poaceae.Solanaceae	0.8981	0.3025	1	0	1	418.6444	1	1	
host.indicators.Brassicaceae.Amaranthaceae	0.4196	0.4935	0	0	1	523.4003	0	0	
host.indicators.Fabaceae.Amaranthaceae	0.2107	0.4078	0	0	1	1459.3235	0	0	
host.indicators.Poaceae.Amaranthaceae	0.9752	0.1557	1	1	1	547.0181	1	1	
host.indicators.Solanaceae.Amaranthaceae	0.5998	0.4899	1	0	1	750.2099	1	1	
host.indicators.Fabaceae.Brassicaceae	0.3315	0.4707	0	0	1	870.1975	0	0	
host.indicators.Poaceae.Brassicaceae	0.9966	0.0584	1	1	1	849.65	1	1	
host.indicators.Solanaceae.Brassicaceae	0.2322	0.4222	0	0	1	1378.9781	0	0	
host.indicators.Poaceae.Fabaceae	0.9928	0.0847	1	1	1	758.6676	1	1	
host.indicators.Solanaceae.Fabaceae	0.2949	0.456	0	0	1	894.268	0	0	
host.indicators.Solanaceae.Poaceae	0.3752	0.4842	0	0	1	990.3383	0	0	
host.nonZeroRates	9.5635	2.2724	9	6	14	357.6896	6	9	
default.treeLikelihood	-6999.5879	14.65	-6999.0632	-7028.13	-6971.4332	607.2382	-7008.072	-6988.062	
default.branchRates	-2382.6079	0	0	0	0	NaN	0	0	
host.branchRates	-2382.6079	0	0	0	0	NaN	0	0	
c_host.count[1]	112.4516	8.9521	111	98	131	400.3015	103	112	
c_allTransitions[1]	112.4527	8.9532	111	98	131	400.393	103	112	
coalescent	-1187.8844	36.4032	-1189.7737	-1253.0753	-1113.8602	229.4408	-1215.8351	-1165.7274	

