burnIn   <= 25000000,   maxState  = 100000000
statistic	mean	stdErr	median	hpdLower	hpdUpper	ESS	50hpdLower	50hpdUpper
joint	-15369.2448	124.0378	-15371.3444	-15605.6119	-15115.5641	258.4403	-15457.7335	-15289.3876	
prior	-7604.1192	124.802	-7606.7141	-7834.0685	-7341.5522	253.6016	-7697.6663	-7527.2145	
likelihood	-7765.1256	18.1313	-7764.8622	-7800.7986	-7729.7048	663.0103	-7776.3035	-7751.9037	
treeModel.rootHeight	85.6506	25.5644	79.9681	46.1662	134.5663	246.0758	62.3373	87.4224	
age(root)	1937.3494	25.5644	1943.0319	1888.4337	1976.8338	246.0758	1935.5776	1960.6627	
treeLength	3078.7787	452.2594	3047.1681	2235.5286	3838.6696	207.999	2762.9663	3436.0407	
tmrca(ingroup)	85.6506	25.5644	79.9681	46.1662	134.5663	246.0758	62.3373	87.4224	
age(ingroup)	1937.3494	25.5644	1943.0319	1888.4337	1976.8338	246.0758	1935.5776	1960.6627	
demographic.populationSizeChanges	3.4493	0.6288	3	3	5	408.4171	3	3	
demographic.populationMean	925.3573	724.6661	725.4609	148.189	2222.2414	256.1276	302.2494	810.9356	
demographic.popSize1	773.2702	345.6275	744.7725	282.9877	1372.7724	369.3249	512.2064	862.6206	
demographic.popSize2	918.3147	1321.5397	491.2736	0.0113	3206.3767	861.2825	0.0113	491.2736	
demographic.popSize3	920.5572	1358.4927	482.9364	0.0119	3243.1777	843.8541	0.0119	482.9364	
demographic.popSize4	942.2747	1419.8025	500.0607	0.0259	3277.3359	773.468	0.0259	500.0607	
demographic.popSize5	934.6339	1392.435	491.3378	0.0755	3254.1687	771.8161	0.0755	491.3378	
demographic.popSize6	931.2185	1401.1463	484.3638	0.0525	3233.8799	851.6087	0.1037	484.3938	
demographic.popSize7	927.477	1376.0602	498.4579	2.4716E-3	3174.7324	862.9498	0.0468	498.4579	
demographic.popSize8	934.1708	1507.9393	498.597	0.0939	3217.5021	911.634	0.2833	498.6827	
demographic.popSize9	927.6358	1345.4966	491.6218	0.023	3245.7977	914.8003	0.1418	491.6969	
demographic.popSize10	928.8553	1456.8045	491.4509	0.0385	3194.2026	832.6938	0.0385	491.4509	
demographic.popSize11	930.8623	1374.8678	487.3785	0.0287	3281.1415	852.1649	3.7501E-3	487.3785	
demographic.popSize12	927.4386	1417.9094	485.2329	8.5845E-3	3186.0394	746.8447	0.1869	485.3691	
demographic.popSize13	925.7454	1343.9606	498.4324	0.0371	3212.8385	883.9905	0.0371	498.4324	
demographic.popSize14	917.0709	1315.3306	485.5041	0.0122	3245.547	956.5583	0.5738	485.7083	
demographic.popSize15	932.4032	1369.294	492.3439	0.1426	3255.086	793.2852	0.6	492.6	
demographic.popSize16	0.0221	1.7065E-3	0.0234	0.0199	0.0234	188.2142	0.0234	0.0234	
demographic.popSize17	922.0298	1426.2455	491.4062	0.0131	3113.5874	861.7964	0.0131	491.4062	
demographic.popSize18	923.8145	1327.5461	500.1041	0.1265	3159.8072	842.2435	0.1855	500.1041	
demographic.popSize19	918.6002	1311.3641	493.1662	0.0321	3206.5524	854.628	0.0321	493.1662	
demographic.popSize20	927.0399	1343.9401	508.2209	0.0609	3137.6023	832.8592	0.0609	508.2209	
demographic.popSize21	934.1532	1371.755	495.6934	0.1221	3256.5128	881.3907	0.1355	495.6934	
demographic.popSize22	931.5759	1302.9308	501.1894	0.0838	3240.7514	867.4502	0.3976	501.4847	
demographic.popSize23	947.8033	1387.3997	515.316	0.0156	3237.0382	834.7884	0.1889	515.3637	
demographic.popSize24	984.3296	1582.3242	509.4473	0.0233	3316.4084	770.8838	0.0391	509.4511	
demographic.popSize25	959.0036	1336.0902	511.1645	0.0482	3390.7917	710.3913	0.0928	511.1645	
demographic.popSize26	958.1723	1420.5951	515.7886	1.7995E-3	3277.9062	862.2148	1.7995E-3	515.7886	
demographic.popSize27	992.1289	1319.5558	554.0249	6.356E-3	3160.9395	721.5378	0.0956	554.0262	
demographic.popSize28	923.8296	1343.0777	502.9268	1.0108E-3	3149.6045	815.354	1.0108E-3	502.9268	
demographic.popSize29	1034.1357	1437.3396	551.5304	5.3322E-3	3808.4757	582.8952	5.3322E-3	551.5304	
demographic.popSize30	953.6999	1327.8356	525.6628	0.0822	3260.8783	771.3261	0.3029	525.8796	
demographic.popSize31	1011.1595	1407.9983	524.0322	0.1333	3536.3738	595.6059	0.0218	524.0322	
demographic.popSize32	945.2444	1288.2663	512.5972	0.1081	3257.8567	777.6368	0.0568	512.5972	
demographic.popSize33	984.1509	1418.4174	532.4715	0.0266	3256.1079	727.9597	0.1165	532.5006	
demographic.popSize34	977.598	1461.0518	504.0753	0.0149	3573.455	674.1205	0.0149	504.0753	
demographic.popSize35	966.7755	1346.3722	521.4941	0.0222	3357.6906	765.0551	0.0156	521.4941	
demographic.popSize36	946.3172	1426.4192	515.6295	0.0883	3217.1767	802.6724	0.2795	515.8617	
demographic.popSize37	979.4546	1376.1511	539.5734	7.8572E-3	3277.9288	809.8746	0.1344	539.5734	
demographic.popSize38	1006.0575	1426.8495	535.0749	0.0339	3499.3867	729.4859	0.1706	535.1561	
demographic.popSize39	946.7689	1385.1445	504.2175	0.0955	3308.0763	803.6433	0.1528	504.2175	
demographic.popSize40	966.7219	1460.2297	519.6203	0.0358	3424.1085	790.8665	0.1333	519.6294	
demographic.popSize41	963.0103	1405.199	507.0975	3.3886E-3	3521.2603	678.201	3.3886E-3	507.0975	
demographic.popSize42	945.459	1363.8933	524.8893	0.1975	3146.8312	883.7729	0.6241	525.3676	
demographic.popSize43	948.7227	1318.2552	503.849	0.2587	3217.1027	760.6043	0.0268	503.849	
demographic.popSize44	957.8763	1485.7017	493.0031	0.0455	3383.7398	727.0324	0.1671	493.035	
demographic.popSize45	943.446	1437.6404	494.2169	0.0324	3284.4948	822.4932	0.0324	494.2169	
demographic.popSize46	963.6408	1402.8714	515.2873	0.0535	3447.5596	827.5031	0.0194	515.2873	
demographic.popSize47	948.2947	1442.1594	510.9818	0.0326	3136.5831	849.0581	0.4127	511.2821	
demographic.popSize48	945.9351	1459.4727	503.4856	0.1106	3276.0582	863.0739	1.1134	504.3089	
demographic.popSize49	954.31	1419.3117	515.9191	0.0199	3221.9568	897.6109	0.0199	515.9191	
demographic.popSize50	927.1415	1342.9862	496.4354	0.1456	3283.329	853.7628	0.2459	496.4354	
demographic.popSize51	933.6147	1348.798	505.1824	0.1057	3208.0023	880.9284	0.0539	505.1824	
demographic.popSize52	928.4808	1400.486	494.5107	0.0918	3213.1283	843.3079	0.3012	494.5671	
demographic.popSize53	919.7933	1314.6499	497.1327	0.0282	3183.2739	897.1759	0.0282	497.1327	
demographic.popSize54	958.4636	1362.1811	500.5053	0.0328	3225.6195	732.0069	0.631	500.8722	
demographic.popSize55	953.4312	1441.6813	518.2371	0.0832	3273.4929	841.496	0.1384	518.2767	
demographic.popSize56	932.413	1330.8488	500.1093	0.0986	3178.0585	823.4488	0.3993	500.3229	
demographic.popSize57	941.9451	1366.5259	506.5981	7.6898E-3	3243.0767	845.8986	0.06	506.6286	
demographic.popSize58	939.5996	1526.6678	507.0765	0.0846	3146.7978	1021.3562	0.6048	507.5066	
demographic.popSize59	920.5624	1338.3096	484.4399	0.0565	3232.5369	920.0696	0.2471	484.5791	
demographic.popSize60	942.8885	1488.7055	492.0477	0.0406	3179.7695	843.7589	0.4626	492.3648	
demographic.popSize61	915.6682	1404.2796	497.4247	0.1325	3172.3375	881.7637	0.0377	497.4247	
demographic.popSize62	904.1837	1258.4168	489.3899	0.0142	3116.3771	852.4791	0.2267	489.5186	
demographic.popSize63	949.6658	1367.3301	511.0865	0.0279	3204.8488	854.7379	0.0279	511.0865	
demographic.popSize64	940.2743	1442.4629	501.4162	0.1436	3224.7867	823.2108	0.1089	501.4162	
demographic.popSize65	896.6833	1302.5502	482.9182	5.2271E-3	3083.7774	898.4496	0.0191	482.9182	
demographic.popSize66	920.1874	1323.3651	498.391	0.0406	3150.2434	900.8498	0.449	498.6111	
demographic.popSize67	939.2349	1428.13	490.7062	9.7604E-3	3231.5174	826.6525	0.1716	490.7243	
demographic.popSize68	920.7301	1321.5864	502.9166	0.0194	3149.3415	909.1468	0.1334	502.9718	
demographic.popSize69	928.8791	1374.8431	493.9316	0.0564	3188.3883	889.4801	0.0585	493.9316	
demographic.popSize70	934.3657	1386.0017	496.6084	0.1224	3250.4649	779.5699	0.4091	496.858	
demographic.popSize71	865.3205	1189.0002	467.7967	0.0543	2973.8431	987.5989	0.5086	468.0672	
demographic.popSize72	929.2664	1365.7601	495.7344	0.0237	3201.3857	813.774	0.1042	495.8057	
demographic.popSize73	901.6141	1428.3004	465.6268	0.0436	3083.9706	801.8919	0.0146	465.6268	
demographic.popSize74	846.1213	1288.5891	443.7263	8.3915E-3	2930.6007	749.1236	8.3915E-3	443.7263	
demographic.popSize75	939.5679	1428.8854	493.5427	0.0598	3199.3479	837.8068	0.2692	493.659	
demographic.popSize76	935.2176	1382.1765	489.4644	0.0429	3259.7698	830.3877	0.0429	489.4644	
demographic.popSize77	929.0161	1334.7169	502.5196	0.0346	3250.3851	915.9202	0.0346	502.5196	
demographic.popSize78	907.0393	1312.0061	484.6338	0.1913	3179.2439	936.5714	0.133	484.6878	
demographic.popSize79	903.8664	1377.5095	471.2654	0.1124	3178.6739	920.027	0.1124	471.2654	
demographic.popSize80	912.9623	1301.7567	487.8223	0.0861	3124.4848	819.2658	0.0861	487.8223	
demographic.popSize81	917.7587	1393.365	481.8617	0.0784	3117.548	833.798	0.1408	481.9199	
demographic.popSize82	935.568	1421.2148	491.3272	0.0114	3217.3739	775.2506	0.331	491.6154	
demographic.popSize83	915.1792	1362.8083	483.1496	0.0838	3151.8596	848.5259	0.0838	483.1496	
demographic.popSize84	930.3816	1438.2342	494.2721	0.0798	3242.2832	841.6207	0.0798	494.2721	
demographic.popSize85	926.6357	1383.1973	484.9377	0.044	3233.5973	926.5879	0.044	484.9377	
demographic.popSize86	920.3065	1349.2857	491.558	0.1206	3263.6658	886.4413	0.1206	491.558	
demographic.popSize87	935.521	1411.3245	478.9305	0.1014	3310.5855	768.9969	0.1014	478.9305	
demographic.popSize88	899.0777	1326.8889	481.1122	0.081	3140.0061	921.3195	0.081	481.1122	
demographic.popSize89	934.1379	1415.7397	491.0273	0.0325	3258.8012	846.3507	0.0706	491.031	
demographic.popSize90	908.3379	1411.8616	469.5132	0.0601	3182.6314	765.4445	0.0601	469.5132	
demographic.popSize91	891.5835	1407.1102	467.2302	0.022	3056.8344	812.2971	0.06	467.264	
demographic.popSize92	930.776	1406.7777	490.5783	0.0598	3242.6683	812.6043	0.0598	490.5783	
demographic.popSize93	911.5165	1362.6863	475.093	0.1477	3158.6113	914.689	0.1477	475.093	
demographic.popSize94	904.0904	1294.8562	488.2613	0.0293	3124.5274	898.1671	0.0205	488.2613	
demographic.popSize95	919.7141	1410.5295	479.7303	0.0441	3163.997	836.1135	0.0244	479.7303	
demographic.popSize96	898.429	1380.1933	469.0228	0.0368	3045.3388	842.0621	0.0735	469.0228	
demographic.popSize97	928.8997	1377.3765	501.3989	0.0188	3242.4264	809.012	0.02	501.3989	
demographic.popSize98	886.0489	1351.4807	464.2806	0.1184	3124.9121	759.0524	0.1184	464.2806	
demographic.popSize99	921.0655	1442.5363	482.3728	0.0238	3124.2932	858.3526	0.0238	482.3728	
demographic.popSize100	921.7833	1412.9174	493.7673	0.0311	3146.7927	871.2717	0.0783	493.807	
demographic.popSize101	929.3426	1340.9883	499.742	0.0439	3276.8846	857.0512	0.0439	499.742	
demographic.popSize102	902.5049	1337.8694	477.9116	0.0252	3098.1876	862.9447	0.1227	477.9116	
demographic.popSize103	918.0195	1316.583	495.4843	0.0213	3209.9247	863.4016	0.0213	495.4843	
demographic.popSize104	923.5863	1412.9169	481.0251	0.0409	3263.1656	844.6918	0.095	481.0251	
demographic.popSize105	928.1511	1468.0216	484.6278	0.1472	3205.0895	843.2406	0.3087	484.6854	
demographic.popSize106	923.4405	1396.4436	492.8272	0.0555	3183.7835	872.5252	0.1517	492.9361	
demographic.popSize107	892.6109	1335.8089	461.181	6.8778E-3	3164.1838	775.2724	0.0237	461.181	
demographic.popSize108	923.8749	1364.3639	488.858	0.0155	3231.2604	839.3215	0.2718	489.0154	
demographic.popSize109	916.5583	1354.5646	495.9366	0.0335	3154.6646	913.3328	0.0335	495.9366	
demographic.popSize110	927.179	1360.6852	497.871	0.0359	3284.6144	823.0219	0.0359	497.871	
demographic.popSize111	893.9148	1295.5769	472.913	0.1054	3121.5863	872.1018	0.2532	472.9818	
demographic.popSize112	904.5642	1275.1584	484.037	0.0226	3155.4635	811.8336	0.2374	484.1485	
demographic.popSize113	906.7971	1384.1313	468.4939	4.3431E-3	3246.1237	843.9472	0.3616	468.8138	
demographic.popSize114	920.9211	1354.2677	486.1864	0.0142	3192.5893	893.8599	0.0142	486.1864	
demographic.popSize115	908.9121	1293.9247	485.1055	5.2484E-3	3196.2035	891.6276	5.2484E-3	485.1055	
demographic.popSize116	934.0307	1411.2025	484.8457	0.1601	3362.8413	771.1499	0.1601	484.848	
demographic.popSize117	931.2929	1363.3876	494.0804	9.092E-3	3219.2318	825.1967	9.092E-3	494.0804	
demographic.popSize118	866.2946	1309.3588	436.7821	0.0633	3070.0431	854.7093	0.0633	436.7821	
demographic.popSize119	917.9974	1342.3364	491.7741	0.0352	3164.191	894.7988	0.0571	491.7741	
demographic.popSize120	877.488	1338.4196	461.5921	0.0227	3027.5137	854.6958	0.1436	461.5928	
demographic.popSize121	920.3176	1331.4159	492.0744	0.1022	3198.5008	878.1674	0.1512	492.118	
demographic.popSize122	928.4361	1343.477	495.309	3.892E-4	3305.6802	854.7877	0.1368	495.309	
demographic.popSize123	912.196	1332.2775	483.3824	0.0233	3162.4587	812.0168	0.3302	483.6261	
demographic.popSize124	933.969	1401.3703	489.5053	0.0233	3315.2701	858.0056	0.0233	489.5053	
demographic.popSize125	930.279	1338.8646	496.6725	0.0183	3220.9549	860.7828	0.2334	496.7154	
demographic.popSize126	904.8345	1331.3354	479.0927	0.03	3197.5734	812.5062	0.0299	479.0927	
demographic.popSize127	907.1894	1413.2936	480.4505	0.0451	3100.1606	862.8859	0.5921	480.7095	
demographic.popSize128	920.2446	1323.25	488.4346	0.0524	3248.0119	907.9346	6.8101E-3	488.4346	
demographic.popSize129	904.6443	1312.1494	470.1579	0.0883	3210.8372	837.9297	0.0883	470.1579	
demographic.popSize130	936.3537	1425.4808	491.4545	0.0227	3310.8057	839.3058	0.1119	491.484	
demographic.popSize131	944.6856	1436.0505	498.2428	1.8141E-4	3272.4583	845.0288	0.0284	498.2428	
demographic.popSize132	920.5619	1350.4712	495.189	0.2401	3177.2983	859.5008	0.271	495.2119	
demographic.popSize133	907.2031	1368.9643	481.422	0.0193	3121.568	838.0035	0.0598	481.4465	
demographic.popSize134	923.1029	1466.1981	497.1832	0.0159	3128.5177	811.2074	7.1674E-6	497.1832	
demographic.popSize135	919.2234	1357.8627	492.5695	0.0983	3217.0026	836.7521	0.1107	492.5695	
demographic.popSize136	915.2814	1419.3998	484.0933	5.0259E-3	3196.3356	906.6452	5.0259E-3	484.0933	
demographic.popSize137	919.182	1355.6398	491.4781	0.0102	3225.5414	935.2444	0.0102	491.4781	
demographic.popSize138	910.1774	1381.1171	483.7658	0.0187	3139.1836	932.0856	0.0187	483.7658	
demographic.popSize139	940.3278	1381.4438	492.6375	7.2448E-3	3242.6821	910.1158	0.0765	492.6479	
demographic.popSize140	917.4777	1344.8911	501.6438	6.7896E-4	3164.243	898.8223	6.7896E-4	501.6438	
demographic.popSize141	929.8581	1417.9779	495.8986	9.0887E-3	3166.6544	900.7851	0.0557	495.9094	
demographic.popSize142	917.7125	1382.5323	482.8068	3.37E-3	3201.0748	820.6708	3.37E-3	482.8068	
demographic.popSize143	897.8868	1272.8989	489.3045	0.0531	3127.6785	904.0218	0.0947	489.339	
demographic.popSize144	937.7315	1426.0098	486.5407	0.0283	3265.0167	809.7389	5.8433E-3	486.5407	
demographic.popSize145	915.1386	1374.287	489.0891	3.4425E-3	3129.7244	985.6956	0.0379	489.0891	
demographic.popSize146	913.6329	1392.944	489.5974	0.0455	3148.5815	885.8067	0.2007	489.7388	
demographic.popSize147	926.6819	1378.8312	497.4381	0.0153	3269.4814	906.4515	0.0153	497.4381	
demographic.popSize148	916.861	1306.7158	492.6713	0.0989	3239.0427	874.9986	0.0989	492.6713	
demographic.popSize149	937.9942	1397.138	495.9289	0.0421	3269.6704	910.3463	0.0817	495.9289	
demographic.popSize150	927.5915	1464.9676	489.3308	6.8224E-3	3232.0258	839.0468	6.8224E-3	489.3308	
demographic.popSize151	942.4399	1420.8556	501.4427	0.1013	3261.5519	881.8128	0.1963	501.5353	
demographic.popSize152	910.0393	1360.6906	483.4468	0.1284	3178.9372	893.1088	0.1924	483.4468	
demographic.popSize153	916.9992	1289.5376	500.1714	0.103	3188.9658	886.8356	0.8834	500.9705	
demographic.popSize154	886.0787	1337.4506	465.5846	0.0327	3070.1513	836.1232	0.0856	465.5846	
demographic.popSize155	902.8545	1379.0076	480.6302	9.3484E-3	3094.4085	899.5145	9.3484E-3	480.6302	
demographic.popSize156	912.6471	1351.0306	485.315	0.0109	3208.5744	849.3704	0.0109	485.315	
demographic.popSize157	929.1982	1385.3229	492.8499	0.0304	3252.4275	851.4498	0.0304	492.8499	
demographic.popSize158	909.9937	1363.7911	474.46	0.0644	3216.4574	854.7922	0.1132	474.46	
demographic.popSize159	937.9307	1433.6073	487.7173	0.0438	3262.9586	829.0496	4.7024E-3	487.7173	
demographic.popSize160	912.7062	1388.3436	489.1237	0.0997	3158.4464	980.3074	0.0982	489.1237	
demographic.popSize161	933.4267	1469.0786	490.5234	6.0735E-3	3224.3599	944.0291	0.1162	490.5306	
demographic.popSize162	932.4289	1366.85	490.1468	8.8963E-3	3320.4377	891.1475	0.1468	490.1468	
demographic.popSize163	920.1018	1516.5722	483.5819	0.0307	3150.825	906.9374	0.0196	483.5819	
demographic.popSize164	927.5123	1353.7588	498.4	8.7574E-3	3157.4464	880.7378	0.0865	498.4	
demographic.popSize165	918.9622	1387.8524	487.5237	0.032	3131.706	866.4269	0.032	487.5237	
demographic.popSize166	921.3652	1368.2663	499.3798	0.0518	3046.5452	816.0586	0.0518	499.3798	
demographic.popSize167	921.331	1382.493	501.941	0.0302	3208.9817	877.2997	0.0936	501.9438	
demographic.popSize168	920.9902	1404.4407	482.0444	0.0113	3184.7197	816.8759	0.2818	482.1041	
demographic.popSize169	908.055	1329.2282	489.2496	0.0458	3108.893	897.4241	0.1405	489.3251	
demographic.popSize170	914.6531	1364.2746	482.0623	0.0829	3185.3199	928.8005	0.106	482.0623	
demographic.popSize171	931.3026	1478.7376	503.8645	0.0566	3131.6278	909.2198	0.5032	504.2838	
demographic.popSize172	925.4181	1378.2936	488.7717	0.0138	3221.1906	817.438	0.0138	488.7717	
demographic.popSize173	929.9031	1387.5163	489.5139	0.0255	3314.5693	843.6323	0.0255	489.5139	
demographic.popSize174	931.4564	1339.0882	503.4581	0.0269	3234.0397	820.4428	0.2075	503.4581	
demographic.popSize175	914.5522	1336.3039	482.3112	8.1717E-4	3145.0482	907.1021	8.1717E-4	482.3112	
demographic.popSize176	927.0114	1366.6844	483.8216	0.0398	3287.6666	858.9916	0.0445	483.8216	
demographic.popSize177	914.4053	1347.1132	491.6964	0.0176	3153.4348	905.2134	0.0329	491.6964	
demographic.popSize178	928.3324	1413.8319	481.2984	0.0582	3300.2731	869.7994	0.0784	481.3163	
demographic.popSize179	926.5352	1442.864	489.6082	0.0882	3263.3583	853.0085	0.0747	489.6392	
demographic.popSize180	903.5964	1308.8988	490.8394	0.0217	3085.4452	944.9927	0.1465	490.8674	
demographic.popSize181	917.0781	1395.718	494.2649	0.0424	3179.9477	904.2002	0.0911	494.3041	
demographic.popSize182	926.1985	1362.9352	488.972	7.5463E-3	3238.0911	853.3839	7.5463E-3	488.972	
demographic.popSize183	922.7151	1367.4462	493.3227	0.088	3243.7131	890.3282	0.1119	493.3444	
demographic.popSize184	929.4444	1413.0971	492.8132	0.2927	3267.1887	893.8227	0.0292	492.8132	
demographic.popSize185	909.2299	1358.1463	484.3481	0.0631	3179.833	935.7582	9.1669E-3	484.3481	
demographic.popSize186	945.9717	1472.9187	492.0411	8.7935E-3	3277.0089	769.4959	0.0897	492.1061	
demographic.popSize187	936.4043	1502.5346	496.3438	1.7744E-3	3213.2909	904.9764	1.7744E-3	496.3438	
demographic.popSize188	940.2874	1361.3791	490.5181	0.0354	3357.8589	829.8952	0.0354	490.5181	
demographic.popSize189	924.0239	1342.4258	494.4534	0.0133	3175.1248	921.1852	0.2941	494.6815	
demographic.popSize190	910.6406	1319.4992	474.6681	2.3864E-3	3185.5691	928.3712	0.2802	474.8453	
demographic.popSize191	894.3241	1397.7802	458.0803	0.1191	3163.5378	821.7196	0.0266	458.0803	
demographic.popSize192	911.3608	1411.6229	477.6319	1.9555E-3	3146.1648	768.9189	1.9555E-3	477.6319	
demographic.popSize193	935.6363	1503.5373	492.4355	0.265	3176.9707	879.9105	0.3949	492.6069	
demographic.popSize194	918.9221	1392.0815	486.8576	0.0734	3212.7923	830.8478	0.0476	486.8576	
demographic.popSize195	914.6207	1350.1304	479.8592	0.1007	3222.6896	786.6987	0.0785	479.8592	
demographic.popSize196	915.1339	1346.8009	480.1259	1.8344E-3	3203.2264	888.7894	1.8344E-3	480.1259	
demographic.popSize197	900.808	1376.7971	476.6514	0.017	3162.9978	876.628	0.0702	476.6514	
demographic.popSize198	920.4675	1398.6725	485.8605	0.0148	3193.4889	861.187	0.0275	485.8605	
demographic.popSize199	922.9528	1388.9033	476.1125	0.0679	3202.6453	844.7535	0.0236	476.1125	
demographic.popSize200	920.9083	1351.7406	481.1115	0.0608	3259.6815	870.895	0.0807	481.1115	
demographic.indicators1	2.596E-3	0.0509	0	0	0	3490.7794	0	0	
demographic.indicators2	1.3947E-3	0.0373	0	0	0	15976.7031	0	0	
demographic.indicators3	1.2347E-3	0.0351	0	0	0	21423.7099	0	0	
demographic.indicators4	1.012E-3	0.0318	0	0	0	5785.1696	0	0	
demographic.indicators5	1.3973E-3	0.0374	0	0	0	2065.2067	0	0	
demographic.indicators6	4.04E-3	0.0634	0	0	0	303.093	0	0	
demographic.indicators7	2.6493E-3	0.0514	0	0	0	514.7964	0	0	
demographic.indicators8	6.9333E-5	8.3264E-3	0	0	0	52005.3442	0	0	
demographic.indicators9	1.6667E-4	0.0129	0	0	0	26473.9529	0	0	
demographic.indicators10	9.8667E-5	9.9326E-3	0	0	0	40638.4456	0	0	
demographic.indicators11	6.6667E-5	8.1647E-3	0	0	0	65110.4779	0	0	
demographic.indicators12	0	0	0	0	0	NaN	0	0	
demographic.indicators13	1.3333E-6	1.1547E-3	0	0	0	7.5E5	0	0	
demographic.indicators14	0	0	0	0	0	NaN	0	0	
demographic.indicators15	1	0	0	0	0	NaN	0	0	
demographic.indicators16	1.6267E-4	0.0128	0	0	0	31761.8442	0	0	
demographic.indicators17	8.7067E-4	0.0295	0	0	0	2633.5467	0	0	
demographic.indicators18	3.716E-3	0.0608	0	0	0	705.3455	0	0	
demographic.indicators19	6.7787E-3	0.0821	0	0	0	416.8792	0	0	
demographic.indicators20	7.6067E-3	0.0869	0	0	0	458.8284	0	0	
demographic.indicators21	3.176E-3	0.0563	0	0	0	12021.7025	0	0	
demographic.indicators22	0.0312	0.1738	0	0	0	269.7478	0	0	
demographic.indicators23	0.0296	0.1695	0	0	0	265.6475	0	0	
demographic.indicators24	0.0286	0.1666	0	0	0	331.4776	0	0	
demographic.indicators25	0.0228	0.1492	0	0	0	403.9309	0	0	
demographic.indicators26	0.062	0.2412	0	0	1	259.8634	0	0	
demographic.indicators27	8.7907E-3	0.0933	0	0	0	1253.5095	0	0	
demographic.indicators28	0.0759	0.2648	0	0	1	264.4731	0	0	
demographic.indicators29	0.0244	0.1542	0	0	0	410.3906	0	0	
demographic.indicators30	0.0514	0.2209	0	0	1	285.9693	0	0	
demographic.indicators31	0.0346	0.1827	0	0	0	362.8513	0	0	
demographic.indicators32	0.0448	0.2068	0	0	0	325.49	0	0	
demographic.indicators33	0.0301	0.171	0	0	0	388.5745	0	0	
demographic.indicators34	0.035	0.1837	0	0	0	410.5597	0	0	
demographic.indicators35	0.0208	0.1427	0	0	0	435.8558	0	0	
demographic.indicators36	0.0395	0.1947	0	0	0	316.5975	0	0	
demographic.indicators37	0.0567	0.2314	0	0	1	301.9595	0	0	
demographic.indicators38	0.0143	0.1187	0	0	0	576.8265	0	0	
demographic.indicators39	0.0305	0.1719	0	0	0	401.0501	0	0	
demographic.indicators40	0.0298	0.1702	0	0	0	368.5834	0	0	
demographic.indicators41	0.0262	0.1598	0	0	0	384.7196	0	0	
demographic.indicators42	0.0266	0.1608	0	0	0	323.9648	0	0	
demographic.indicators43	0.0158	0.1248	0	0	0	539.7851	0	0	
demographic.indicators44	0.0185	0.1349	0	0	0	460.585	0	0	
demographic.indicators45	0.0205	0.1417	0	0	0	515.6871	0	0	
demographic.indicators46	0.0247	0.1553	0	0	0	334.6344	0	0	
demographic.indicators47	0.0139	0.1171	0	0	0	424.7069	0	0	
demographic.indicators48	0.0207	0.1424	0	0	0	483.5425	0	0	
demographic.indicators49	7.5267E-3	0.0864	0	0	0	766.7786	0	0	
demographic.indicators50	0.0111	0.1049	0	0	0	449.723	0	0	
demographic.indicators51	0.0106	0.1024	0	0	0	527.489	0	0	
demographic.indicators52	5.012E-3	0.0706	0	0	0	2782.6168	0	0	
demographic.indicators53	0.0302	0.1712	0	0	0	291.8101	0	0	
demographic.indicators54	0.0186	0.1351	0	0	0	366.8762	0	0	
demographic.indicators55	0.0188	0.136	0	0	0	296.8445	0	0	
demographic.indicators56	4.9653E-3	0.0703	0	0	0	1883.0141	0	0	
demographic.indicators57	0.0151	0.1218	0	0	0	323.1271	0	0	
demographic.indicators58	0.0124	0.1107	0	0	0	491.6528	0	0	
demographic.indicators59	0.0129	0.1128	0	0	0	300.472	0	0	
demographic.indicators60	3.5547E-3	0.0595	0	0	0	3637.788	0	0	
demographic.indicators61	5.868E-3	0.0764	0	0	0	1249.971	0	0	
demographic.indicators62	0.0182	0.1338	0	0	0	422.2161	0	0	
demographic.indicators63	8.3427E-3	0.091	0	0	0	900.1756	0	0	
demographic.indicators64	0.0167	0.1282	0	0	0	261.5759	0	0	
demographic.indicators65	5.728E-3	0.0755	0	0	0	462.1826	0	0	
demographic.indicators66	7.192E-3	0.0845	0	0	0	692.9203	0	0	
demographic.indicators67	5.324E-3	0.0728	0	0	0	467.373	0	0	
demographic.indicators68	4.8387E-3	0.0694	0	0	0	3072.2742	0	0	
demographic.indicators69	9.884E-3	0.0989	0	0	0	377.3224	0	0	
demographic.indicators70	0.0433	0.2036	0	0	0	237.8088	0	0	
demographic.indicators71	6.504E-3	0.0804	0	0	0	1701.6377	0	0	
demographic.indicators72	0.0312	0.1738	0	0	0	225.1433	0	0	
demographic.indicators73	0.0437	0.2044	0	0	0	215.8472	0	0	
demographic.indicators74	0.0112	0.1051	0	0	0	377.866	0	0	
demographic.indicators75	0.012	0.1089	0	0	0	422.9296	0	0	
demographic.indicators76	5.1547E-3	0.0716	0	0	0	1655.876	0	0	
demographic.indicators77	0.0128	0.1125	0	0	0	350.4545	0	0	
demographic.indicators78	0.0157	0.1241	0	0	0	267.5996	0	0	
demographic.indicators79	5.1027E-3	0.0713	0	0	0	959.8073	0	0	
demographic.indicators80	0.012	0.1091	0	0	0	415.3006	0	0	
demographic.indicators81	0.0442	0.2056	0	0	0	216.093	0	0	
demographic.indicators82	0.0193	0.1375	0	0	0	295.4106	0	0	
demographic.indicators83	5.868E-3	0.0764	0	0	0	1101.4653	0	0	
demographic.indicators84	4.048E-3	0.0635	0	0	0	1616.3979	0	0	
demographic.indicators85	0.0215	0.1449	0	0	0	252.5597	0	0	
demographic.indicators86	0.0136	0.1157	0	0	0	430.7423	0	0	
demographic.indicators87	0.0124	0.1105	0	0	0	252.4638	0	0	
demographic.indicators88	7.516E-3	0.0864	0	0	0	394.7275	0	0	
demographic.indicators89	0.0163	0.1266	0	0	0	313.8578	0	0	
demographic.indicators90	0.0301	0.1708	0	0	0	229.2299	0	0	
demographic.indicators91	6.392E-3	0.0797	0	0	0	480.6067	0	0	
demographic.indicators92	1.2107E-3	0.0348	0	0	0	27392.9452	0	0	
demographic.indicators93	5.3267E-3	0.0728	0	0	0	850.3108	0	0	
demographic.indicators94	0.0122	0.1098	0	0	0	287.9552	0	0	
demographic.indicators95	0.0209	0.1429	0	0	0	275.6637	0	0	
demographic.indicators96	3.5587E-3	0.0595	0	0	0	1453.5654	0	0	
demographic.indicators97	0.0259	0.1589	0	0	0	213.5316	0	0	
demographic.indicators98	0.0103	0.101	0	0	0	315.3376	0	0	
demographic.indicators99	0.0135	0.1155	0	0	0	360.1902	0	0	
demographic.indicators100	1.0413E-3	0.0323	0	0	0	17854.9734	0	0	
demographic.indicators101	4.904E-3	0.0699	0	0	0	1416.759	0	0	
demographic.indicators102	4.504E-3	0.067	0	0	0	738.7297	0	0	
demographic.indicators103	8.4133E-3	0.0913	0	0	0	571.437	0	0	
demographic.indicators104	2.0733E-3	0.0455	0	0	0	2065.002	0	0	
demographic.indicators105	4.3733E-3	0.066	0	0	0	439.8576	0	0	
demographic.indicators106	0.032	0.1759	0	0	0	250.9405	0	0	
demographic.indicators107	6.4747E-3	0.0802	0	0	0	691.5876	0	0	
demographic.indicators108	2.108E-3	0.0459	0	0	0	1238.678	0	0	
demographic.indicators109	2.4787E-3	0.0497	0	0	0	1551.6116	0	0	
demographic.indicators110	0.0156	0.124	0	0	0	263.0099	0	0	
demographic.indicators111	0.0114	0.1061	0	0	0	376.2362	0	0	
demographic.indicators112	0.0206	0.1421	0	0	0	242.0199	0	0	
demographic.indicators113	0.0104	0.1014	0	0	0	405.2223	0	0	
demographic.indicators114	3.3227E-3	0.0575	0	0	0	915.0639	0	0	
demographic.indicators115	9.2973E-3	0.096	0	0	0	463.4315	0	0	
demographic.indicators116	7.128E-3	0.0841	0	0	0	304.8032	0	0	
demographic.indicators117	0.0423	0.2013	0	0	0	243.2508	0	0	
demographic.indicators118	0.0122	0.11	0	0	0	359.9533	0	0	
demographic.indicators119	0.0336	0.1802	0	0	0	223.0031	0	0	
demographic.indicators120	7.1547E-3	0.0843	0	0	0	275.4195	0	0	
demographic.indicators121	6.9987E-3	0.0834	0	0	0	676.0917	0	0	
demographic.indicators122	0.0193	0.1377	0	0	0	248.3633	0	0	
demographic.indicators123	8.8333E-3	0.0936	0	0	0	328.1991	0	0	
demographic.indicators124	5.2013E-3	0.0719	0	0	0	694.0011	0	0	
demographic.indicators125	0.0252	0.1566	0	0	0	272.0673	0	0	
demographic.indicators126	0.0174	0.1309	0	0	0	258.8153	0	0	
demographic.indicators127	6.0667E-3	0.0777	0	0	0	337.6642	0	0	
demographic.indicators128	0.032	0.1761	0	0	0	222.0215	0	0	
demographic.indicators129	8.6E-3	0.0923	0	0	0	490.2441	0	0	
demographic.indicators130	3.812E-3	0.0616	0	0	0	896.6747	0	0	
demographic.indicators131	2.136E-3	0.0462	0	0	0	1082.2079	0	0	
demographic.indicators132	6.984E-3	0.0833	0	0	0	441.1065	0	0	
demographic.indicators133	4.932E-3	0.0701	0	0	0	372.4234	0	0	
demographic.indicators134	9.5747E-3	0.0974	0	0	0	431.9142	0	0	
demographic.indicators135	6.7307E-3	0.0818	0	0	0	530.0251	0	0	
demographic.indicators136	2.7467E-3	0.0523	0	0	0	1022.8261	0	0	
demographic.indicators137	0.0134	0.115	0	0	0	285.3255	0	0	
demographic.indicators138	0.0129	0.1127	0	0	0	277.0176	0	0	
demographic.indicators139	9.9853E-3	0.0994	0	0	0	346.5532	0	0	
demographic.indicators140	2.92E-4	0.0171	0	0	0	41305.0638	0	0	
demographic.indicators141	0.0116	0.1069	0	0	0	355.8043	0	0	
demographic.indicators142	1.332E-3	0.0365	0	0	0	2388.4951	0	0	
demographic.indicators143	0.0121	0.1092	0	0	0	287.4115	0	0	
demographic.indicators144	3.6147E-3	0.06	0	0	0	1307.7061	0	0	
demographic.indicators145	0.0192	0.1372	0	0	0	243.2751	0	0	
demographic.indicators146	7.24E-4	0.0269	0	0	0	3523.3255	0	0	
demographic.indicators147	0.0164	0.127	0	0	0	286.7718	0	0	
demographic.indicators148	2.5333E-3	0.0503	0	0	0	465.3951	0	0	
demographic.indicators149	0.0119	0.1083	0	0	0	253.7515	0	0	
demographic.indicators150	4.92E-3	0.07	0	0	0	302.905	0	0	
demographic.indicators151	0.0167	0.128	0	0	0	241.4695	0	0	
demographic.indicators152	1.9467E-3	0.0441	0	0	0	627.0666	0	0	
demographic.indicators153	0.0425	0.2017	0	0	0	211.8267	0	0	
demographic.indicators154	8.1973E-3	0.0902	0	0	0	233.8804	0	0	
demographic.indicators155	0.0193	0.1376	0	0	0	217.1322	0	0	
demographic.indicators156	2.2827E-3	0.0477	0	0	0	1267.4567	0	0	
demographic.indicators157	0.0162	0.1262	0	0	0	274.3559	0	0	
demographic.indicators158	2.1173E-3	0.046	0	0	0	1618.2074	0	0	
demographic.indicators159	3.1973E-3	0.0565	0	0	0	507.6683	0	0	
demographic.indicators160	2.2253E-3	0.0471	0	0	0	590.7894	0	0	
demographic.indicators161	4.2653E-3	0.0652	0	0	0	1172.231	0	0	
demographic.indicators162	0.0119	0.1085	0	0	0	303.341	0	0	
demographic.indicators163	1.0613E-3	0.0326	0	0	0	5310.4896	0	0	
demographic.indicators164	3.72E-4	0.0193	0	0	0	34547.2492	0	0	
demographic.indicators165	1.1827E-3	0.0344	0	0	0	2101.555	0	0	
demographic.indicators166	2.44E-4	0.0156	0	0	0	19292.2176	0	0	
demographic.indicators167	6.1027E-3	0.0779	0	0	0	496.9785	0	0	
demographic.indicators168	1.2147E-3	0.0348	0	0	0	1361.7087	0	0	
demographic.indicators169	5.756E-3	0.0756	0	0	0	274.0322	0	0	
demographic.indicators170	5.6267E-4	0.0237	0	0	0	15202.3275	0	0	
demographic.indicators171	1.616E-3	0.0402	0	0	0	1077.127	0	0	
demographic.indicators172	3.2347E-3	0.0568	0	0	0	479.1653	0	0	
demographic.indicators173	5.9987E-3	0.0772	0	0	0	293.8351	0	0	
demographic.indicators174	1.132E-3	0.0336	0	0	0	2771.1795	0	0	
demographic.indicators175	3.0613E-3	0.0552	0	0	0	424.907	0	0	
demographic.indicators176	2.436E-3	0.0493	0	0	0	1069.1112	0	0	
demographic.indicators177	1.5627E-3	0.0395	0	0	0	1480.082	0	0	
demographic.indicators178	5.4507E-3	0.0736	0	0	0	974.9353	0	0	
demographic.indicators179	1.82E-3	0.0426	0	0	0	1805.9634	0	0	
demographic.indicators180	4.0667E-4	0.0202	0	0	0	40362.6792	0	0	
demographic.indicators181	9.9707E-3	0.0994	0	0	0	244.7213	0	0	
demographic.indicators182	1.6067E-3	0.0401	0	0	0	1049.0847	0	0	
demographic.indicators183	7.36E-4	0.0271	0	0	0	7980.4969	0	0	
demographic.indicators184	2.2747E-3	0.0476	0	0	0	644.8925	0	0	
demographic.indicators185	1.3267E-3	0.0364	0	0	0	1447.0984	0	0	
demographic.indicators186	1.316E-3	0.0363	0	0	0	1623.4345	0	0	
demographic.indicators187	4.792E-3	0.0691	0	0	0	486.3846	0	0	
demographic.indicators188	4.4533E-4	0.0211	0	0	0	40007.031	0	0	
demographic.indicators189	2.4787E-3	0.0497	0	0	0	1379.9896	0	0	
demographic.indicators190	0.0326	0.1776	0	0	0	212.4404	0	0	
demographic.indicators191	0.0241	0.1535	0	0	0	216.2406	0	0	
demographic.indicators192	1.8147E-3	0.0426	0	0	0	6734.6634	0	0	
demographic.indicators193	1.6173E-3	0.0402	0	0	0	15305.299	0	0	
demographic.indicators194	0.0143	0.1189	0	0	0	262.2269	0	0	
demographic.indicators195	6.46E-3	0.0801	0	0	0	840.5202	0	0	
demographic.indicators196	0.0266	0.1609	0	0	0	250.5266	0	0	
demographic.indicators197	0.0123	0.1103	0	0	0	440.6604	0	0	
demographic.indicators198	0.011	0.1044	0	0	0	502.5511	0	0	
demographic.indicators199	0.0104	0.1014	0	0	0	807.398	0	0	
kappa	2.2176	0.1434	2.2119	1.9456	2.505	35124.1762	2.1003	2.2919	
frequencies1	0.2782	0.0106	0.2782	0.2578	0.2991	12570.2089	0.2707	0.2851	
frequencies2	0.1988	9.1323E-3	0.1987	0.1808	0.2167	9851.3302	0.193	0.2051	
frequencies3	0.1909	8.8071E-3	0.1909	0.174	0.2087	14240.3558	0.185	0.1968	
frequencies4	0.332	0.0115	0.332	0.3101	0.3552	10929.844	0.3239	0.3392	
alpha	0.4254	0.0341	0.4236	0.3606	0.4934	30702.1765	0.4002	0.4455	
default.ucld.mean	1.335E-3	3.4935E-4	1.2764E-3	7.8011E-4	2.0454E-3	270.1209	9.6414E-4	1.3784E-3	
default.ucld.stdev	0.0156	0.0107	0.0126	3.4696E-3	0.0361	343.6835	5.8261E-3	0.0136	
host.ucld.mean	0.0119	2.4264E-3	0.0116	7.6173E-3	0.0166	307.4143	9.4882E-3	0.0126	
host.ucld.stdev	2.6253E-3	2.2505E-3	2.0598E-3	3.2073E-8	7.0469E-3	1342.3188	1.6651E-8	2.0598E-3	
default.meanRate	6.6567E-4	1.0599E-4	6.5478E-4	4.8644E-4	8.8138E-4	230.3564	5.5125E-4	6.9559E-4	
default.coefficientOfVariation	3.2569	0.9018	3.0524	1.8962	5.0851	222.6844	2.2564	3.2646	
default.covariance	0.1033	0.0714	0.0894	-0.0077	0.2482	264.9778	0.0257	0.106	
host.meanRate	0.0119	2.4574E-3	0.0116	7.6975E-3	0.0168	311.0787	9.578E-3	0.0128	
host.coefficientOfVariation	0.2186	0.1756	0.1785	6.5994E-7	0.5605	1653.5688	2.6156E-6	0.1785	
host.covariance	-0.0021	0.0502	-0.0024	-0.0999	0.097	22702.1282	-0.0366	0.0311	
host.rates.Amaranthaceae.Brassicaceae	0.906	0.9615	0.5101	1.0531E-3	2.9965	923.3147	4.1173E-5	0.5101	
host.rates.Amaranthaceae.Fabaceae	1.0022	0.9668	0.7191	1.0081E-3	2.9497	895.1981	2.776E-3	0.7191	
host.rates.Amaranthaceae.Poaceae	1.105	1.0431	0.7501	5.8379E-5	2.7736	531.7385	5.8379E-5	0.7501	
host.rates.Amaranthaceae.Solanaceae	1.3722	1.5197	0.7976	0.0175	5.1056	269.704	4.2121E-4	0.7979	
host.rates.Brassicaceae.Fabaceae	0.912	0.9766	0.5456	1.5324E-4	3.0391	693.6103	1.8984E-4	0.5456	
host.rates.Brassicaceae.Poaceae	0.8304	0.9277	0.4575	1.2618E-4	2.7425	938.7416	1.5337E-4	0.4575	
host.rates.Brassicaceae.Solanaceae	0.8529	0.879	0.659	9.9699E-5	2.6405	712.3081	0.1272	0.7185	
host.rates.Fabaceae.Poaceae	0.8349	0.8465	0.617	5.9179E-5	2.4877	1446.2301	6.1169E-3	0.6174	
host.rates.Fabaceae.Solanaceae	0.8601	0.855	0.6671	4.7816E-5	2.5544	1128.1267	4.7816E-5	0.6671	
host.rates.Poaceae.Solanaceae	1.4383	0.7302	1.3536	0.4163	2.7971	566.606	0.4857	1.385	
host.rates.Brassicaceae.Amaranthaceae	0.8729	0.969	0.5962	2.5614E-5	2.7	730.5028	1.8478E-5	0.5962	
host.rates.Fabaceae.Amaranthaceae	0.6235	0.8464	0.304	1.2665E-4	2.2979	891.6455	4.5409E-4	0.3042	
host.rates.Poaceae.Amaranthaceae	1.3792	0.6959	1.3023	0.4143	2.7609	596.7911	0.542	1.3687	
host.rates.Solanaceae.Amaranthaceae	0.6879	0.8541	0.4403	1.0619E-4	2.3731	931.6791	0.0536	0.4609	
host.rates.Fabaceae.Brassicaceae	0.8527	0.877	0.6428	1.4599E-3	2.6124	1233.0573	0.1129	0.7531	
host.rates.Poaceae.Brassicaceae	1.5343	0.7662	1.4328	0.3258	2.9536	601.3164	0.667	1.5545	
host.rates.Solanaceae.Brassicaceae	0.6869	0.8735	0.3816	1.5105E-4	2.4018	759.1257	0.0185	0.3918	
host.rates.Poaceae.Fabaceae	1.4837	0.7428	1.394	0.4736	2.8971	580.6167	0.535	1.4239	
host.rates.Solanaceae.Fabaceae	0.8226	0.8871	0.5081	6.2752E-5	2.5986	1163.5761	0.025	0.5095	
host.rates.Solanaceae.Poaceae	0.823	0.9001	0.5786	5.9954E-3	2.7797	1011.2933	0.0561	0.5944	
host.indicators.Amaranthaceae.Brassicaceae	0.1425	0.3495	0	0	1	1744.0333	0	0	
host.indicators.Amaranthaceae.Fabaceae	0.1209	0.3261	0	0	1	3025.0443	0	0	
host.indicators.Amaranthaceae.Poaceae	0.1368	0.3436	0	0	1	1052.6295	0	0	
host.indicators.Amaranthaceae.Solanaceae	0.1032	0.3043	0	0	1	3413.059	0	0	
host.indicators.Brassicaceae.Fabaceae	0.1505	0.3576	0	0	1	1791.8699	0	0	
host.indicators.Brassicaceae.Poaceae	0.1461	0.3532	0	0	1	2195.6018	0	0	
host.indicators.Brassicaceae.Solanaceae	0.3185	0.4659	0	0	1	968.9669	0	0	
host.indicators.Fabaceae.Poaceae	0.2297	0.4206	0	0	1	1072.9627	0	0	
host.indicators.Fabaceae.Solanaceae	0.1656	0.3717	0	0	1	1585.7627	0	0	
host.indicators.Poaceae.Solanaceae	1	0	0	0	0	NaN	0	0	
host.indicators.Brassicaceae.Amaranthaceae	0.2394	0.4267	0	0	1	1199.3149	0	0	
host.indicators.Fabaceae.Amaranthaceae	0.4603	0.4984	0	0	1	594.4819	0	0	
host.indicators.Poaceae.Amaranthaceae	1	0	0	0	0	NaN	0	0	
host.indicators.Solanaceae.Amaranthaceae	0.3275	0.4693	0	0	1	758.2566	0	0	
host.indicators.Fabaceae.Brassicaceae	0.1589	0.3656	0	0	1	1089.6663	0	0	
host.indicators.Poaceae.Brassicaceae	1	0	0	0	0	NaN	0	0	
host.indicators.Solanaceae.Brassicaceae	0.4242	0.4942	0	0	1	538.6756	0	0	
host.indicators.Poaceae.Fabaceae	1	0	0	0	0	NaN	0	0	
host.indicators.Solanaceae.Fabaceae	0.2133	0.4097	0	0	1	1137.8677	0	0	
host.indicators.Solanaceae.Poaceae	0.2023	0.4018	0	0	1	1083.0642	0	0	
host.nonZeroRates	7.5399	1.2121	7	6	10	592.6387	6	7	
default.treeLikelihood	-7422.5728	14.0591	-7422.1322	-7450.6119	-7395.6925	884.2236	-7431.1486	-7412.1975	
default.branchRates	-2382.6079	0	0	0	0	NaN	0	0	
host.branchRates	-2382.6079	0	0	0	0	NaN	0	0	
c_host.count[1]	122.8162	5.4096	122	113	133	538.2113	116	123	
c_allTransitions[1]	122.8192	5.4068	122	113	133	537.9152	116	123	
coalescent	-1255.36	43.312	-1259.6455	-1332.2361	-1171.5021	212.6477	-1296.0499	-1237.9972	

