burnIn   <= 25000000,   maxState  = 100000000
statistic	mean	stdErr	median	hpdLower	hpdUpper	ESS	50hpdLower	50hpdUpper
joint	-16657.0609	183.4067	-16652.266	-17008.5107	-16302.4997	218.541	-16760.1005	-16507.9102	
prior	-7359.2455	185.9078	-7356.1209	-7720.8587	-7004.4883	216.2901	-7473.087	-7218.8846	
likelihood	-9297.8155	18.7893	-9297.4196	-9335.3099	-9261.8194	710.1028	-9309.3631	-9284.0684	
treeModel.rootHeight	76.3609	21.8214	71.1195	43.9608	121.117	243.8144	54.659	76.4985	
age(root)	1946.6391	21.8214	1951.8805	1901.883	1979.0392	243.8144	1946.5015	1968.341	
treeLength	2141.8407	442.4898	2107.8503	1338.071	3092.4688	195.3571	1821.555	2342.8219	
tmrca(ingroup)	76.3609	21.8214	71.1195	43.9608	121.117	243.8144	54.659	76.4985	
age(ingroup)	1946.6391	21.8214	1951.8805	1901.883	1979.0392	243.8144	1946.5015	1968.341	
demographic.populationSizeChanges	3.4081	0.6134	3	3	5	625.3576	3	3	
demographic.populationMean	322.1896	307.7657	233.1515	24.9765	856.6581	244.4357	49.2173	248.9017	
demographic.popSize1	160.5023	190.9118	111.4969	0.2479	504.125	277.0927	0.2479	111.4969	
demographic.popSize2	325.8873	540.3699	151.5396	5.1057E-4	1212.4047	715.1996	0.0184	151.5528	
demographic.popSize3	325.9351	547.3912	148.1563	0.0433	1203.8707	727.6606	2.0826E-3	148.1563	
demographic.popSize4	306.5681	520.3853	140.9104	1.4179E-3	1146.0346	734.0036	2.056E-3	140.9104	
demographic.popSize5	319.5017	522.1091	148.2322	0.0203	1176.1085	727.6944	0.0754	148.2831	
demographic.popSize6	311.4986	526.6863	141.2855	1.336E-3	1158.8797	711.6812	1.336E-3	141.2855	
demographic.popSize7	317.5544	528.1769	142.2755	0.0174	1198.7785	733.8095	0.0802	142.321	
demographic.popSize8	315.352	499.1338	146.3941	3.9336E-3	1192.1133	736.8319	0.1416	146.4875	
demographic.popSize9	228.9665	439.1568	72.6436	6.4698E-3	958.9643	616.1563	6.4698E-3	72.6436	
demographic.popSize10	320.5959	558.7464	144.0574	2.6962E-3	1177.3466	716.5004	2.6962E-3	144.0574	
demographic.popSize11	308.1395	526.593	132.4635	0.0145	1194.1589	644.1364	8.3954E-3	132.4635	
demographic.popSize12	311.5521	553.9184	139.6918	0.0184	1161.09	694.7964	0.0184	139.6918	
demographic.popSize13	287.7369	518.2396	122.4979	2.0989E-3	1116.168	659.0131	2.0989E-3	122.4979	
demographic.popSize14	311.017	544.5614	137.023	0.0182	1190.3049	658.8849	0.0182	137.023	
demographic.popSize15	311.146	543.5015	136.3003	9.2031E-3	1176.9562	664.5231	9.2031E-3	136.3003	
demographic.popSize16	308.7995	513.0558	139.9365	8.3802E-3	1177.1642	684.234	8.3802E-3	139.9365	
demographic.popSize17	307.5006	568.2422	134.4642	9.7769E-3	1161.8941	658.6817	9.7769E-3	134.4642	
demographic.popSize18	294.5085	508.8353	126.4368	0.0204	1117.206	634.1073	0.0646	126.447	
demographic.popSize19	308.3058	505.4724	146.2123	0.0108	1149.3355	763.346	0.0118	146.2123	
demographic.popSize20	292.9117	505.3257	129.7436	3.4609E-3	1097.3522	650.6289	0.0183	129.7436	
demographic.popSize21	319.5819	538.4049	146.6034	0.0115	1183.1754	647.7149	0.0115	146.6034	
demographic.popSize22	326.2545	575.73	146.3812	6.3884E-3	1206.9578	700.3119	6.3884E-3	146.3812	
demographic.popSize23	321.1483	528.9717	147.4071	0.0134	1217.7121	707.7693	0.0319	147.4098	
demographic.popSize24	325.9791	556.9512	148.179	0.0224	1205.8706	695.3797	0.2076	148.2862	
demographic.popSize25	319.5742	532.112	151.3399	8.5326E-3	1178.424	755.8067	0.0726	151.4004	
demographic.popSize26	324.6979	530.9625	152.8195	3.7709E-4	1207.6031	727.1933	0.039	152.8241	
demographic.popSize27	335.1717	586.527	149.8217	7.3403E-3	1251.7398	668.0434	0.0269	149.8386	
demographic.popSize28	322.8665	532.8595	151.6285	0.0128	1168.9107	718.1058	0.014	151.6285	
demographic.popSize29	321.5127	541.5399	153.6233	6.2448E-3	1172.5528	755.6122	6.2448E-3	153.6233	
demographic.popSize30	313.8805	500.0542	148.6885	0.0124	1139.3923	709.2559	0.0124	148.6885	
demographic.popSize31	331.7306	572.5255	154.1661	0.0129	1194.7406	720.3084	0.0392	154.1695	
demographic.popSize32	323.747	533.7942	151.6021	0.0142	1179.8867	643.1187	0.0247	151.6096	
demographic.popSize33	317.7977	563.2468	146.3923	0.0216	1181.8588	750.2926	0.0604	146.3923	
demographic.popSize34	315.9274	537.5058	146.0294	4.7249E-3	1159.82	710.7846	0.0108	146.0294	
demographic.popSize35	326.9445	518.802	153.4584	0.0173	1163.8143	716.303	0.0173	153.4584	
demographic.popSize36	323.5752	550.6306	158.0775	7.3636E-4	1204.708	712.3213	7.3636E-4	158.0775	
demographic.popSize37	327.3993	541.5825	153.4348	4.7515E-3	1195.2364	705.0978	9.3367E-3	153.4348	
demographic.popSize38	332.3496	563.6286	149.288	1.9079E-3	1236.2908	673.1515	1.9079E-3	149.288	
demographic.popSize39	325.2771	549.2818	156.1497	0.0181	1199.1669	650.0738	0.013	156.1497	
demographic.popSize40	326.7849	542.2961	151.9166	0.0229	1193.4997	721.7731	0.0229	151.9166	
demographic.popSize41	328.0479	554.3313	152.4558	1.6068E-3	1204.0088	645.5685	0.0384	152.4865	
demographic.popSize42	330.9507	542.2919	151.3814	8.6378E-3	1244.636	689.0444	6.825E-3	151.3814	
demographic.popSize43	320.0865	525.2097	150.2927	1.8393E-3	1180.603	712.4753	1.8393E-3	150.2927	
demographic.popSize44	328.9667	539.8338	154.5642	0.0171	1203.8682	723.2397	6.6729E-3	154.5642	
demographic.popSize45	331.8632	544.2863	157.3236	4.3541E-3	1272.5366	653.432	0.0356	157.3297	
demographic.popSize46	326.58	522.8483	156.3129	5.9083E-3	1185.7142	710.8344	0.0838	156.3916	
demographic.popSize47	323.9858	523.8916	154.5104	0.0309	1184.3435	718.5208	0.0309	154.5104	
demographic.popSize48	328.0898	542.5191	154.0108	0.1116	1188.9914	750.6172	8.0674E-3	154.0108	
demographic.popSize49	327.2195	559.1478	146.8817	7.3261E-3	1209.1067	682.9469	7.3274E-3	146.8817	
demographic.popSize50	329.4453	546.8954	157.6723	0.0155	1185.9704	692.6041	0.066	157.6842	
demographic.popSize51	331.5649	568.6806	151.9492	0.0356	1204.2057	757.6985	0.0356	151.9595	
demographic.popSize52	327.014	542.4405	151.9555	3.549E-3	1189.3139	660.1244	3.549E-3	151.9555	
demographic.popSize53	324.5507	539.1459	148.4815	0.0118	1209.4094	760.0398	6.9717E-3	148.4815	
demographic.popSize54	328.576	570.2449	153.259	0.0133	1197.5621	713.0186	0.0831	153.2665	
demographic.popSize55	325.0201	520.683	153.0534	0.0154	1200.3839	762.4125	0.0332	153.0534	
demographic.popSize56	332.0521	557.3605	155.4761	0.029	1220.3492	699.3778	3.5324E-3	155.4761	
demographic.popSize57	335.0994	552.52	159.6447	0.0304	1195.83	628.548	0.0304	159.6487	
demographic.popSize58	326.6669	531.1458	155.3311	0.0183	1155.2877	771.9232	7.6621E-3	155.3311	
demographic.popSize59	327.8239	540.6636	150.1479	8.5869E-3	1186.6018	746.8343	0.0381	150.1479	
demographic.popSize60	330.4566	561.626	153.1472	0.0164	1221.713	708.7496	0.0621	153.1865	
demographic.popSize61	326.201	532.8188	153.3781	0.0617	1195.9306	772.4072	4.2215E-3	153.3781	
demographic.popSize62	334.5815	535.5293	161.6328	0.0125	1187.6227	671.9637	0.0125	161.6328	
demographic.popSize63	333.9353	559.0945	155.8795	0.1391	1195.7123	744.6653	0.097	155.9085	
demographic.popSize64	327.8387	517.3785	156.9546	0.187	1204.1513	702.377	0.1271	156.9706	
demographic.popSize65	326.106	531.2301	154.3538	0.0147	1187.2983	656.7621	2.3163E-3	154.3538	
demographic.popSize66	329.6485	517.7505	151.8236	0.0316	1269.3075	638.8077	0.0181	151.8236	
demographic.popSize67	324.5853	527.2038	152.0758	7.3554E-3	1217.835	701.5578	7.3554E-3	152.0758	
demographic.popSize68	338.1473	554.5527	152.0084	7.0831E-3	1295.2397	565.2241	0.0358	152.0128	
demographic.popSize69	325.562	518.8871	154.541	1.6421E-3	1173.7269	686.7182	0.0123	154.541	
demographic.popSize70	332.1867	564.4675	153.4692	8.2538E-3	1188.1542	745.2635	8.2538E-3	153.4692	
demographic.popSize71	337.5733	554.5633	154.5322	0.014	1253.2	662.5418	0.014	154.5322	
demographic.popSize72	322.1555	540.3758	149.8824	0.0366	1194.2646	674.5677	0.0366	149.8824	
demographic.popSize73	315.3744	529.9175	154.4567	9.7884E-3	1127.6952	711.0187	9.7884E-3	154.4567	
demographic.popSize74	337.9527	545.0099	153.7424	7.468E-4	1306.6649	585.7393	0.0268	153.7439	
demographic.popSize75	324.4301	553.9505	145.5984	5.8693E-3	1192.4919	702.7642	0.0228	145.6089	
demographic.popSize76	324.737	558.5174	151.6979	0.0164	1188.3294	690.3631	0.0164	151.6979	
demographic.popSize77	323.3148	535.1768	153.6483	7.1292E-3	1154.1171	737.8179	7.1292E-3	153.6483	
demographic.popSize78	355.4034	543.5071	162.4353	0.0105	1290.4622	589.8103	1.8316E-4	162.4353	
demographic.popSize79	324.4177	512.1512	154.174	0.0285	1191.0695	714.5241	0.097	154.2177	
demographic.popSize80	323.8882	532.5	150.8773	0.026	1172.4979	686.1702	0.0123	150.8773	
demographic.popSize81	323.5763	514.7595	155.7448	0.0289	1199.0372	750.4557	0.0855	155.7597	
demographic.popSize82	326.4292	519.0218	155.4458	0.5837	1221.538	656.6476	4.393E-3	155.4458	
demographic.popSize83	319.5406	506.4854	150.5716	0.012	1175.9383	743.9872	0.0868	150.6311	
demographic.popSize84	331.022	559.0592	152.8355	1.4636E-3	1202.1117	687.8568	8.2985E-3	152.8355	
demographic.popSize85	338.1037	549.701	157.7437	8.6779E-3	1234.9958	574.4147	8.6779E-3	157.7437	
demographic.popSize86	330.5342	520.0649	155.0292	0.0108	1186.3644	703.5342	0.1258	155.1139	
demographic.popSize87	332.3025	541.5524	154.4606	0.0707	1228.0529	654.191	6.1125E-3	154.4606	
demographic.popSize88	334.7671	580.1344	151.5144	0.0888	1161.3769	689.8518	0.0135	151.5144	
demographic.popSize89	332.4392	559.9368	154.8746	0.0496	1294.7869	680.1889	0.0496	154.9037	
demographic.popSize90	324.0538	522.6538	152.1596	0.0174	1186.9999	674.1886	1.4847E-3	152.1596	
demographic.popSize91	330.8025	540.7034	153.5015	7.2273E-3	1176.4534	667.3801	7.2273E-3	153.5015	
demographic.popSize92	311.4562	499.5928	148.918	3.2464E-3	1127.4332	731.2541	6.6256E-3	148.918	
demographic.popSize93	319.6611	517.8276	152.5812	7.6946E-3	1200.0006	755.8106	7.6946E-3	152.5812	
demographic.popSize94	328.4542	550.3986	153.0267	0.0203	1237.9641	702.7272	0.0203	153.0267	
demographic.popSize95	330.5057	590.6121	154.1408	0.0182	1196.5417	724.237	0.0182	154.1408	
demographic.popSize96	329.211	561.0189	150.5146	8.2949E-3	1199.4141	736.1565	8.2949E-3	150.5146	
demographic.popSize97	323.0714	562.1647	145.3215	5.5867E-4	1177.6426	711.3982	5.5867E-4	145.3215	
demographic.popSize98	316.1815	527.7046	147.8253	0.0139	1141.9765	726.1002	0.0139	147.8253	
demographic.popSize99	325.2317	537.4475	149.8608	0.0437	1196.4745	730.7777	2.0392E-3	149.8608	
demographic.popSize100	317.536	515.6563	149.5629	1.3756E-3	1190.6629	707.9532	0.0132	149.5629	
demographic.popSize101	321.5961	576.8615	142.6155	0.0193	1178.119	635.9836	0.0193	142.6155	
demographic.popSize102	322.9056	545.2173	151.9869	0.0334	1157.6793	727.7469	0.0597	151.9966	
demographic.popSize103	321.7432	544.8822	148.3322	0.0479	1164.5616	682.3889	0.0479	148.3665	
demographic.popSize104	316.8434	555.6261	143.2356	0.0248	1163.1384	699.5463	6.8625E-3	143.2356	
demographic.popSize105	326.9991	565.1051	149.7011	8.7879E-3	1215.058	743.9408	6.3373E-4	149.7011	
demographic.popSize106	316.4936	544.6703	140.6112	2.828E-3	1153.1754	706.9572	0.0279	140.6282	
demographic.popSize107	326.633	542.2282	150.4696	0.0368	1214.6893	728.5671	0.0567	150.4816	
demographic.popSize108	313.8213	515.0424	148.5881	0.0452	1145.0154	735.1635	0.0452	148.6001	
demographic.popSize109	324.6239	550.0549	151.3688	8.2571E-3	1193.4764	794.9632	8.2571E-3	151.3688	
demographic.popSize110	311.1121	531.8254	142.1507	7.4902E-3	1166.2551	772.3672	7.4902E-3	142.1507	
demographic.popSize111	325.5572	543.8648	150.8543	5.4905E-3	1196.2599	669.3091	5.4905E-3	150.8543	
demographic.popSize112	323.2103	543.3103	147.9739	0.0355	1171.4843	725.0994	0.1263	148.0228	
demographic.popSize113	325.2791	562.8207	145.912	9.2044E-3	1201.2273	709.9673	9.2044E-3	145.912	
demographic.popSize114	313.0084	532.2	136.6935	0.0104	1172.95	660.1775	0.0737	136.7496	
demographic.popSize115	316.6974	538.5459	148.3762	7.761E-3	1185.3234	684.2434	2.5235E-3	148.3762	
demographic.popSize116	323.0305	538.9555	144.739	8.0181E-3	1208.7757	675.294	8.0181E-3	144.739	
demographic.popSize117	329.954	572.4064	151.6622	2.1487E-3	1226.3661	731.5139	0.0588	151.6935	
demographic.popSize118	319.6642	542.5525	146.1987	0.0391	1188.3863	685.2464	0.0391	146.2123	
demographic.popSize119	316.15	533.8439	143.6679	0.0112	1164.7665	730.0227	0.0834	143.6714	
demographic.popSize120	315.3429	524.8113	145.5131	9.5488E-3	1168.1321	717.3312	9.5488E-3	145.5131	
demographic.popSize121	322.215	533.2833	146.189	0.0113	1209.8815	699.1181	0.1168	146.2471	
demographic.popSize122	324.1759	587.6492	146.7769	0.0349	1191.0597	704.6416	8.627E-3	146.7769	
demographic.popSize123	313.7969	503.589	143.4557	1.8165E-3	1150.5031	672.3768	1.8165E-3	143.4557	
demographic.popSize124	309.5807	504.8475	144.9581	0.0126	1144.8056	666.7943	0.0126	144.9581	
demographic.popSize125	310.4086	498.7296	144.1702	4.611E-3	1149.0564	877.0974	0.0237	144.1857	
demographic.popSize126	314.9414	548.0787	143.4607	0.0253	1163.7676	686.824	0.0253	143.4607	
demographic.popSize127	327.5271	579.7558	147.6686	0.0371	1206.36	727.3551	0.0371	147.6686	
demographic.popSize128	323.4762	541.6368	148.3598	0.0194	1193.3598	711.6521	0.0559	148.3849	
demographic.popSize129	313.4679	508.7292	147.0535	8.7338E-3	1162.0111	769.4103	0.032	147.067	
demographic.popSize130	311.1679	514.2887	143.7064	0.021	1157.2772	815.9441	0.0114	143.7064	
demographic.popSize131	322.1231	552.0119	144.9593	1.0503E-3	1204.7893	695.2472	1.0503E-3	144.9593	
demographic.popSize132	322.9931	558.2849	150.0014	9.806E-3	1201.9732	718.956	0.0264	150.0182	
demographic.popSize133	319.626	521.0138	146.8622	0.0252	1219.8614	756.1725	8.1233E-3	146.8622	
demographic.popSize134	321.1578	562.9879	144.7303	3.9093E-3	1177.5882	787.0464	3.9093E-3	144.7303	
demographic.popSize135	326.0824	573.0933	146.7888	6.9485E-3	1181.6907	720.9032	6.9485E-3	146.7888	
demographic.popSize136	320.6413	550.9125	146.3921	2.5095E-3	1196.3949	650.3295	0.02	146.3965	
demographic.popSize137	322.0077	547.1022	148.2023	0.0117	1189.0491	690.4523	0.0839	148.2202	
demographic.popSize138	327.2126	558.8615	144.9682	2.4694E-3	1229.0111	756.0264	2.4694E-3	144.9682	
demographic.popSize139	322.7847	535.8223	147.6408	0.0156	1201.1134	678.577	0.0411	147.6699	
demographic.popSize140	327.3855	542.8956	150.9558	3.2584E-3	1219.6156	670.2668	0.0831	151.0261	
demographic.popSize141	321.3429	534.9618	147.4341	8.7743E-3	1176.2794	719.9289	0.0569	147.4341	
demographic.popSize142	321.123	521.3012	147.4313	0.0253	1211.639	704.2303	0.0308	147.4313	
demographic.popSize143	324.3073	574.171	149.5118	0.0313	1191.6679	708.0493	0.0116	149.5118	
demographic.popSize144	324.2904	563.9277	147.892	5.6632E-3	1195.3797	683.8279	0.0443	147.8975	
demographic.popSize145	311.9698	540.7273	144.1034	0.0195	1139.1002	744.1005	0.042	144.1171	
demographic.popSize146	318.3944	535.4667	146.1047	4.0758E-3	1171.1976	765.7663	0.0556	146.1415	
demographic.popSize147	325.7398	594.2983	149.4496	0.0102	1178.8495	786.5662	0.0102	149.4496	
demographic.popSize148	321.5901	514.0958	149.2629	4.5497E-3	1189.0669	704.7493	0.1138	149.3448	
demographic.popSize149	321.3866	541.0777	145.5752	0.0354	1195.2255	692.1781	0.0305	145.5752	
demographic.popSize150	324.6791	556.5224	149.0433	0.0262	1186.3993	699.5645	0.0638	149.0534	
demographic.popSize151	317.4429	522.2928	141.6431	0.0107	1205.3333	722.3343	0.0185	141.6507	
demographic.popSize152	312.1933	521.8133	144.5764	0.0199	1137.929	706.8492	0.0189	144.58	
demographic.popSize153	320.1882	553.0294	147.9518	0.0289	1162.6883	674.6386	0.0137	147.9518	
demographic.popSize154	309.345	517.8916	138.9724	0.0232	1141.561	662.5842	0.0417	138.9759	
demographic.popSize155	322.0304	529.8944	146.8776	0.0218	1195.8554	675.1844	0.0293	146.884	
demographic.popSize156	319.9664	571.3347	145.8567	7.8082E-3	1203.0206	672.3457	7.8082E-3	145.8567	
demographic.popSize157	319.1178	531.2051	145.4102	9.3899E-3	1202.3918	699.6949	0.0522	145.4239	
demographic.popSize158	315.1939	532.2684	145.9293	6.3718E-3	1159.8503	727.1646	6.3718E-3	145.9293	
demographic.popSize159	323.4327	548.4615	149.0292	0.0133	1172.1954	706.6856	0.0133	149.0292	
demographic.popSize160	328.9334	575.3355	152.1697	4.5618E-3	1209.981	655.7534	0.0257	152.1697	
demographic.popSize161	322.4906	539.4815	145.6977	0.0117	1202.1117	692.7569	0.0117	145.6977	
demographic.popSize162	323.2113	547.3985	151.1504	3.1653E-3	1215.2503	716.1572	0.1168	151.2354	
demographic.popSize163	324.091	529.1578	150.6734	0.0182	1209.2683	694.1698	0.0116	150.6734	
demographic.popSize164	315.6012	550.1219	144.6382	2.731E-4	1114.3681	660.0828	2.731E-4	144.6382	
demographic.popSize165	317.2311	535.4668	143.8521	4.6922E-3	1190.182	703.67	4.9476E-3	143.8521	
demographic.popSize166	323.0385	561.0206	148.4367	0.0388	1177.3126	656.0062	0.0388	148.4367	
demographic.popSize167	322.3584	529.0961	146.9631	9.3823E-3	1194.757	703.7804	9.1844E-3	146.9631	
demographic.popSize168	322.7429	542.7245	148.3586	2.0462E-3	1205.4274	721.9876	7.8598E-3	148.3636	
demographic.popSize169	321.0294	571.9842	146.255	0.0221	1178.1105	680.8835	0.1237	146.3051	
demographic.popSize170	317.222	532.1918	146.424	0.0397	1163.5365	679.4642	0.0397	146.4288	
demographic.popSize171	320.4466	528.7204	145.7631	9.1697E-3	1173.7658	749.4101	0.0147	145.7631	
demographic.popSize172	325.8876	532.6228	149.4645	0.0617	1221.6943	700.0154	0.0625	149.5047	
demographic.popSize173	318.2242	532.7506	147.1746	2.1242E-3	1197.8737	747.0958	2.1242E-3	147.1746	
demographic.popSize174	327.7528	567.4137	149.6258	8.442E-3	1215.9647	719.3752	8.8083E-3	149.6258	
demographic.popSize175	313.2342	523.9943	147.1042	0.0177	1159.4799	728.5609	0.0177	147.1042	
demographic.popSize176	316.2882	532.5363	149.2798	0.0119	1153.0663	753.2881	0.0119	149.2798	
demographic.popSize177	320.1927	541.555	144.5229	0.0259	1185.6185	750.9143	0.0259	144.5229	
demographic.popSize178	323.6046	539.0698	145.4589	0.0564	1203.1052	682.7806	0.0564	145.4596	
demographic.popSize179	315.2952	508.5269	148.0333	1.8255E-4	1161.9795	716.6638	8.3615E-4	148.0333	
demographic.popSize180	323.0902	558.3793	149.4305	8.0552E-4	1179.8752	792.0987	0.1305	149.5549	
demographic.popSize181	322.3801	585.6718	143.2467	1.9263E-3	1224.1559	711.0579	0.0288	143.2576	
demographic.popSize182	321.5776	529.032	149.715	0.023	1172.0356	715.2169	0.0354	149.715	
demographic.popSize183	319.3182	550.6677	145.5351	0.0241	1197.0687	757.0981	0.0511	145.5371	
demographic.popSize184	319.3554	560.3279	143.8586	0.0151	1168.6595	724.795	0.0151	143.8594	
demographic.popSize185	324.3318	564.5084	145.9477	2.2057E-3	1186.2431	704.2167	2.2057E-3	145.9477	
demographic.popSize186	322.6998	552.3128	147.0447	0.0346	1181.2854	704.1567	0.0263	147.0447	
demographic.popSize187	322.0819	553.3672	148.8018	0.0105	1173.0624	720.2619	0.0105	148.8018	
demographic.popSize188	320.0105	517.0581	148.4604	0.0103	1178.3188	683.0987	0.0103	148.4604	
demographic.popSize189	320.7116	541.0137	147.9112	5.1336E-4	1184.9183	717.1372	5.1336E-4	147.9112	
demographic.popSize190	320.1799	531.8232	147.8843	6.7361E-5	1202.3101	749.7692	7.443E-3	147.8874	
demographic.popSize191	324.0551	534.6932	150.8704	0.0168	1206.8189	723.3989	0.0168	150.8704	
demographic.popSize192	310.2226	491.8325	147.0614	3.1479E-3	1135.993	694.5567	0.0182	147.064	
demographic.popSize193	319.3335	519.3452	145.7256	0.0126	1208.0862	720.1783	0.0171	145.7256	
demographic.popSize194	315.4828	535.6963	143.7478	1.3056E-3	1180.7675	689.8064	1.3056E-3	143.7478	
demographic.popSize195	321.0834	546.4568	146.0292	9.3183E-3	1175.6134	738.4319	0.0555	146.052	
demographic.popSize196	325.0264	541.0635	149.5464	0.0249	1217.7506	709.9147	0.0371	149.5487	
demographic.popSize197	315.7174	544.3234	142.3929	0.0115	1169.0587	710.8047	9.2853E-3	142.3929	
demographic.popSize198	308.6484	523.6068	138.9086	0.0289	1139.3526	707.0766	0.1097	138.9583	
demographic.popSize199	315.6582	520.4406	147.3874	6.0089E-3	1188.0895	768.4952	0.0747	147.4473	
demographic.popSize200	328.7829	573.4346	146.937	9.1987E-3	1237.5892	665.5429	9.1987E-3	146.937	
demographic.indicators1	3.1413E-3	0.056	0	0	0	24320.8028	0	0	
demographic.indicators2	0.0231	0.1503	0	0	0	266.0988	0	0	
demographic.indicators3	0.047	0.2116	0	0	0	236.5065	0	0	
demographic.indicators4	4.8933E-4	0.0221	0	0	0	5811.2382	0	0	
demographic.indicators5	0.0263	0.1599	0	0	0	222.3765	0	0	
demographic.indicators6	0.0219	0.1464	0	0	0	262.5218	0	0	
demographic.indicators7	0.0196	0.1387	0	0	0	351.1624	0	0	
demographic.indicators8	0.2811	0.4496	0	0	1	199.4056	0	0	
demographic.indicators9	0.0285	0.1665	0	0	0	281.27	0	0	
demographic.indicators10	0.075	0.2635	0	0	1	204.9013	0	0	
demographic.indicators11	0.0525	0.223	0	0	1	226.493	0	0	
demographic.indicators12	0.081	0.2728	0	0	1	220.7693	0	0	
demographic.indicators13	0.0503	0.2186	0	0	1	227.604	0	0	
demographic.indicators14	0.0392	0.1941	0	0	0	248.2494	0	0	
demographic.indicators15	0.0376	0.1903	0	0	0	271.8095	0	0	
demographic.indicators16	0.0516	0.2212	0	0	1	217.2016	0	0	
demographic.indicators17	0.0823	0.2748	0	0	1	206.8767	0	0	
demographic.indicators18	0.0214	0.1447	0	0	0	288.641	0	0	
demographic.indicators19	0.0561	0.2302	0	0	1	209.1911	0	0	
demographic.indicators20	0.0107	0.1031	0	0	0	425.4151	0	0	
demographic.indicators21	8.3333E-3	0.0909	0	0	0	733.7286	0	0	
demographic.indicators22	8.468E-3	0.0916	0	0	0	329.6577	0	0	
demographic.indicators23	2.992E-3	0.0546	0	0	0	4697.2091	0	0	
demographic.indicators24	2.6093E-3	0.051	0	0	0	3680.8661	0	0	
demographic.indicators25	2.0853E-3	0.0456	0	0	0	16063.8246	0	0	
demographic.indicators26	3.9347E-3	0.0626	0	0	0	2905.4525	0	0	
demographic.indicators27	7.82E-3	0.0881	0	0	0	485.5299	0	0	
demographic.indicators28	8.388E-3	0.0912	0	0	0	385.2506	0	0	
demographic.indicators29	3.9107E-3	0.0624	0	0	0	880.9989	0	0	
demographic.indicators30	7.5573E-3	0.0866	0	0	0	690.1954	0	0	
demographic.indicators31	0.0121	0.1092	0	0	0	397.9334	0	0	
demographic.indicators32	2.7747E-3	0.0526	0	0	0	3161.2019	0	0	
demographic.indicators33	1.272E-3	0.0356	0	0	0	33154.6694	0	0	
demographic.indicators34	0.0147	0.1202	0	0	0	267.1445	0	0	
demographic.indicators35	0.0191	0.1368	0	0	0	292.5767	0	0	
demographic.indicators36	8.316E-3	0.0908	0	0	0	500.9639	0	0	
demographic.indicators37	2.0373E-3	0.0451	0	0	0	5831.0954	0	0	
demographic.indicators38	0.0101	0.0999	0	0	0	338.0163	0	0	
demographic.indicators39	5.7573E-3	0.0757	0	0	0	488.4763	0	0	
demographic.indicators40	0.0102	0.1002	0	0	0	547.5079	0	0	
demographic.indicators41	7.04E-3	0.0836	0	0	0	499.4759	0	0	
demographic.indicators42	8.528E-3	0.092	0	0	0	434.6197	0	0	
demographic.indicators43	5.1213E-3	0.0714	0	0	0	958.1545	0	0	
demographic.indicators44	0.0216	0.1454	0	0	0	357.4436	0	0	
demographic.indicators45	0.0179	0.1325	0	0	0	508.3657	0	0	
demographic.indicators46	0.0137	0.1164	0	0	0	318.5903	0	0	
demographic.indicators47	0.0183	0.1339	0	0	0	436.9014	0	0	
demographic.indicators48	6.4373E-3	0.08	0	0	0	1136.0634	0	0	
demographic.indicators49	0.0215	0.1452	0	0	0	350.9443	0	0	
demographic.indicators50	6.964E-3	0.0832	0	0	0	734.3947	0	0	
demographic.indicators51	5.3813E-3	0.0732	0	0	0	1004.7824	0	0	
demographic.indicators52	0.0136	0.1158	0	0	0	548.472	0	0	
demographic.indicators53	0.0131	0.1137	0	0	0	478.9932	0	0	
demographic.indicators54	0.0113	0.1059	0	0	0	455.8139	0	0	
demographic.indicators55	0.0178	0.1322	0	0	0	425.177	0	0	
demographic.indicators56	0.0202	0.1408	0	0	0	341.2499	0	0	
demographic.indicators57	0.012	0.1089	0	0	0	269.5768	0	0	
demographic.indicators58	0.0102	0.1007	0	0	0	604.5471	0	0	
demographic.indicators59	0.0118	0.1081	0	0	0	315.6908	0	0	
demographic.indicators60	0.0182	0.1336	0	0	0	406.8394	0	0	
demographic.indicators61	0.0257	0.1584	0	0	0	288.4393	0	0	
demographic.indicators62	0.0185	0.1349	0	0	0	379.8452	0	0	
demographic.indicators63	0.0214	0.1448	0	0	0	385.7172	0	0	
demographic.indicators64	0.0167	0.128	0	0	0	481.4573	0	0	
demographic.indicators65	0.0223	0.1475	0	0	0	332.7423	0	0	
demographic.indicators66	0.0104	0.1016	0	0	0	439.697	0	0	
demographic.indicators67	0.0367	0.1881	0	0	0	365.1891	0	0	
demographic.indicators68	0.0121	0.1095	0	0	0	437.9247	0	0	
demographic.indicators69	0.0174	0.1307	0	0	0	331.2143	0	0	
demographic.indicators70	0.0256	0.1578	0	0	0	362.2673	0	0	
demographic.indicators71	0.017	0.1293	0	0	0	472.1338	0	0	
demographic.indicators72	0.0108	0.1032	0	0	0	499.3025	0	0	
demographic.indicators73	0.0182	0.1335	0	0	0	352.4373	0	0	
demographic.indicators74	7.192E-3	0.0845	0	0	0	657.375	0	0	
demographic.indicators75	8.76E-3	0.0932	0	0	0	1049.3121	0	0	
demographic.indicators76	0.0188	0.1357	0	0	0	480.203	0	0	
demographic.indicators77	0.0512	0.2204	0	0	1	245.7634	0	0	
demographic.indicators78	0.0134	0.1149	0	0	0	463.3981	0	0	
demographic.indicators79	0.0158	0.1249	0	0	0	404.6333	0	0	
demographic.indicators80	0.0256	0.158	0	0	0	353.9477	0	0	
demographic.indicators81	0.0249	0.1557	0	0	0	368.3113	0	0	
demographic.indicators82	0.0144	0.1193	0	0	0	614.644	0	0	
demographic.indicators83	0.0335	0.18	0	0	0	322.5068	0	0	
demographic.indicators84	0.0323	0.1768	0	0	0	330.9769	0	0	
demographic.indicators85	0.0224	0.148	0	0	0	374.1203	0	0	
demographic.indicators86	0.0219	0.1465	0	0	0	415.6763	0	0	
demographic.indicators87	0.022	0.1467	0	0	0	282.0271	0	0	
demographic.indicators88	0.0173	0.1302	0	0	0	324.894	0	0	
demographic.indicators89	0.0198	0.1392	0	0	0	338.4593	0	0	
demographic.indicators90	0.0301	0.1709	0	0	0	376.6352	0	0	
demographic.indicators91	0.0242	0.1538	0	0	0	343.4783	0	0	
demographic.indicators92	0.013	0.1134	0	0	0	376.7137	0	0	
demographic.indicators93	0.0102	0.1006	0	0	0	754.5886	0	0	
demographic.indicators94	0.0296	0.1694	0	0	0	278.2218	0	0	
demographic.indicators95	0.0108	0.1033	0	0	0	286.694	0	0	
demographic.indicators96	0.0165	0.1274	0	0	0	319.5403	0	0	
demographic.indicators97	0.0175	0.1309	0	0	0	392.1346	0	0	
demographic.indicators98	0.0112	0.105	0	0	0	697.072	0	0	
demographic.indicators99	0.0201	0.1402	0	0	0	344.5584	0	0	
demographic.indicators100	0.018	0.133	0	0	0	270.0152	0	0	
demographic.indicators101	7.596E-3	0.0868	0	0	0	1005.0232	0	0	
demographic.indicators102	0.0179	0.1326	0	0	0	327.4495	0	0	
demographic.indicators103	0.0277	0.1642	0	0	0	319.7269	0	0	
demographic.indicators104	0.0138	0.1168	0	0	0	483.7277	0	0	
demographic.indicators105	0.0258	0.1586	0	0	0	293.5623	0	0	
demographic.indicators106	0.012	0.109	0	0	0	406.2043	0	0	
demographic.indicators107	0.0103	0.1009	0	0	0	306.6451	0	0	
demographic.indicators108	8.3027E-3	0.0907	0	0	0	366.2884	0	0	
demographic.indicators109	0.0289	0.1676	0	0	0	313.1236	0	0	
demographic.indicators110	6.2373E-3	0.0787	0	0	0	794.0458	0	0	
demographic.indicators111	0.0124	0.1105	0	0	0	631.695	0	0	
demographic.indicators112	9.2293E-3	0.0956	0	0	0	495.9151	0	0	
demographic.indicators113	0.0319	0.1758	0	0	0	279.7506	0	0	
demographic.indicators114	0.0212	0.1439	0	0	0	300.2903	0	0	
demographic.indicators115	0.0151	0.1218	0	0	0	378.2929	0	0	
demographic.indicators116	7.2973E-3	0.0851	0	0	0	480.7902	0	0	
demographic.indicators117	0.0136	0.116	0	0	0	747.1481	0	0	
demographic.indicators118	0.0183	0.1341	0	0	0	337.9331	0	0	
demographic.indicators119	0.0193	0.1376	0	0	0	359.9498	0	0	
demographic.indicators120	0.0192	0.1372	0	0	0	404.5033	0	0	
demographic.indicators121	7.836E-3	0.0882	0	0	0	504.237	0	0	
demographic.indicators122	0.0164	0.127	0	0	0	480.408	0	0	
demographic.indicators123	0.021	0.1435	0	0	0	335.9206	0	0	
demographic.indicators124	0.0169	0.129	0	0	0	365.4937	0	0	
demographic.indicators125	0.0144	0.1193	0	0	0	536.0159	0	0	
demographic.indicators126	0.0111	0.1046	0	0	0	853.4904	0	0	
demographic.indicators127	0.0107	0.103	0	0	0	414.4656	0	0	
demographic.indicators128	7.3813E-3	0.0856	0	0	0	1024.4338	0	0	
demographic.indicators129	0.0202	0.1406	0	0	0	323.2711	0	0	
demographic.indicators130	0.0127	0.1121	0	0	0	403.9899	0	0	
demographic.indicators131	7.488E-3	0.0862	0	0	0	1037.9279	0	0	
demographic.indicators132	0.012	0.1089	0	0	0	410.9638	0	0	
demographic.indicators133	0.0161	0.1258	0	0	0	483.1728	0	0	
demographic.indicators134	0.0141	0.118	0	0	0	504.6841	0	0	
demographic.indicators135	0.0125	0.1112	0	0	0	561.1743	0	0	
demographic.indicators136	9.064E-3	0.0948	0	0	0	534.8683	0	0	
demographic.indicators137	0.0194	0.1379	0	0	0	355.2343	0	0	
demographic.indicators138	0.0125	0.1112	0	0	0	453.821	0	0	
demographic.indicators139	4.0853E-3	0.0638	0	0	0	1409.4991	0	0	
demographic.indicators140	3.34E-3	0.0577	0	0	0	1474.2615	0	0	
demographic.indicators141	0.0133	0.1144	0	0	0	277.7732	0	0	
demographic.indicators142	0.0105	0.1018	0	0	0	349.2412	0	0	
demographic.indicators143	7.12E-3	0.0841	0	0	0	673.6281	0	0	
demographic.indicators144	0.0225	0.1484	0	0	0	319.4	0	0	
demographic.indicators145	0.0103	0.1008	0	0	0	415.5959	0	0	
demographic.indicators146	8.5707E-3	0.0922	0	0	0	415.0371	0	0	
demographic.indicators147	3.5333E-3	0.0593	0	0	0	1611.8877	0	0	
demographic.indicators148	0.0126	0.1115	0	0	0	377.2338	0	0	
demographic.indicators149	0.0116	0.1069	0	0	0	363.7003	0	0	
demographic.indicators150	0.0209	0.143	0	0	0	390.2993	0	0	
demographic.indicators151	3.236E-3	0.0568	0	0	0	662.9518	0	0	
demographic.indicators152	6.9707E-3	0.0832	0	0	0	356.6696	0	0	
demographic.indicators153	0.0253	0.1571	0	0	0	259.1912	0	0	
demographic.indicators154	6.0133E-3	0.0773	0	0	0	557.8756	0	0	
demographic.indicators155	0.014	0.1174	0	0	0	398.2863	0	0	
demographic.indicators156	0.0106	0.1023	0	0	0	374.7189	0	0	
demographic.indicators157	0.0113	0.1058	0	0	0	289.2571	0	0	
demographic.indicators158	8.6053E-3	0.0924	0	0	0	703.9931	0	0	
demographic.indicators159	2.0227E-3	0.0449	0	0	0	5366.641	0	0	
demographic.indicators160	8.6627E-3	0.0927	0	0	0	834.1835	0	0	
demographic.indicators161	6.1547E-3	0.0782	0	0	0	609.7014	0	0	
demographic.indicators162	0.0119	0.1085	0	0	0	352.7677	0	0	
demographic.indicators163	6.544E-3	0.0806	0	0	0	705.2139	0	0	
demographic.indicators164	0.0196	0.1387	0	0	0	272.4575	0	0	
demographic.indicators165	3.0053E-3	0.0547	0	0	0	1385.8515	0	0	
demographic.indicators166	4.5987E-3	0.0677	0	0	0	914.5998	0	0	
demographic.indicators167	3.2387E-3	0.0568	0	0	0	1530.9873	0	0	
demographic.indicators168	0.015	0.1214	0	0	0	302.6046	0	0	
demographic.indicators169	0.0164	0.1272	0	0	0	309.9583	0	0	
demographic.indicators170	2.752E-3	0.0524	0	0	0	2678.165	0	0	
demographic.indicators171	7.54E-3	0.0865	0	0	0	841.0842	0	0	
demographic.indicators172	9.0893E-3	0.0949	0	0	0	958.7707	0	0	
demographic.indicators173	7.0267E-3	0.0835	0	0	0	697.174	0	0	
demographic.indicators174	9.7293E-3	0.0982	0	0	0	400.3366	0	0	
demographic.indicators175	0.0108	0.1035	0	0	0	497.574	0	0	
demographic.indicators176	3.2933E-3	0.0573	0	0	0	2848.8659	0	0	
demographic.indicators177	0.0118	0.1081	0	0	0	423.6352	0	0	
demographic.indicators178	9.416E-3	0.0966	0	0	0	658.9785	0	0	
demographic.indicators179	6.1973E-3	0.0785	0	0	0	531.8379	0	0	
demographic.indicators180	0.0171	0.1296	0	0	0	390.7897	0	0	
demographic.indicators181	0.0102	0.1003	0	0	0	448.2434	0	0	
demographic.indicators182	9.804E-3	0.0985	0	0	0	493.647	0	0	
demographic.indicators183	0.0118	0.1079	0	0	0	343.0402	0	0	
demographic.indicators184	9.88E-3	0.0989	0	0	0	558.2125	0	0	
demographic.indicators185	8.676E-3	0.0927	0	0	0	704.3518	0	0	
demographic.indicators186	9.9427E-3	0.0992	0	0	0	573.4933	0	0	
demographic.indicators187	0.0115	0.1065	0	0	0	773.3456	0	0	
demographic.indicators188	3.48E-3	0.0589	0	0	0	2443.1359	0	0	
demographic.indicators189	6.844E-3	0.0824	0	0	0	1187.6927	0	0	
demographic.indicators190	5.0627E-3	0.071	0	0	0	1744.1132	0	0	
demographic.indicators191	6.4747E-3	0.0802	0	0	0	1733.7319	0	0	
demographic.indicators192	0.0101	0.1002	0	0	0	498.862	0	0	
demographic.indicators193	0.0193	0.1376	0	0	0	308.8517	0	0	
demographic.indicators194	3.2173E-3	0.0566	0	0	0	12129.9019	0	0	
demographic.indicators195	6.536E-3	0.0806	0	0	0	842.8226	0	0	
demographic.indicators196	0.012	0.1088	0	0	0	369.5598	0	0	
demographic.indicators197	0.0429	0.2025	0	0	0	270.5782	0	0	
demographic.indicators198	0.0105	0.1018	0	0	0	2876.7177	0	0	
demographic.indicators199	0.0204	0.1415	0	0	0	524.2351	0	0	
kappa	1.9578	0.1128	1.9554	1.7361	2.1785	24184.2171	1.8759	2.0261	
frequencies1	0.2766	9.5045E-3	0.2765	0.2576	0.2947	13188.5438	0.2704	0.2832	
frequencies2	0.2056	8.2531E-3	0.2055	0.1895	0.2218	10587.762	0.1991	0.2102	
frequencies3	0.2101	8.2712E-3	0.21	0.1939	0.2263	14530.7245	0.204	0.215	
frequencies4	0.3077	0.0101	0.3077	0.288	0.3275	10586.6681	0.3002	0.3138	
alpha	0.6928	0.0531	0.6904	0.5915	0.7986	30166.9569	0.6515	0.7221	
default.ucld.mean	2.1011E-3	6.4607E-4	2.0214E-3	9.3724E-4	3.3288E-3	230.1954	1.5604E-3	2.3703E-3	
default.ucld.stdev	0.0226	0.0148	0.0188	4.2513E-3	0.0511	305.5922	7.6268E-3	0.0205	
host.ucld.mean	0.0204	6.5232E-3	0.0193	9.0007E-3	0.0335	244.4772	0.0141	0.0216	
host.ucld.stdev	5.8943E-3	5.4975E-3	4.2944E-3	6.2326E-8	0.017	745.6063	2.5201E-6	4.2959E-3	
default.meanRate	1.2349E-3	2.5782E-4	1.2046E-3	7.4528E-4	1.7839E-3	205.3307	1.0207E-3	1.328E-3	
default.coefficientOfVariation	3.141	0.475	3.0865	2.2825	4.1135	270.8979	2.7574	3.3184	
default.covariance	0.0653	0.0495	0.0563	-0.0144	0.1682	281.9611	0.0119	0.072	
host.meanRate	0.0206	6.642E-3	0.0194	9.0645E-3	0.0339	245.9616	0.0143	0.0219	
host.coefficientOfVariation	0.2825	0.2279	0.227	3.7307E-6	0.7334	1154.693	8.7127E-5	0.227	
host.covariance	-0.0026	0.0502	-0.0031	-0.1001	0.0958	22345.521	-0.0378	0.0301	
host.rates.Amaranthaceae.Brassicaceae	1.3055	0.8171	1.1977	7.0712E-4	2.77	1076.3497	0.6273	1.606	
host.rates.Amaranthaceae.Fabaceae	1.5257	0.7809	1.4457	0.0529	2.9671	1026.9191	0.8473	1.8244	
host.rates.Amaranthaceae.Poaceae	1.4801	0.8616	1.3903	1.6285E-5	3.0221	965.1059	0.8016	1.8729	
host.rates.Amaranthaceae.Solanaceae	1.422	0.806	1.3433	1.7578E-3	2.8566	737.0084	0.8067	1.8231	
host.rates.Brassicaceae.Fabaceae	0.8881	0.9683	0.5546	6.987E-5	3.0199	1703.2775	9.139E-5	0.5546	
host.rates.Brassicaceae.Poaceae	0.8648	0.8309	0.6416	3.3058E-5	2.4455	3992.2353	3.3755E-5	0.6416	
host.rates.Brassicaceae.Solanaceae	0.8765	0.9808	0.5358	4.8331E-5	2.9868	1286.6994	4.8331E-5	0.5358	
host.rates.Fabaceae.Poaceae	0.9997	0.8729	0.7926	3.1349E-5	2.6487	1331.5656	3.5472E-5	0.7926	
host.rates.Fabaceae.Solanaceae	0.9208	0.8293	0.6996	1.7028E-4	2.4945	1426.9451	1.708E-3	0.701	
host.rates.Poaceae.Solanaceae	0.9093	0.9049	0.6285	2.8588E-5	2.6616	2286.6248	2.8588E-5	0.6285	
host.rates.Brassicaceae.Amaranthaceae	0.8034	0.9206	0.4803	7.2379E-5	2.6508	3897.9404	9.268E-5	0.4803	
host.rates.Fabaceae.Amaranthaceae	0.9009	0.8828	0.6501	1.8565E-5	2.5963	1853.9935	2.3034E-5	0.6501	
host.rates.Poaceae.Amaranthaceae	0.8416	0.9139	0.52	1.6053E-3	2.6467	1170.5837	5.957E-6	0.52	
host.rates.Solanaceae.Amaranthaceae	0.7806	0.8545	0.4967	1.0516E-6	2.4799	2687.2752	1.0516E-6	0.4967	
host.rates.Fabaceae.Brassicaceae	0.9556	0.7664	0.7813	1.7991E-5	2.4138	1275.298	0.0758	0.8497	
host.rates.Poaceae.Brassicaceae	0.8565	0.8416	0.614	1.4305E-5	2.4602	1956.9845	1.4305E-5	0.614	
host.rates.Solanaceae.Brassicaceae	0.8994	0.8341	0.6828	1.3786E-4	2.4892	1995.5053	1.3786E-4	0.6828	
host.rates.Poaceae.Fabaceae	0.8782	0.9132	0.5997	3.6346E-6	2.6753	3188.88	3.6769E-6	0.5997	
host.rates.Solanaceae.Fabaceae	0.8594	0.8947	0.5707	1.3282E-5	2.6429	4156.0144	1.3282E-5	0.5707	
host.rates.Solanaceae.Poaceae	0.9144	0.8861	0.6518	2.0617E-5	2.6319	2557.567	3.0599E-5	0.6518	
host.indicators.Amaranthaceae.Brassicaceae	0.7715	0.4199	1	0	1	249.589	1	1	
host.indicators.Amaranthaceae.Fabaceae	0.9283	0.2579	1	0	1	374.9112	1	1	
host.indicators.Amaranthaceae.Poaceae	0.7928	0.4053	1	0	1	267.9206	1	1	
host.indicators.Amaranthaceae.Solanaceae	0.8981	0.3025	1	0	1	330.5093	1	1	
host.indicators.Brassicaceae.Fabaceae	0.1981	0.3986	0	0	1	4187.1929	0	0	
host.indicators.Brassicaceae.Poaceae	0.5049	0.5	1	0	1	1171.995	1	1	
host.indicators.Brassicaceae.Solanaceae	0.2487	0.4323	0	0	1	2787.2137	0	0	
host.indicators.Fabaceae.Poaceae	0.5146	0.4998	1	0	1	609.5112	1	1	
host.indicators.Fabaceae.Solanaceae	0.5698	0.4951	1	0	1	666.9271	1	1	
host.indicators.Poaceae.Solanaceae	0.3793	0.4852	0	0	1	776.1268	0	0	
host.indicators.Brassicaceae.Amaranthaceae	0.29	0.4537	0	0	1	3283.7644	0	0	
host.indicators.Fabaceae.Amaranthaceae	0.4203	0.4936	0	0	1	622.7889	0	0	
host.indicators.Poaceae.Amaranthaceae	0.4532	0.4978	0	0	1	1173.3553	0	0	
host.indicators.Solanaceae.Amaranthaceae	0.4427	0.4967	0	0	1	1332.7816	0	0	
host.indicators.Fabaceae.Brassicaceae	0.6932	0.4612	1	0	1	640.511	1	1	
host.indicators.Poaceae.Brassicaceae	0.4843	0.4998	0	0	1	1100.8596	0	0	
host.indicators.Solanaceae.Brassicaceae	0.5619	0.4962	1	0	1	718.7201	1	1	
host.indicators.Poaceae.Fabaceae	0.3613	0.4804	0	0	1	814.1016	0	0	
host.indicators.Solanaceae.Fabaceae	0.3025	0.4594	0	0	1	1105.998	0	0	
host.indicators.Solanaceae.Poaceae	0.418	0.4932	0	0	1	937.0337	0	0	
host.nonZeroRates	10.2333	1.879	10	7	14	489.3605	8	10	
default.treeLikelihood	-8969.8285	13.5935	-8969.4149	-8996.8082	-8943.6701	1181.787	-8978.102	-8959.829	
default.branchRates	-2382.6079	0	0	0	0	NaN	0	0	
host.branchRates	-2382.6079	0	0	0	0	NaN	0	0	
c_host.count[1]	117.3871	9.2499	116	102	137	344.6122	107	117	
c_allTransitions[1]	117.3965	9.247	116	102	137	344.966	107	117	
coalescent	-1237.6015	45.1722	-1232.9939	-1324.2463	-1158.1294	204.9503	-1249.2908	-1184.0136	

