burnIn   <= 0,   maxState  = 150000200
statistic	mean	stdErr	median	hpdLower	hpdUpper	ESS	50hpdLower	50hpdUpper
joint	-15538.4397	151.9304	-15535.3159	-15837.0802	-15241.9551	464.5171	-15647.0154	-15441.1301	
prior	-7336.5329	152.5848	-7336.3781	-7635.4889	-7038.7583	459.7955	-7447.4593	-7240.5016	
likelihood	-8201.9069	18.9791	-8201.6159	-8239.2083	-8164.7846	1192.6455	-8213.8605	-8188.283	
treeModel.rootHeight	92.7707	28.9392	86.2972	48.3727	150.7864	501.6875	62.945	94.6477	
age(root)	1930.2293	28.9392	1936.7028	1872.2136	1974.6273	501.6875	1928.3523	1960.055	
treeLength	2234.6553	358.5142	2229.922	1575.4051	2921.1839	411.6565	2005.4906	2524.972	
tmrca(ingroup)	92.7707	28.9392	86.2972	48.3727	150.7864	501.6875	62.945	94.6477	
age(ingroup)	1930.2293	28.9392	1936.7028	1872.2136	1974.6273	501.6875	1928.3523	1960.055	
demographic.populationSizeChanges	3.4316	0.6371	3	3	5	1523.7179	3	3	
demographic.populationMean	267.6631	241.8101	196.2508	26.6987	691.6908	484.2814	63.2415	212.6216	
demographic.popSize1	213.0558	207.4204	157.4138	0.7494	599.774	500.0621	3.4644	158.9902	
demographic.popSize2	268.5459	436.4935	131.5335	3.5123E-3	974.3176	1447.0715	6.8E-4	131.5335	
demographic.popSize3	269.8368	464.1802	134.2406	5.7326E-3	968.9201	1508.0279	0.0705	134.2946	
demographic.popSize4	267.1496	431.6015	130.5105	0.0119	977.2305	1466.5411	9.8269E-3	130.5105	
demographic.popSize5	269.0118	441.2239	132.6841	8.9366E-3	970.6505	1473.4905	0.0379	132.7109	
demographic.popSize6	266.1649	426.4629	134.1075	7.3031E-4	933.5815	1431.8798	3.7344E-3	134.1075	
demographic.popSize7	257.6895	423.7311	123.9344	5.199E-4	946.2136	1436.8623	0.039	123.9706	
demographic.popSize8	260.9691	429.1354	127.2428	7.7948E-3	927.7681	1513.1258	7.7948E-3	127.2428	
demographic.popSize9	267.1072	447.1602	130.1445	8.2716E-3	961.3162	1412.7182	5.692E-3	130.1445	
demographic.popSize10	268.998	442.2042	130.0671	4.2577E-3	986.9174	1412.1164	4.2577E-3	130.0671	
demographic.popSize11	246.0102	400.7474	119.1185	6.2113E-3	890.2542	1450.3269	0.0315	119.1337	
demographic.popSize12	262.1658	430.8226	127.9059	3.8265E-3	936.6886	1452.169	1.7212E-3	127.9059	
demographic.popSize13	264.9914	447.1552	129.7739	4.8301E-3	942.2307	1487.3402	8.3215E-3	129.775	
demographic.popSize14	259.2049	437.7628	124.8318	5.3331E-3	939.336	1502.1678	5.3331E-3	124.8358	
demographic.popSize15	256.1405	430.4917	121.4277	1.1401E-3	929.2072	1399.2162	0.0347	121.4524	
demographic.popSize16	235.5246	428.9976	99.0023	0.0128	912.7141	1252.7384	0.0438	99.0218	
demographic.popSize17	209.2176	369.1835	90.5006	0.0176	805.4004	1357.6355	0.0176	90.5006	
demographic.popSize18	264.391	438.9014	126.8709	0.0318	952.0573	1418.2896	0.0418	126.8709	
demographic.popSize19	219.5879	397.6123	92.7801	2.3E-3	845.2556	1280.3856	0.071	92.7973	
demographic.popSize20	261.2721	439.4436	124.4113	2.795E-3	948.3015	1387.8115	3.1694E-3	124.4115	
demographic.popSize21	238.1382	444.6646	104.0567	6.212E-3	886.1061	1244.3792	6.212E-3	104.0567	
demographic.popSize22	259.1708	449.488	123.1878	4.1053E-3	938.1973	1359.67	4.1053E-3	123.1878	
demographic.popSize23	260.5084	424.0777	127.2384	5.8117E-3	943.7592	1450.11	5.8117E-3	127.2384	
demographic.popSize24	266.6579	436.3171	131.6407	1.801E-3	953.9506	1478.6271	0.0233	131.6466	
demographic.popSize25	265.7557	440.1537	133.5181	1.3566E-3	935.2435	1370.5949	1.3566E-3	133.5181	
demographic.popSize26	269.5437	432.8742	134.0693	7.8719E-3	952.9763	1487.8768	0.1616	134.1803	
demographic.popSize27	268.8221	444.3374	135.0765	8.6795E-3	955.425	1423.3512	8.6795E-3	135.0765	
demographic.popSize28	271.7308	449.7112	135.314	0.0115	963.4503	1440.662	0.0584	135.3208	
demographic.popSize29	275.7789	440.5448	140.7372	4.3513E-3	969.7297	1418.8124	4.3513E-3	140.7372	
demographic.popSize30	266.4715	422.085	134.5163	5.7376E-3	955.9286	1443.7017	0.0197	134.5278	
demographic.popSize31	272.3568	439.079	137.1672	2.7501E-4	974.0699	1423.5669	2.3737E-3	137.1672	
demographic.popSize32	268.9252	414.5734	136.55	4.8665E-3	966.8557	1468.6187	4.8665E-3	136.55	
demographic.popSize33	270.9268	428.4726	135.75	1.0241E-4	957.0132	1506.5551	2.7541E-3	135.7509	
demographic.popSize34	270.2732	433.6425	137.2092	0.0268	953.2349	1501.0134	0.0101	137.2092	
demographic.popSize35	264.8577	408.8634	134.2607	3.7089E-3	940.017	1434.0131	0.0581	134.305	
demographic.popSize36	269.058	436.6647	135.4982	0.041	961.7143	1492.5522	0.041	135.5224	
demographic.popSize37	270.8405	432.2716	134.4288	0.012	961.3371	1412.4931	0.0459	134.4451	
demographic.popSize38	271.1576	427.3469	135.6758	1.875E-3	949.657	1525.4927	7.1495E-4	135.6758	
demographic.popSize39	271.8003	427.4831	137.1944	4.3022E-3	972.8268	1443.9713	4.3022E-3	137.1944	
demographic.popSize40	272.847	444.8624	136.1054	1.9548E-3	971.4761	1497.7032	1.9548E-3	136.1054	
demographic.popSize41	270.5526	425.6958	137.24	1.3272E-3	961.9007	1409.8906	8.3394E-3	137.24	
demographic.popSize42	269.6489	426.5586	134.1817	7.8866E-4	960.1699	1416.1165	0.0304	134.211	
demographic.popSize43	271.2906	440.1098	134.4149	0.0101	978.0595	1492.0466	0.0101	134.4149	
demographic.popSize44	271.2944	418.8704	138.0269	7.0903E-3	958.6469	1467.9954	6.9413E-4	138.0269	
demographic.popSize45	267.9186	412.708	134.7679	0.0151	970.7573	1480.1547	0.0269	134.7679	
demographic.popSize46	272.3533	440.5888	137.6531	0.0119	954.4489	1520.6958	0.0169	137.6531	
demographic.popSize47	270.2612	435.7157	137.1534	7.4335E-5	957.8863	1484.733	2.9019E-3	137.1534	
demographic.popSize48	273.7462	427.233	138.6015	3.3672E-3	959.948	1396.6194	3.3672E-3	138.6015	
demographic.popSize49	272.524	445.3748	134.9919	3.2776E-3	971.9005	1444.9618	5.8161E-4	134.9919	
demographic.popSize50	271.8967	447.1202	135.4413	1.6193E-3	957.7135	1481.6964	0.0466	135.4594	
demographic.popSize51	270.8387	451.0479	135.248	1.4196E-3	946.7627	1503.4674	1.4196E-3	135.248	
demographic.popSize52	273.0549	424.6837	135.4309	0.0137	969.5772	1396.83	0.0121	135.4309	
demographic.popSize53	276.3743	452.0578	136.8062	0.0102	983.499	1363.3861	0.0111	136.8062	
demographic.popSize54	266.6376	416.8348	136.2093	1.8512E-3	953.8776	1469.0736	1.8512E-3	136.2093	
demographic.popSize55	274.326	430.0059	137.3227	2.9275E-3	979.182	1373.4078	2.9275E-3	137.3227	
demographic.popSize56	275.3474	428.0485	139.1102	2.8155E-3	1004.2453	1335.2003	2.8155E-3	139.1102	
demographic.popSize57	275.2007	434.8685	137.8121	0.02	966.6212	1399.3539	0.02	137.8121	
demographic.popSize58	268.3901	421.0689	134.9161	6.0919E-3	962.2561	1440.5555	6.0919E-3	134.9176	
demographic.popSize59	270.5012	414.2769	136.3759	2.5744E-3	955.835	1486.4325	2.5744E-3	136.3759	
demographic.popSize60	272.6735	439.3044	136.512	1.033E-3	965.4875	1579.108	0.0115	136.5134	
demographic.popSize61	274.0975	451.6522	134.0189	0.057	1001.4622	1392.9142	0.0711	134.0306	
demographic.popSize62	271.1517	420.4624	135.0624	0.0103	956.7021	1396.5936	0.0412	135.0699	
demographic.popSize63	271.2361	423.7342	138.7251	1.1971E-3	954.6896	1428.9888	1.1971E-3	138.7251	
demographic.popSize64	272.533	438.3604	136.1489	2.9917E-3	946.2804	1505.0691	2.9917E-3	136.1489	
demographic.popSize65	270.8154	433.5683	134.792	1.7932E-3	945.3959	1561.5172	0.0269	134.794	
demographic.popSize66	277.6088	457.343	135.8662	4.8106E-3	992.4011	1443.12	0.0467	135.8921	
demographic.popSize67	271.5152	441.1698	135.6706	0.0181	972.2533	1389.0445	8.2464E-3	135.6706	
demographic.popSize68	273.2512	435.1556	138.2531	0.0173	950.2888	1426.7302	0.0114	138.2531	
demographic.popSize69	272.1212	436.1647	135.4645	4.6857E-3	974.5222	1394.8669	4.6857E-3	135.4645	
demographic.popSize70	277.6581	422.619	138.2468	8.9579E-3	960.7771	1380.4923	0.0149	138.2477	
demographic.popSize71	273.8238	442.1619	134.3332	5.5417E-3	984.179	1397.8868	5.5417E-3	134.3332	
demographic.popSize72	269.1922	436.9675	132.109	3.4863E-3	942.8566	1478.3697	0.0106	132.1108	
demographic.popSize73	279.5612	438.7347	137.9124	0.0207	1013.1536	1290.616	7.3849E-3	137.9124	
demographic.popSize74	274.4004	435.4152	138.1476	0.0133	959.4952	1510.7038	0.0133	138.1476	
demographic.popSize75	286.0828	440.756	139.3339	8.4512E-4	1025.9034	1220.3142	8.4512E-4	139.3339	
demographic.popSize76	281.2407	455.5621	136.8009	2.1565E-3	988.5715	1260.1314	2.7553E-3	136.8014	
demographic.popSize77	277.3598	445.1548	137.2408	2.2796E-3	972.4664	1388.2487	2.2796E-3	137.2408	
demographic.popSize78	266.5236	425.8507	130.2449	1.7824E-3	935.2578	1404.5784	1.7824E-3	130.2449	
demographic.popSize79	279.574	454.6842	135.0862	0.0937	1024.8387	1315.7573	1.8399E-3	135.0862	
demographic.popSize80	273.8311	428.9038	137.056	1.8486E-3	960.4272	1404.1911	1.8486E-3	137.056	
demographic.popSize81	266.7581	410.9155	133.9189	0.1518	957.5313	1474.7938	1.444E-3	133.9189	
demographic.popSize82	274.6112	430.7943	138.6408	4.8929E-3	956.5623	1411.3868	4.8929E-3	138.6408	
demographic.popSize83	270.4773	428.9537	135.5929	2.2458E-3	955.8855	1487.7338	2.2458E-3	135.5929	
demographic.popSize84	275.0518	433.2466	136.4295	4.7938E-3	982.7108	1376.3397	8.2463E-3	136.4295	
demographic.popSize85	273.9759	436.3749	136.7215	0.0298	964.248	1489.0904	0.0298	136.7228	
demographic.popSize86	266.2207	419.0815	130.6088	8.667E-3	965.8231	1367.4925	5.4497E-3	130.6088	
demographic.popSize87	273.9756	429.8067	134.8273	0.0178	967.2719	1336.7742	0.0178	134.8273	
demographic.popSize88	271.8915	440.9731	136.0735	1.9166E-3	954.7714	1373.9021	1.9166E-3	136.0735	
demographic.popSize89	273.8192	431.4185	133.343	2.3975E-3	998.5427	1418.2428	0.0115	133.343	
demographic.popSize90	262.1951	413.5108	128.8854	6.6754E-3	936.9806	1448.7822	0.0273	128.8854	
demographic.popSize91	274.3806	463.2358	132.9771	0.0639	984.4816	1459.8157	0.0256	132.9771	
demographic.popSize92	272.9137	436.9521	136.0104	1.3653E-4	966.877	1509.4408	2.2292E-3	136.0111	
demographic.popSize93	263.3729	426.4597	128.0309	0.0103	929.0556	1472.8965	0.0103	128.0309	
demographic.popSize94	264.8973	413.0647	133.0225	0.017	949.3358	1491.2497	0.017	133.0238	
demographic.popSize95	261.8145	420.0608	127.6064	0.0236	937.5937	1429.5207	0.0235	127.6148	
demographic.popSize96	262.0888	414.7395	129.7742	2.2766E-4	922.436	1456.891	2.2766E-4	129.7742	
demographic.popSize97	266.8205	423.4573	133.4294	2.4897E-3	950.5422	1515.7321	0.0198	133.4346	
demographic.popSize98	271.3593	436.9222	129.9084	2.0921E-3	986.2683	1387.6702	0.0234	129.9125	
demographic.popSize99	267.3726	430.6855	130.9019	4.0171E-4	942.8612	1471.0162	3.7484E-3	130.9019	
demographic.popSize100	265.7745	422.1663	130.9969	1.2703E-3	967.5397	1477.5425	9.4978E-3	131.003	
demographic.popSize101	267.3604	434.9774	130.9092	0.0182	960.407	1597.9164	0.0182	130.9092	
demographic.popSize102	271.0369	435.9107	133.7171	5.0676E-3	973.575	1440.7136	0.0503	133.7658	
demographic.popSize103	265.4914	423.3801	131.832	1.1523E-3	938.3183	1436.7149	4.3795E-3	131.8332	
demographic.popSize104	268.2907	444.752	128.3277	2.1106E-3	964.1591	1476.9638	0.0647	128.3738	
demographic.popSize105	264.4386	426.4234	131.2759	3.4694E-3	938.7764	1428.5934	3.4694E-3	131.2759	
demographic.popSize106	267.3233	437.3448	130.7557	2.1228E-3	957.5226	1459.3529	2.1228E-3	130.7565	
demographic.popSize107	264.9576	416.6118	130.7739	4.8651E-3	955.143	1438.5122	3.5376E-3	130.7739	
demographic.popSize108	268.7847	436.0062	131.0086	2.0028E-3	969.9633	1509.689	0.0373	131.0267	
demographic.popSize109	264.6969	422.4014	131.3113	2.2618E-5	939.5812	1423.9394	9.6901E-3	131.3189	
demographic.popSize110	269.8768	455.4982	130.8616	0.0193	966.0502	1533.3656	0.012	130.8616	
demographic.popSize111	261.4506	407.7494	132.3341	2.1987E-3	935.2123	1434.5955	0.0303	132.3422	
demographic.popSize112	268.3332	431.4895	131.9225	2.4802E-3	942.5567	1409.7543	2.4802E-3	131.9225	
demographic.popSize113	264.4462	432.1026	128.4377	7.8625E-3	972.4085	1504.1072	6.9562E-3	128.4377	
demographic.popSize114	264.5459	434.6997	129.2838	7.504E-3	946.1442	1543.7132	7.504E-3	129.2838	
demographic.popSize115	267.1171	429.7656	131.2828	1.1062E-3	959.9651	1380.7365	1.1062E-3	131.2828	
demographic.popSize116	267.2281	436.6441	130.8452	4.3434E-3	964.1798	1436.0716	1.591E-3	130.8452	
demographic.popSize117	260.4652	431.0842	125.3983	4.3311E-4	922.1399	1361.2352	2.3534E-3	125.3995	
demographic.popSize118	264.1507	425.7511	129.4555	4.4296E-3	935.163	1495.012	4.4296E-3	129.4555	
demographic.popSize119	263.2719	436.2145	127.9049	0.0102	954.011	1488.6272	0.0458	127.9251	
demographic.popSize120	263.2356	432.6293	130.0634	6.7908E-3	923.995	1492.992	0.0432	130.0787	
demographic.popSize121	264.6431	442.6492	129.1872	3.5301E-3	948.0773	1534.487	0.0204	129.1999	
demographic.popSize122	265.6516	421.0242	130.7036	6.3219E-4	940.0296	1456.7533	5.2493E-3	130.7066	
demographic.popSize123	264.6814	414.4639	131.4496	0.0188	950.3608	1442.1416	0.0124	131.4513	
demographic.popSize124	261.397	410.7409	129.3631	8.3971E-3	941.3796	1496.5644	0.021	129.3709	
demographic.popSize125	260.5439	425.8543	127.2279	6.6415E-4	929.8659	1409.717	6.6415E-4	127.2279	
demographic.popSize126	264.1524	419.4368	129.6447	3.8293E-3	959.2023	1457.8885	5.3008E-3	129.6447	
demographic.popSize127	263.3048	433.8636	128.5851	0.0137	964.2031	1572.5341	0.0506	128.5896	
demographic.popSize128	266.7857	431.2795	130.6987	0.0161	946.3664	1429.2532	1.8426E-3	130.6987	
demographic.popSize129	266.8567	440.9423	132.2118	2.2502E-3	940.1998	1521.2156	0.0178	132.2118	
demographic.popSize130	260.6602	412.9891	128.2557	1.74E-3	933.8136	1457.4224	0.0752	128.2906	
demographic.popSize131	262.4566	419.6823	128.3381	0.019	946.0638	1443.2415	0.0236	128.3551	
demographic.popSize132	264.7373	433.6193	130.2046	0.0128	938.3014	1519.4074	0.0237	130.2051	
demographic.popSize133	261.5124	422.7757	127.4319	6.6947E-3	945.442	1422.0399	6.6947E-3	127.4319	
demographic.popSize134	264.3827	426.5654	130.91	1.6179E-3	949.201	1484.7334	1.6179E-3	130.91	
demographic.popSize135	267.7962	423.0144	132.7515	3.0857E-3	947.6305	1479.7797	3.0857E-3	132.7515	
demographic.popSize136	267.1544	431.1766	133.0959	8.7434E-4	958.7974	1485.5674	0.052	133.1321	
demographic.popSize137	267.9462	434.7127	131.103	9.2536E-4	970.0877	1457.8729	9.2536E-4	131.103	
demographic.popSize138	263.1634	420.0767	130.6889	3.605E-3	925.5238	1473.1258	0.0246	130.6945	
demographic.popSize139	263.2265	414.4677	132.2402	4.8402E-4	932.0751	1495.4354	4.8402E-4	132.2402	
demographic.popSize140	262.9802	414.964	130.2387	2.0448E-3	950.5402	1386.7561	2.0448E-3	130.2387	
demographic.popSize141	266.7887	426.5243	132.0531	0.0141	975.3432	1520.721	0.0302	132.0597	
demographic.popSize142	256.9531	405.7235	127.1142	0.0137	925.7697	1614.9843	0.0137	127.1171	
demographic.popSize143	264.293	429.5734	129.626	0.0128	935.8009	1431.0228	2.3193E-3	129.626	
demographic.popSize144	265.1059	428.252	130.1359	0.0103	934.4213	1455.6186	0.0103	130.1377	
demographic.popSize145	268.3267	430.8629	135.042	5.5105E-4	959.7293	1482.1523	9.3109E-3	135.042	
demographic.popSize146	267.1683	438.9275	131.9227	0.0211	946.5129	1446.5367	0.0211	131.9227	
demographic.popSize147	263.3192	418.0704	130.4891	0.018	947.0004	1402.957	0.018	130.4891	
demographic.popSize148	271.1882	471.0421	132.2958	2.7743E-4	959.1268	1502.3839	5.1179E-5	132.2958	
demographic.popSize149	262.798	414.8167	129.9627	6.746E-3	939.2213	1440.3453	6.746E-3	129.9627	
demographic.popSize150	265.4281	417.6338	131.9449	4.9178E-3	954.8459	1471.4045	0.0199	131.9596	
demographic.popSize151	269.0284	444.6243	129.9953	1.23E-3	967.6751	1408.1744	7.2838E-3	130.001	
demographic.popSize152	262.7416	427.5012	129.9685	3.3528E-3	940.121	1552.9291	5.4709E-3	129.9685	
demographic.popSize153	262.9551	415.6488	132.5197	0.0292	937.3349	1480.4267	3.4123E-3	132.5197	
demographic.popSize154	264.6796	417.5352	129.9693	2.9177E-3	952.7875	1418.9071	2.9177E-3	129.9693	
demographic.popSize155	269.2932	453.2842	132.225	6.646E-3	982.6489	1434.9748	6.646E-3	132.225	
demographic.popSize156	263.8835	416.6524	130.6511	0.0245	948.537	1515.0302	0.0226	130.6511	
demographic.popSize157	266.8802	431.1668	131.0498	2.6077E-3	937.5093	1483.7342	2.6077E-3	131.0498	
demographic.popSize158	264.434	447.713	130.3041	3.1509E-3	943.8663	1642.8058	0.0247	130.309	
demographic.popSize159	267.1467	432.9309	129.6714	7.8823E-4	966.656	1354.1653	2.4975E-3	129.6725	
demographic.popSize160	264.4931	414.0642	131.0609	6.1216E-4	963.6931	1511.4028	6.1216E-4	131.0609	
demographic.popSize161	267.7964	440.7063	131.1795	1.7653E-4	953.245	1348.2293	0.0219	131.1795	
demographic.popSize162	268.2182	426.9777	131.5985	6.6911E-4	958.1551	1448.3469	6.6911E-4	131.5985	
demographic.popSize163	265.985	455.9958	129.7933	0.0126	936.6924	1480.2201	0.0184	129.7949	
demographic.popSize164	265.7704	426.0269	131.0046	8.4513E-5	955.3519	1506.471	8.4513E-5	131.0046	
demographic.popSize165	266.534	425.3401	130.569	0.0131	961.0092	1408.6274	3.343E-3	130.569	
demographic.popSize166	266.9634	430.8123	131.773	0.0208	957.2316	1527.6657	0.0208	131.7815	
demographic.popSize167	265.5488	452.1207	129.6106	5.9433E-4	946.5055	1519.7887	5.9433E-4	129.6106	
demographic.popSize168	268.9368	431.5009	130.3002	4.1668E-3	984.1362	1423.549	0.0224	130.3019	
demographic.popSize169	263.1269	440.813	131.0469	7.8481E-3	936.8253	1489.0644	0.0393	131.0687	
demographic.popSize170	261.9839	430.2841	129.5054	0.0273	928.0768	1473.3508	0.0454	129.5153	
demographic.popSize171	265.9497	427.3185	130.1131	4.7207E-3	956.065	1446.3357	0.0337	130.1372	
demographic.popSize172	263.253	425.8111	129.2254	1.1867E-3	957.9229	1409.6381	0.0202	129.2254	
demographic.popSize173	269.0214	445.109	132.478	2.0049E-3	956.0556	1472.2635	0.0147	132.4812	
demographic.popSize174	262.5875	422.0899	129.6048	9.8158E-4	939.467	1469.0413	9.8158E-4	129.6048	
demographic.popSize175	266.9469	434.93	131.1029	5.1033E-3	940.6083	1395.1572	0.0251	131.1029	
demographic.popSize176	269.0917	442.25	130.7576	4.6846E-3	965.1143	1393.2556	4.6846E-3	130.7576	
demographic.popSize177	265.1591	460.9658	128.4177	5.2177E-3	937.3878	1457.7559	0.018	128.4228	
demographic.popSize178	261.8186	419.2615	128.9117	0.0172	952.1932	1528.0295	6.605E-3	128.9117	
demographic.popSize179	267.1264	439.0478	131.4518	3.1264E-3	955.6401	1471.0294	0.1091	131.5304	
demographic.popSize180	264.6624	432.3903	129.5735	2.1743E-3	947.6258	1462.5882	2.1743E-3	129.5735	
demographic.popSize181	266.6986	445.3612	128.6178	1.1931E-3	968.1326	1450.6437	7.9744E-3	128.6178	
demographic.popSize182	262.9087	415.6142	131.4978	2.6084E-3	940.6358	1531.1144	2.6084E-3	131.4978	
demographic.popSize183	262.862	437.2088	126.443	0.0178	951.2168	1386.5806	9.1202E-3	126.443	
demographic.popSize184	265.2624	440.4019	129.9105	0.0145	951.6977	1634.5935	0.0132	129.9105	
demographic.popSize185	266.6281	442.2917	129.963	3.7134E-3	962.6979	1514.198	3.7134E-3	129.963	
demographic.popSize186	270.3473	458.2238	129.2337	1.4968E-3	962.6855	1382.8641	0.022	129.2415	
demographic.popSize187	267.1707	437.9869	129.1165	1.5551E-3	965.2621	1513.1392	0.0124	129.1211	
demographic.popSize188	264.2659	436.0766	127.7261	3.3623E-3	950.4705	1463.6048	3.3623E-3	127.7261	
demographic.popSize189	261.6348	410.3438	127.0573	3.0983E-5	942.6688	1479.405	0.0106	127.0646	
demographic.popSize190	268.8443	442.1441	131.9814	1.4586E-3	967.3115	1464.6346	1.4586E-3	131.9814	
demographic.popSize191	265.1556	450.114	125.1573	8.1693E-3	966.1694	1511.5038	8.1693E-3	125.1573	
demographic.popSize192	265.0642	428.4836	129.1429	0.0127	957.6087	1479.5152	0.0105	129.1429	
demographic.popSize193	266.5286	445.5355	130.5968	9.941E-4	954.3073	1520.8011	9.941E-4	130.5968	
demographic.popSize194	261.7349	428.5431	128.2611	0.012	951.7926	1535.6472	0.0115	128.2636	
demographic.popSize195	266.9571	442.9722	131.1362	3.9675E-3	951.5222	1383.5452	0.0305	131.1408	
demographic.popSize196	265.8135	448.441	129.7633	7.6149E-3	951.3198	1506.3831	0.0429	129.7659	
demographic.popSize197	263.8823	437.3738	130.4813	0.0177	934.5137	1442.7804	0.0177	130.4813	
demographic.popSize198	261.3355	415.3543	129.1094	0.0183	949.6828	1429.0215	0.0111	129.115	
demographic.popSize199	265.0538	438.8217	128.4865	3.5619E-4	957.9972	1445.7579	0.0848	128.5627	
demographic.popSize200	263.107	441.4185	127.7117	6.8346E-3	933.9338	1397.908	6.8346E-3	127.7117	
demographic.indicators1	3.0287E-3	0.0549	0	0	0	11658.3454	0	0	
demographic.indicators2	1.9193E-3	0.0438	0	0	0	6772.1571	0	0	
demographic.indicators3	0.0172	0.13	0	0	0	435.1532	0	0	
demographic.indicators4	4.9987E-3	0.0705	0	0	0	1119.9372	0	0	
demographic.indicators5	5.184E-3	0.0718	0	0	0	732.3429	0	0	
demographic.indicators6	0.0297	0.1699	0	0	0	462.7669	0	0	
demographic.indicators7	0.0299	0.1702	0	0	0	406.8912	0	0	
demographic.indicators8	6.7307E-3	0.0818	0	0	0	658.8497	0	0	
demographic.indicators9	9.2913E-3	0.0959	0	0	0	601.2266	0	0	
demographic.indicators10	0.042	0.2005	0	0	0	405.8233	0	0	
demographic.indicators11	0.0221	0.1469	0	0	0	479.4345	0	0	
demographic.indicators12	0.0143	0.1188	0	0	0	573.2952	0	0	
demographic.indicators13	0.0302	0.1711	0	0	0	532.6528	0	0	
demographic.indicators14	0.0338	0.1808	0	0	0	448.5142	0	0	
demographic.indicators15	0.1433	0.3504	0	0	1	403.3438	0	0	
demographic.indicators16	0.1686	0.3744	0	0	1	392.1078	0	0	
demographic.indicators17	0.0362	0.1868	0	0	0	504.1246	0	0	
demographic.indicators18	0.1536	0.3606	0	0	1	402.9272	0	0	
demographic.indicators19	0.0372	0.1893	0	0	0	424.3969	0	0	
demographic.indicators20	0.1249	0.3306	0	0	1	404.4997	0	0	
demographic.indicators21	0.0484	0.2146	0	0	0	445.6621	0	0	
demographic.indicators22	0.0405	0.1972	0	0	0	429.5049	0	0	
demographic.indicators23	0.0233	0.1509	0	0	0	628.3881	0	0	
demographic.indicators24	0.0185	0.1347	0	0	0	630.022	0	0	
demographic.indicators25	5.596E-3	0.0746	0	0	0	2276.3043	0	0	
demographic.indicators26	0.0134	0.115	0	0	0	1061.1312	0	0	
demographic.indicators27	0.0142	0.1185	0	0	0	863	0	0	
demographic.indicators28	0.0198	0.1394	0	0	0	670.49	0	0	
demographic.indicators29	0.0108	0.1036	0	0	0	1018.6828	0	0	
demographic.indicators30	0.0145	0.1193	0	0	0	653.965	0	0	
demographic.indicators31	0.0148	0.1208	0	0	0	926.4313	0	0	
demographic.indicators32	0.0128	0.1124	0	0	0	985.5935	0	0	
demographic.indicators33	0.0158	0.1246	0	0	0	960.4829	0	0	
demographic.indicators34	0.012	0.109	0	0	0	1169.3134	0	0	
demographic.indicators35	0.0134	0.1152	0	0	0	955.7051	0	0	
demographic.indicators36	0.013	0.1135	0	0	0	1204.913	0	0	
demographic.indicators37	0.0139	0.1171	0	0	0	857.1628	0	0	
demographic.indicators38	0.0169	0.1289	0	0	0	937.6903	0	0	
demographic.indicators39	0.0146	0.1201	0	0	0	787.2237	0	0	
demographic.indicators40	0.0145	0.1193	0	0	0	990.8023	0	0	
demographic.indicators41	0.0127	0.1122	0	0	0	980.8476	0	0	
demographic.indicators42	0.0143	0.1187	0	0	0	975.7792	0	0	
demographic.indicators43	0.0171	0.1295	0	0	0	1117.065	0	0	
demographic.indicators44	8.7047E-3	0.0929	0	0	0	961.4867	0	0	
demographic.indicators45	0.0159	0.1251	0	0	0	1002.4256	0	0	
demographic.indicators46	0.0139	0.1169	0	0	0	912.9887	0	0	
demographic.indicators47	0.0202	0.1407	0	0	0	1044.8957	0	0	
demographic.indicators48	0.0106	0.1023	0	0	0	1508.5665	0	0	
demographic.indicators49	0.0149	0.1211	0	0	0	905.0894	0	0	
demographic.indicators50	0.0112	0.1051	0	0	0	1172.4223	0	0	
demographic.indicators51	0.0116	0.1071	0	0	0	1273.0411	0	0	
demographic.indicators52	0.022	0.1468	0	0	0	939.2247	0	0	
demographic.indicators53	0.0161	0.1257	0	0	0	816.1025	0	0	
demographic.indicators54	0.023	0.1498	0	0	0	1051.7428	0	0	
demographic.indicators55	0.0196	0.1387	0	0	0	639.2752	0	0	
demographic.indicators56	0.0214	0.1448	0	0	0	654.1983	0	0	
demographic.indicators57	0.0117	0.1077	0	0	0	1200.0905	0	0	
demographic.indicators58	0.0151	0.1221	0	0	0	926.1815	0	0	
demographic.indicators59	0.0117	0.1078	0	0	0	902.593	0	0	
demographic.indicators60	0.014	0.1176	0	0	0	1090.1014	0	0	
demographic.indicators61	0.0192	0.1373	0	0	0	703.2668	0	0	
demographic.indicators62	0.0147	0.1205	0	0	0	968.9436	0	0	
demographic.indicators63	0.0164	0.1271	0	0	0	931.8951	0	0	
demographic.indicators64	0.0171	0.1297	0	0	0	936.9377	0	0	
demographic.indicators65	9.8673E-3	0.0988	0	0	0	1159.6459	0	0	
demographic.indicators66	0.0109	0.1038	0	0	0	1388.0751	0	0	
demographic.indicators67	0.0194	0.1378	0	0	0	833.7126	0	0	
demographic.indicators68	7.6313E-3	0.087	0	0	0	2697.6865	0	0	
demographic.indicators69	0.0227	0.1489	0	0	0	864.7726	0	0	
demographic.indicators70	0.0204	0.1414	0	0	0	844.4603	0	0	
demographic.indicators71	0.0119	0.1084	0	0	0	1067.1722	0	0	
demographic.indicators72	0.0239	0.1527	0	0	0	644.7145	0	0	
demographic.indicators73	0.0168	0.1283	0	0	0	991.6254	0	0	
demographic.indicators74	0.0287	0.167	0	0	0	565.9812	0	0	
demographic.indicators75	0.0243	0.1541	0	0	0	763.847	0	0	
demographic.indicators76	0.02	0.1401	0	0	0	791.1857	0	0	
demographic.indicators77	0.0204	0.1413	0	0	0	860.1351	0	0	
demographic.indicators78	0.0196	0.1388	0	0	0	716.4846	0	0	
demographic.indicators79	0.0224	0.1479	0	0	0	842.2512	0	0	
demographic.indicators80	0.0157	0.1244	0	0	0	760.6103	0	0	
demographic.indicators81	0.0192	0.1373	0	0	0	1074.6722	0	0	
demographic.indicators82	0.0104	0.1016	0	0	0	1814.2098	0	0	
demographic.indicators83	0.0172	0.1299	0	0	0	969.7485	0	0	
demographic.indicators84	0.0174	0.1309	0	0	0	804.8039	0	0	
demographic.indicators85	0.0217	0.1456	0	0	0	719.0153	0	0	
demographic.indicators86	0.0157	0.1241	0	0	0	734.2431	0	0	
demographic.indicators87	8.9387E-3	0.0941	0	0	0	1653.339	0	0	
demographic.indicators88	0.011	0.1041	0	0	0	963.0445	0	0	
demographic.indicators89	0.0178	0.1321	0	0	0	671.9672	0	0	
demographic.indicators90	0.0139	0.1172	0	0	0	966.5871	0	0	
demographic.indicators91	0.0204	0.1412	0	0	0	756.8102	0	0	
demographic.indicators92	0.0159	0.1249	0	0	0	680.627	0	0	
demographic.indicators93	0.0151	0.122	0	0	0	816.9881	0	0	
demographic.indicators94	0.022	0.1468	0	0	0	614.0926	0	0	
demographic.indicators95	0.0129	0.113	0	0	0	757.6697	0	0	
demographic.indicators96	0.0151	0.122	0	0	0	825.3889	0	0	
demographic.indicators97	0.0173	0.1306	0	0	0	666.6431	0	0	
demographic.indicators98	0.0107	0.103	0	0	0	1084.9971	0	0	
demographic.indicators99	0.0116	0.1071	0	0	0	1085.8289	0	0	
demographic.indicators100	9.1727E-3	0.0953	0	0	0	1044.1851	0	0	
demographic.indicators101	0.0101	0.1002	0	0	0	990.1514	0	0	
demographic.indicators102	9.0487E-3	0.0947	0	0	0	1021.0399	0	0	
demographic.indicators103	0.0124	0.1108	0	0	0	1012.3786	0	0	
demographic.indicators104	6.7353E-3	0.0818	0	0	0	997.8262	0	0	
demographic.indicators105	0.0104	0.1015	0	0	0	1388.8182	0	0	
demographic.indicators106	9.0413E-3	0.0947	0	0	0	1410.8471	0	0	
demographic.indicators107	7.5027E-3	0.0863	0	0	0	1473.8525	0	0	
demographic.indicators108	0.0124	0.1108	0	0	0	987.2541	0	0	
demographic.indicators109	9.686E-3	0.0979	0	0	0	1018.1945	0	0	
demographic.indicators110	0.0157	0.1244	0	0	0	667.273	0	0	
demographic.indicators111	7.76E-3	0.0877	0	0	0	1421.8069	0	0	
demographic.indicators112	0.0125	0.1112	0	0	0	780.7157	0	0	
demographic.indicators113	0.0146	0.1198	0	0	0	859.7512	0	0	
demographic.indicators114	0.0103	0.1008	0	0	0	1209.6474	0	0	
demographic.indicators115	9.4267E-3	0.0966	0	0	0	1377.1972	0	0	
demographic.indicators116	0.021	0.1435	0	0	0	631.0677	0	0	
demographic.indicators117	0.0131	0.1138	0	0	0	764.5419	0	0	
demographic.indicators118	6.7833E-3	0.0821	0	0	0	1673.1109	0	0	
demographic.indicators119	9.3733E-3	0.0964	0	0	0	1091.4397	0	0	
demographic.indicators120	0.017	0.1292	0	0	0	702.7624	0	0	
demographic.indicators121	9.7107E-3	0.0981	0	0	0	1028.4736	0	0	
demographic.indicators122	0.012	0.1088	0	0	0	1064.6211	0	0	
demographic.indicators123	9.3547E-3	0.0963	0	0	0	1109.7754	0	0	
demographic.indicators124	0.0133	0.1147	0	0	0	737.4524	0	0	
demographic.indicators125	8.8873E-3	0.0939	0	0	0	914.0394	0	0	
demographic.indicators126	0.0132	0.1139	0	0	0	753.6269	0	0	
demographic.indicators127	0.0109	0.1037	0	0	0	1521.4358	0	0	
demographic.indicators128	8.2813E-3	0.0906	0	0	0	1411.6409	0	0	
demographic.indicators129	0.0113	0.1056	0	0	0	933.0805	0	0	
demographic.indicators130	0.0158	0.1246	0	0	0	854.5719	0	0	
demographic.indicators131	0.0113	0.1058	0	0	0	1053.3028	0	0	
demographic.indicators132	0.0179	0.1324	0	0	0	694.7009	0	0	
demographic.indicators133	7.6493E-3	0.0871	0	0	0	1521.8523	0	0	
demographic.indicators134	0.0113	0.1057	0	0	0	1370.9115	0	0	
demographic.indicators135	5.7887E-3	0.0759	0	0	0	2126.3873	0	0	
demographic.indicators136	8.9093E-3	0.094	0	0	0	1522.8934	0	0	
demographic.indicators137	0.0147	0.1203	0	0	0	1102.7946	0	0	
demographic.indicators138	0.0104	0.1016	0	0	0	923.2969	0	0	
demographic.indicators139	6.928E-3	0.0829	0	0	0	3085.7041	0	0	
demographic.indicators140	8.008E-3	0.0891	0	0	0	958.3269	0	0	
demographic.indicators141	0.0157	0.1245	0	0	0	691.898	0	0	
demographic.indicators142	5.5907E-3	0.0746	0	0	0	1728.9753	0	0	
demographic.indicators143	7.2067E-3	0.0846	0	0	0	1888.0887	0	0	
demographic.indicators144	5.06E-3	0.071	0	0	0	4315.0766	0	0	
demographic.indicators145	7.8747E-3	0.0884	0	0	0	897.2532	0	0	
demographic.indicators146	0.012	0.1087	0	0	0	1000.9475	0	0	
demographic.indicators147	8.144E-3	0.0899	0	0	0	1631.9467	0	0	
demographic.indicators148	7.584E-3	0.0868	0	0	0	975.3186	0	0	
demographic.indicators149	4.75E-3	0.0688	0	0	0	2535.488	0	0	
demographic.indicators150	3.6513E-3	0.0603	0	0	0	4380.0484	0	0	
demographic.indicators151	9E-3	0.0944	0	0	0	1313.6459	0	0	
demographic.indicators152	6.1467E-3	0.0782	0	0	0	1966.7248	0	0	
demographic.indicators153	8.484E-3	0.0917	0	0	0	1362.8409	0	0	
demographic.indicators154	5.4647E-3	0.0737	0	0	0	2135.4524	0	0	
demographic.indicators155	5.6787E-3	0.0751	0	0	0	1664.8994	0	0	
demographic.indicators156	8.9767E-3	0.0943	0	0	0	1563.6759	0	0	
demographic.indicators157	8.632E-3	0.0925	0	0	0	1290.3257	0	0	
demographic.indicators158	2.9627E-3	0.0543	0	0	0	3787.7548	0	0	
demographic.indicators159	6.6313E-3	0.0812	0	0	0	1217.184	0	0	
demographic.indicators160	5.8807E-3	0.0765	0	0	0	2907.9189	0	0	
demographic.indicators161	6.8627E-3	0.0826	0	0	0	1824.5467	0	0	
demographic.indicators162	5.8413E-3	0.0762	0	0	0	1169.965	0	0	
demographic.indicators163	0.0104	0.1012	0	0	0	749.5659	0	0	
demographic.indicators164	7.4713E-3	0.0861	0	0	0	949.4976	0	0	
demographic.indicators165	9.2267E-3	0.0956	0	0	0	1747.3456	0	0	
demographic.indicators166	0.0101	0.1	0	0	0	709.5192	0	0	
demographic.indicators167	5.7727E-3	0.0758	0	0	0	2643.9249	0	0	
demographic.indicators168	8.7913E-3	0.0933	0	0	0	1087.4984	0	0	
demographic.indicators169	6.0387E-3	0.0775	0	0	0	1038.0049	0	0	
demographic.indicators170	5.5527E-3	0.0743	0	0	0	1764.0607	0	0	
demographic.indicators171	0.0131	0.1137	0	0	0	1066.9192	0	0	
demographic.indicators172	0.0118	0.108	0	0	0	1220.1862	0	0	
demographic.indicators173	0.0154	0.1232	0	0	0	835.4145	0	0	
demographic.indicators174	9.2427E-3	0.0957	0	0	0	1270.2369	0	0	
demographic.indicators175	0.0196	0.1387	0	0	0	870.8208	0	0	
demographic.indicators176	0.0206	0.1422	0	0	0	774.85	0	0	
demographic.indicators177	0.0121	0.1094	0	0	0	1284.7625	0	0	
demographic.indicators178	0.0137	0.1161	0	0	0	949.9284	0	0	
demographic.indicators179	0.0165	0.1275	0	0	0	857.4911	0	0	
demographic.indicators180	0.0182	0.1336	0	0	0	1161.6588	0	0	
demographic.indicators181	0.012	0.1089	0	0	0	1448.5374	0	0	
demographic.indicators182	0.0223	0.1476	0	0	0	843.659	0	0	
demographic.indicators183	0.0193	0.1376	0	0	0	970.5648	0	0	
demographic.indicators184	0.0187	0.1354	0	0	0	912.2441	0	0	
demographic.indicators185	0.0203	0.1411	0	0	0	1118.2771	0	0	
demographic.indicators186	0.0118	0.108	0	0	0	1657.3443	0	0	
demographic.indicators187	0.0197	0.1389	0	0	0	963.2222	0	0	
demographic.indicators188	0.015	0.1214	0	0	0	1518.0379	0	0	
demographic.indicators189	0.0226	0.1486	0	0	0	759.521	0	0	
demographic.indicators190	0.0308	0.1727	0	0	0	777.2067	0	0	
demographic.indicators191	0.0203	0.1409	0	0	0	1231.3193	0	0	
demographic.indicators192	0.0171	0.1296	0	0	0	1105.5361	0	0	
demographic.indicators193	0.0253	0.1572	0	0	0	885.1187	0	0	
demographic.indicators194	0.0172	0.1298	0	0	0	1468.5091	0	0	
demographic.indicators195	0.0161	0.1259	0	0	0	1888.5981	0	0	
demographic.indicators196	0.0202	0.1406	0	0	0	1332.7359	0	0	
demographic.indicators197	0.0221	0.147	0	0	0	1272.3693	0	0	
demographic.indicators198	0.0269	0.1617	0	0	0	968.659	0	0	
demographic.indicators199	0.0256	0.1578	0	0	0	1018.8437	0	0	
kappa	2.3125	0.145	2.3081	2.0249	2.5922	49341.4191	2.1984	2.3929	
frequencies1	0.2804	0.01	0.2803	0.2603	0.2994	24237.2991	0.2733	0.2869	
frequencies2	0.2058	8.5765E-3	0.2057	0.1892	0.2228	25882.9341	0.1998	0.2113	
frequencies3	0.1938	8.3545E-3	0.1937	0.1773	0.2099	28678.7672	0.1878	0.199	
frequencies4	0.32	0.0107	0.3199	0.2994	0.3414	22462.0118	0.3125	0.3269	
alpha	0.4851	0.0374	0.4836	0.4135	0.5595	65970.2901	0.4549	0.505	
default.ucld.mean	1.6163E-3	5.2702E-4	1.5349E-3	7.2474E-4	2.6403E-3	464.7095	1.0802E-3	1.7295E-3	
default.ucld.stdev	0.0138	0.0102	0.0109	1.7095E-3	0.0332	598.2865	4.0778E-3	0.0121	
host.ucld.mean	0.0183	4.6255E-3	0.0176	0.0103	0.0274	607.1271	0.0136	0.0194	
host.ucld.stdev	5.027E-3	4.4839E-3	3.8239E-3	4.5271E-8	0.0138	2262.892	1.2384E-7	3.8239E-3	
default.meanRate	1.0119E-3	1.7409E-4	9.8859E-4	7.0872E-4	1.3569E-3	448.9843	8.3137E-4	1.0604E-3	
default.coefficientOfVariation	3.1372	0.7461	2.9795	1.9614	4.6309	486.2407	2.3498	3.1848	
default.covariance	0.1095	0.076	0.0976	-0.0133	0.2559	513.5764	0.0216	0.1201	
host.meanRate	0.0184	4.7243E-3	0.0177	0.0105	0.028	613.7045	0.0137	0.0195	
host.coefficientOfVariation	0.2718	0.2197	0.22	3.1704E-6	0.7004	3246.6351	5.7518E-6	0.22	
host.covariance	-0.0024	0.0496	-0.0027	-0.0993	0.0949	42731.2458	-0.0367	0.0302	
host.rates.Amaranthaceae.Brassicaceae	0.9233	0.9768	0.6064	1.5858E-5	2.8911	10674.2316	2.1399E-5	0.6064	
host.rates.Amaranthaceae.Fabaceae	0.9199	0.9767	0.6041	5.3718E-7	2.8877	10428.3275	5.3718E-7	0.6041	
host.rates.Amaranthaceae.Poaceae	0.6308	0.5697	0.4776	1.2985E-4	1.6768	5595.6768	0.0673	0.52	
host.rates.Amaranthaceae.Solanaceae	0.8879	0.9444	0.5813	1.4456E-5	2.78	10708.3449	1.8567E-5	0.5813	
host.rates.Brassicaceae.Fabaceae	0.8985	0.9178	0.6158	9.4105E-5	2.7117	7123.8278	1.4549E-3	0.6166	
host.rates.Brassicaceae.Poaceae	0.9752	0.9435	0.7075	2.346E-5	2.8088	3788.4219	2.346E-5	0.7075	
host.rates.Brassicaceae.Solanaceae	0.9652	0.8826	0.7287	5.9698E-6	2.6487	2730.5936	5.9698E-6	0.7287	
host.rates.Fabaceae.Poaceae	0.8858	0.931	0.5927	1.206E-5	2.7453	10105.261	1.1089E-5	0.5927	
host.rates.Fabaceae.Solanaceae	0.8149	0.8259	0.5709	4.178E-5	2.4286	9588.0222	5.5127E-5	0.5709	
host.rates.Poaceae.Solanaceae	1.5772	0.7938	1.48	1.6138E-3	3.0137	2533.5124	0.8663	1.8363	
host.rates.Brassicaceae.Amaranthaceae	0.868	0.8479	0.6277	1.3678E-4	2.5119	5724.2717	5.6083E-4	0.628	
host.rates.Fabaceae.Amaranthaceae	0.8035	0.868	0.5266	8.4047E-5	2.5273	7825.7787	8.3771E-5	0.5266	
host.rates.Poaceae.Amaranthaceae	1.596	0.754	1.5018	0.1885	3.1332	2910.9084	0.9272	1.8384	
host.rates.Solanaceae.Amaranthaceae	0.7881	0.8424	0.5257	7.0345E-6	2.4535	9634.0678	1.0163E-5	0.5257	
host.rates.Fabaceae.Brassicaceae	0.7881	0.7487	0.5814	3.8188E-5	2.2182	5294.3679	0.0211	0.6013	
host.rates.Poaceae.Brassicaceae	1.5143	0.7502	1.4249	1.5995E-4	2.8719	3075.5643	0.8553	1.7649	
host.rates.Solanaceae.Brassicaceae	0.8503	0.8557	0.6001	1.4987E-4	2.5331	9056.7316	5.2974E-4	0.6004	
host.rates.Poaceae.Fabaceae	1.4415	0.7126	1.3463	0.0106	2.7505	3378.3406	0.7954	1.6468	
host.rates.Solanaceae.Fabaceae	0.8269	0.7445	0.6322	1.9341E-4	2.2307	6775.6262	0.056	0.6794	
host.rates.Solanaceae.Poaceae	0.9151	0.9291	0.6309	2.9059E-5	2.7493	6787.4028	3.175E-5	0.6309	
host.indicators.Amaranthaceae.Brassicaceae	0.0974	0.2965	0	0	1	11446.7568	0	0	
host.indicators.Amaranthaceae.Fabaceae	0.1144	0.3183	0	0	1	13124.6075	0	0	
host.indicators.Amaranthaceae.Poaceae	0.8649	0.3419	1	0	1	2443.2375	1	1	
host.indicators.Amaranthaceae.Solanaceae	0.145	0.3521	0	0	1	8463.7009	0	0	
host.indicators.Brassicaceae.Fabaceae	0.2821	0.45	0	0	1	2490.5923	0	0	
host.indicators.Brassicaceae.Poaceae	0.3321	0.471	0	0	1	1286.9265	0	0	
host.indicators.Brassicaceae.Solanaceae	0.4851	0.4998	0	0	1	1244.6541	0	0	
host.indicators.Fabaceae.Poaceae	0.1984	0.3988	0	0	1	2086.2155	0	0	
host.indicators.Fabaceae.Solanaceae	0.421	0.4937	0	0	1	2815.4504	0	0	
host.indicators.Poaceae.Solanaceae	0.9427	0.2324	1	0	1	647.5599	1	1	
host.indicators.Brassicaceae.Amaranthaceae	0.4576	0.4982	0	0	1	1297.4803	0	0	
host.indicators.Fabaceae.Amaranthaceae	0.3634	0.481	0	0	1	2119.9497	0	0	
host.indicators.Poaceae.Amaranthaceae	0.9674	0.1777	1	1	1	869.549	1	1	
host.indicators.Solanaceae.Amaranthaceae	0.4349	0.4958	0	0	1	2740.2174	0	0	
host.indicators.Fabaceae.Brassicaceae	0.6081	0.4882	1	0	1	1765.384	1	1	
host.indicators.Poaceae.Brassicaceae	0.9447	0.2285	1	0	1	702.3057	1	1	
host.indicators.Solanaceae.Brassicaceae	0.3852	0.4867	0	0	1	2677.657	0	0	
host.indicators.Poaceae.Fabaceae	0.9475	0.223	1	0	1	598.9329	1	1	
host.indicators.Solanaceae.Fabaceae	0.6434	0.479	1	0	1	1652.9779	1	1	
host.indicators.Solanaceae.Poaceae	0.2904	0.454	0	0	1	3195.3409	0	0	
host.nonZeroRates	9.9258	1.7723	10	7	13	1231.8886	8	10	
default.treeLikelihood	-7890.0999	14.2313	-7889.6654	-7918.1611	-7862.6857	1574.3378	-7898.2369	-7879.0601	
default.branchRates	-2382.6079	0	0	0	0	NaN	0	0	
host.branchRates	-2382.6079	0	0	0	0	NaN	0	0	
c_host.count[1]	109.9741	7.332	109	96	124	1227.8229	101	110	
c_allTransitions[1]	109.9753	7.3318	109	96	124	1226.8656	101	110	
coalescent	-1243.441	38.1166	-1243.1677	-1316.3922	-1171.4074	435.7107	-1266.812	-1210.572	

