burnIn   <= 0,   maxState  = 150000200
statistic	mean	stdErr	median	hpdLower	hpdUpper	ESS	50hpdLower	50hpdUpper
joint	-15382.025	150.5037	-15377.1323	-15670.6007	-15091.329	461.3817	-15459.3353	-15258.2733	
prior	-7616.2984	150.9139	-7612.0938	-7904.7424	-7321.8218	456.9374	-7703.3143	-7499.7999	
likelihood	-7765.7266	18.2513	-7765.3503	-7801.9605	-7730.2836	1312.6094	-7776.6835	-7752.2329	
treeModel.rootHeight	93.0135	28.532	86.7334	50.7858	151.1007	489.646	64.1399	93.5555	
age(root)	1929.9865	28.532	1936.2666	1871.8993	1972.2142	489.646	1929.4445	1958.8601	
treeLength	3262.1372	667.7602	3124.3221	2204.856	4654.3676	399.3133	2456.8147	3259.1128	
tmrca(ingroup)	93.0135	28.532	86.7334	50.7858	151.1007	489.646	64.1399	93.5555	
age(ingroup)	1929.9865	28.532	1936.2666	1871.8993	1972.2142	489.646	1929.4445	1958.8601	
demographic.populationSizeChanges	3.4069	0.6135	3	3	5	990.6923	3	3	
demographic.populationMean	872.8134	794.5906	650.0619	82.882	2235.3376	497.1184	221.8278	708.8654	
demographic.popSize1	536.8031	429.3479	520.8062	1.626	1242.9353	476.9605	4.478	521.1687	
demographic.popSize2	875.1259	1403.7042	442.3473	0.0113	3111.3944	1511.1282	0.0113	442.3473	
demographic.popSize3	877.5038	1421.4636	431.1339	0.0235	3141.2373	1422.51	0.0235	431.1339	
demographic.popSize4	889.3203	1470.5286	444.5745	0.0121	3163.9975	1380.1512	0.0121	444.5745	
demographic.popSize5	877.1174	1468.1438	434.9849	0.0755	3101.2855	1382.1854	0.0755	434.9849	
demographic.popSize6	877.8954	1433.4681	433.1693	0.0191	3114.8248	1564.1768	0.0467	433.1693	
demographic.popSize7	858.895	1355.0298	433.7381	2.4716E-3	3013.4292	1503.1836	5.9346E-3	433.7381	
demographic.popSize8	870.9625	1458.566	440.6366	0.0893	3057.522	1526.5898	0.0171	440.6366	
demographic.popSize9	880.1889	1485.7816	440.1518	0.0206	3124.5424	1485.3477	0.0463	440.1576	
demographic.popSize10	699.0238	1199.2298	324.4077	0.082	2662.3432	1351.4882	0.0385	324.4185	
demographic.popSize11	843.0513	1397.7089	408.7976	3.7501E-3	3039.3917	1472.9122	0.0271	408.7976	
demographic.popSize12	880.428	1456.8657	434.0732	0.2688	3147.6522	1359.3654	3.5109E-4	434.0732	
demographic.popSize13	873.5485	1394.9536	437.2798	1.1075E-3	3137.98	1459.834	1.1075E-3	437.2798	
demographic.popSize14	859.7362	1372.4695	423.3692	0.0122	3080.7335	1514.4407	0.0183	423.3692	
demographic.popSize15	873.9627	1412.12	430.0273	3.7629E-3	3136.7714	1412.663	0.3113	430.2357	
demographic.popSize16	397.9116	1102.4581	0.0234	8.8323E-3	1895.3163	984.083	0.0199	0.0234	
demographic.popSize17	841.9994	1414.1504	413.9281	1.3116E-3	2976.244	1463.887	1.3116E-3	413.9281	
demographic.popSize18	803.4389	1392.414	367.0659	0.073	2999.496	1281.9954	0.3256	367.1806	
demographic.popSize19	851.4849	1370.3599	417.6988	0.1307	3117.8561	1423.988	0.116	417.717	
demographic.popSize20	865.1827	1443.2068	433.289	0.0153	3047.7333	1395.4406	0.0609	433.2958	
demographic.popSize21	872.9536	1527.4821	418.18	0.079	3184.6724	1383.6538	0.1221	418.1935	
demographic.popSize22	882.9349	1382.4857	439.6169	0.029	3189.6651	1382.3518	0.032	439.6169	
demographic.popSize23	891.4347	1397.315	440.1466	0.0889	3162.8688	1393.7247	0.2752	440.3232	
demographic.popSize24	905.703	1507.5078	445.3751	2.7125E-3	3184.9852	1515.9702	0.0123	445.3751	
demographic.popSize25	896.7954	1367.0113	452.7903	0.0842	3262.0382	1344.7478	0.3465	452.893	
demographic.popSize26	899.6054	1423.3472	456.9948	1.7995E-3	3167.0644	1417.3203	1.7995E-3	456.9948	
demographic.popSize27	902.7051	1358.5815	465.1828	0.4703	3101.7664	1419.6229	0.0956	465.242	
demographic.popSize28	873.6634	1382.3993	442.9755	9.3499E-3	3041.3797	1476.6315	1.0108E-3	442.9755	
demographic.popSize29	944.407	1494.3838	475.9877	0.0449	3446.938	1229.1935	0.0228	475.9877	
demographic.popSize30	921.454	1438.4231	466.571	2.3773E-3	3210.101	1291.9613	0.0752	466.6008	
demographic.popSize31	923.2698	1490.7789	455.7419	0.3045	3274.0847	1246.9371	0.0205	455.7419	
demographic.popSize32	901.745	1401.0955	457.0386	7.2623E-4	3121.7359	1468.7499	7.2623E-4	457.0386	
demographic.popSize33	925.2331	1425.0624	482.1024	0.0266	3126.518	1406.775	0.029	482.1024	
demographic.popSize34	958.7182	1431.9698	478.6496	0.0168	3444.8672	1274.4877	0.0159	478.6496	
demographic.popSize35	906.3558	1438.6248	453.2503	7.0318E-3	3271.5268	1367.165	7.0318E-3	453.2503	
demographic.popSize36	907.6453	1466.0754	458.3522	0.022	3170.0301	1389.7906	0.022	458.3522	
demographic.popSize37	933.0785	1444.8136	466.8251	0.0758	3300.9557	1314.8148	0.0758	466.8251	
demographic.popSize38	949.9806	1476.8508	486.3284	3.1456E-3	3260.9725	1463.547	9.1904E-3	486.3284	
demographic.popSize39	892.0031	1393.8754	440.2175	0.0361	3193.6797	1427.6049	0.1528	440.3296	
demographic.popSize40	905.2755	1483.0955	457.345	0.0537	3213.2509	1365.8261	0.0358	457.345	
demographic.popSize41	910.4789	1394.028	451.5813	8.9193E-5	3377.3575	1242.6856	8.9193E-5	451.5813	
demographic.popSize42	907.1595	1376.4115	462.4358	0.3211	3103.7597	1405.4961	0.2657	462.6197	
demographic.popSize43	904.9639	1386.7756	451.8715	4.5559E-4	3169.4813	1269.1144	4.5559E-4	451.8715	
demographic.popSize44	898.4366	1515.2402	444.9794	0.0126	3182.8495	1415.329	0.0455	444.9794	
demographic.popSize45	903.3046	1447.6508	458.1924	7.9896E-3	3175.5945	1567.2812	7.9896E-3	458.1924	
demographic.popSize46	902.3273	1405.8121	451.9985	0.0194	3284.3854	1481.7843	0.0535	451.9985	
demographic.popSize47	905.3572	1517.1694	449.8414	0.026	3080.8117	1417.1502	0.026	449.8414	
demographic.popSize48	913.9812	1445.9909	454.1025	0.0403	3270.3395	1406.4229	0.0234	454.1025	
demographic.popSize49	900.9515	1503.5521	447.7185	7.9688E-3	3141.1257	1544.7979	0.0199	447.7185	
demographic.popSize50	886.6542	1423.0675	446.5499	0.0241	3177.2552	1480.0968	0.1404	446.6515	
demographic.popSize51	892.9254	1418.9421	453.7675	0.0434	3086.8307	1496.5307	0.0434	453.7846	
demographic.popSize52	877.9227	1417.2546	440.8934	0.0277	3117.085	1480.0916	0.0108	440.8934	
demographic.popSize53	878.5154	1381.2617	444.3349	0.0216	3067.3741	1441.5135	0.0216	444.3349	
demographic.popSize54	893.4937	1396.3468	442.7203	0.6182	3133.9609	1418.2326	4.1405E-3	442.7203	
demographic.popSize55	883.7191	1386.1175	449.6105	0.0179	3103.3413	1489.4798	0.0384	449.6105	
demographic.popSize56	902.4994	1420.7793	450.564	0.0114	3117.029	1394.0327	0.0114	450.564	
demographic.popSize57	887.527	1389.8148	457.6563	7.6898E-3	3093.5529	1520.3302	7.6898E-3	457.6563	
demographic.popSize58	893.7245	1534.3073	448.8137	0.0448	3096.4877	1613.6513	0.173	448.8893	
demographic.popSize59	869.6083	1384.4666	429.8876	0.0241	3108.5641	1540.7951	0.0169	429.8876	
demographic.popSize60	894.4993	1474.6282	445.909	0.011	3070.7506	1432.5256	0.011	445.909	
demographic.popSize61	869.8358	1422.7851	438.7249	6.5437E-3	3092.4118	1455.6861	0.1054	438.7249	
demographic.popSize62	866.7432	1337.8472	439.2611	0.0162	3069.1423	1449.875	0.0142	439.2611	
demographic.popSize63	895.4293	1475.6572	443.6281	0.028	3122.2627	1434.8921	0.0279	443.6281	
demographic.popSize64	898.7877	1529.5966	446.7851	2.0877E-4	3155.2858	1499.2955	0.1014	446.8385	
demographic.popSize65	861.2873	1359.656	436.4792	5.2271E-3	3015.1304	1506.213	0.0191	436.4792	
demographic.popSize66	874.0394	1384.3159	438.3523	6.0416E-3	3137.9862	1479.191	6.0416E-3	438.3523	
demographic.popSize67	885.8818	1415.4753	442.274	0.0149	3118.6138	1480.8095	0.1543	442.387	
demographic.popSize68	870.3018	1363.9015	439.9876	0.0194	3044.7841	1525.0727	0.0194	439.9876	
demographic.popSize69	872.7767	1405.7979	438.8296	3.7021E-3	3085.8451	1489.3018	0.0477	438.8514	
demographic.popSize70	872.6962	1403.0169	436.4396	0.0533	3087.2885	1477.882	0.1051	436.4639	
demographic.popSize71	841.2854	1365.5834	424.227	0.0699	2945.6558	1631.5165	0.0553	424.227	
demographic.popSize72	868.6943	1399.4573	442.0453	0.0293	3071.5383	1528.6866	0.0293	442.0508	
demographic.popSize73	853.5301	1442.8268	421.1927	4.0095E-3	3012.8747	1481.6065	0.0801	421.2069	
demographic.popSize74	836.1418	1390.0289	415.7762	8.3915E-3	2936.6449	1336.2871	0.1339	415.8717	
demographic.popSize75	879.6278	1441.9197	437.0321	6.442E-3	3036.218	1522.7016	0.3501	437.2659	
demographic.popSize76	880.6609	1380.8184	433.6792	0.0429	3157.8209	1452.3896	0.0988	433.6792	
demographic.popSize77	875.9156	1446.5651	443.3883	0.0316	3081.1907	1524.2351	0.0316	443.3883	
demographic.popSize78	861.9669	1366.6312	437.2409	0.0177	3058.201	1580.5424	4.2074E-3	437.2409	
demographic.popSize79	859.3518	1384.4514	429.6823	2.4073E-3	3082.5822	1518.2227	0.0961	429.7338	
demographic.popSize80	876.6284	1383.0903	437.1426	0.0874	3094.6234	1383.7876	0.0119	437.1426	
demographic.popSize81	876.2424	1439.6203	434.8284	2.4341E-3	3067.5868	1504.6074	0.0661	434.8477	
demographic.popSize82	870.5227	1420.9584	433.5071	1.5927E-3	3053.7474	1407.8691	0.1433	433.6296	
demographic.popSize83	875.6619	1443.5206	432.3385	0.0838	3103.7019	1423.7605	0.1179	432.3471	
demographic.popSize84	877.2518	1477.4983	436.3508	0.0173	3074.5846	1426.9456	0.0628	436.3914	
demographic.popSize85	870.3176	1527.2702	432.2886	0.044	3092.4683	1541.9994	0.044	432.3116	
demographic.popSize86	823.3248	1362.3102	408.4785	0.1206	2955.8724	1456.2821	0.1453	408.4886	
demographic.popSize87	875.5589	1424.3057	423.8111	0.0267	3157.487	1466.1316	0.0934	423.8479	
demographic.popSize88	861.009	1427.812	429.9996	0.0206	3079.684	1515.8909	0.0623	429.9996	
demographic.popSize89	884.2328	1538.2821	433.8345	0.0135	3137.7263	1536.1842	0.0135	433.8345	
demographic.popSize90	857.9637	1400.0795	423.6183	0.0488	3031.3191	1390.5503	0.0488	423.6183	
demographic.popSize91	853.7791	1424.5508	420.8958	0.0148	3020.5624	1450.781	0.0148	420.8958	
demographic.popSize92	870.5361	1447.1731	431.1151	1.294E-3	3085.2418	1460.6376	0.022	431.1151	
demographic.popSize93	869.7945	1465.1578	423.2864	0.0157	3075.6002	1442.207	0.0305	423.2864	
demographic.popSize94	860.9736	1364.4071	437.6363	0.0119	3030.0982	1535.9889	0.0105	437.6363	
demographic.popSize95	868.3186	1407.3121	431.7582	0.0244	3077.3941	1528.8736	0.0244	431.7582	
demographic.popSize96	843.8311	1370.843	422.6404	0.0149	2959.3696	1550.7284	0.0149	422.6404	
demographic.popSize97	867.7359	1429.8021	432.0036	0.0187	3104.6777	1590.7574	0.1112	432.0837	
demographic.popSize98	851.9113	1389.9831	427.4862	0.0126	3071.5151	1449.2301	0.1184	427.5572	
demographic.popSize99	861.6888	1454.765	425.0572	0.0238	3076.3368	1471.4388	0.1309	425.1153	
demographic.popSize100	865.6979	1438.8382	432.0348	0.0236	3062.2706	1497.1966	0.0236	432.0348	
demographic.popSize101	853.14	1355.5369	430.1411	0.0439	3076.361	1549.2051	0.0439	430.1411	
demographic.popSize102	861.5679	1390.7242	428.41	4.1311E-3	3027.1138	1505.4232	4.1311E-3	428.41	
demographic.popSize103	839.0759	1275.7435	424.4627	0.0213	3022.5135	1524.402	0.0288	424.4627	
demographic.popSize104	874.007	1461.1998	430.2902	0.0125	3090.098	1476.5958	0.0655	430.2902	
demographic.popSize105	861.4897	1447.0686	421.2813	0.0244	3069.2157	1455.5227	0.038	421.286	
demographic.popSize106	873.0142	1403.3916	438.0018	0.0187	3064.7437	1510.2052	0.016	438.0018	
demographic.popSize107	828.0516	1387.0615	403.7014	6.8778E-3	3008.3686	1425.2558	6.8778E-3	403.7014	
demographic.popSize108	859.7543	1395.0543	424.8311	0.0155	3075.0663	1450.6078	0.0155	424.8311	
demographic.popSize109	848.8137	1405.8754	425.5573	3.3713E-3	3016.837	1529.748	0.1775	425.7238	
demographic.popSize110	869.364	1370.8763	438.6336	9.4209E-3	3130.0301	1460.2995	9.4209E-3	438.6336	
demographic.popSize111	853.9104	1428.6353	422.3869	0.0307	3039.6758	1461.3525	0.2361	422.5763	
demographic.popSize112	867.7061	1396.4503	425.7526	0.0226	3096.2269	1408.2543	0.0615	425.7626	
demographic.popSize113	854.7427	1424.6798	414.2786	0.0106	3100.5147	1509.0461	4.3431E-3	414.2786	
demographic.popSize114	847.9932	1358.7075	418.4472	8.2474E-3	3009.3971	1526.741	0.0142	418.4472	
demographic.popSize115	826.2416	1272.5756	416.7964	0.0162	2981.6899	1553.0935	5.2484E-3	416.7964	
demographic.popSize116	879.648	1448.1134	430.875	0.0212	3189.4331	1405.709	0.0374	430.8988	
demographic.popSize117	858.2913	1382.4152	428.6035	9.092E-3	3029.6288	1348.0259	0.0754	428.6249	
demographic.popSize118	834.4709	1415.0726	395.845	0.0633	2986.8957	1390.0624	0.0808	395.8564	
demographic.popSize119	871.2876	1455.6133	428.6168	0.0157	3097.8947	1474.3712	0.0352	428.6168	
demographic.popSize120	840.9072	1370.6402	418.1724	0.0278	2985.8934	1455.5379	0.1481	418.196	
demographic.popSize121	865.631	1404.645	424.4326	0.0486	3119.3848	1450.2629	0.1465	424.5144	
demographic.popSize122	867.5999	1360.188	433.8026	3.892E-4	3123.5754	1470.2618	2.1653E-3	433.8026	
demographic.popSize123	870.3333	1483.7352	429.7255	0.0203	3067.8801	1560.2101	0.0103	429.7255	
demographic.popSize124	867.0966	1485.9956	421.9707	0.0233	3141.5023	1408.3146	0.114	422.0686	
demographic.popSize125	871.668	1386.915	426.5133	6.9555E-4	3120.6296	1482.4989	0.0183	426.5152	
demographic.popSize126	852.3923	1393.0627	425.7877	0.0299	3010.6053	1461.6299	0.0805	425.8365	
demographic.popSize127	859.2672	1473.027	426.4698	0.038	3000.0694	1534.6134	0.038	426.4698	
demographic.popSize128	869.1047	1425.0879	423.0274	6.8101E-3	3130.2628	1484.2479	6.8101E-3	423.0274	
demographic.popSize129	860.6989	1403.5613	417.687	0.0883	3097.3106	1465.1338	0.0883	417.687	
demographic.popSize130	869.7459	1475.0061	418.5549	0.0227	3148.0816	1410.0498	0.0227	418.5549	
demographic.popSize131	873.596	1442.6432	432.5554	4.039E-3	3087.0496	1463.7722	4.039E-3	432.5589	
demographic.popSize132	866.5621	1366.5722	432.2946	0.0194	3117.2787	1458.6402	0.0194	432.2946	
demographic.popSize133	863.418	1433.7828	428.5492	0.0193	3046.176	1449.3572	5.1829E-3	428.5492	
demographic.popSize134	865.8914	1463.5823	432.4068	7.1674E-6	3027.9609	1482.383	7.1674E-6	432.4068	
demographic.popSize135	867.66	1355.1307	434.0703	0.0983	3098.602	1440.7941	0.0983	434.0703	
demographic.popSize136	868.8336	1403.1204	438.8286	6.0307E-3	3099.9936	1548.8753	5.0259E-3	438.8286	
demographic.popSize137	869.7136	1442.1029	433.7952	0.0102	3089.3206	1610.9217	0.0102	433.7952	
demographic.popSize138	865.0162	1407.317	428.5294	0.0187	3061.6001	1499.1593	0.0187	428.5294	
demographic.popSize139	878.8386	1406.1212	430.2056	0.0166	3132.9826	1451.4271	7.2448E-3	430.2056	
demographic.popSize140	858.9385	1360.7007	436.2469	9.4206E-3	2997.8241	1559.6825	0.0879	436.3127	
demographic.popSize141	874.6911	1484.6879	436.7373	9.0887E-3	3060.9328	1600.5012	0.0163	436.7373	
demographic.popSize142	872.2962	1461.3237	429.7146	3.37E-3	3101.9722	1515.3048	8.0012E-3	429.7149	
demographic.popSize143	853.9463	1359.5625	435.4633	8.004E-3	3020.1355	1605.2559	6.0198E-3	435.4633	
demographic.popSize144	884.9928	1475.7101	437.0743	5.8433E-3	3119.3498	1442.7845	0.0518	437.0934	
demographic.popSize145	866.5811	1453.0014	435.0492	9.2038E-3	3058.5458	1647.64	0.0379	435.0492	
demographic.popSize146	877.1605	1444.5535	435.8221	5.2761E-3	3116.011	1435.1555	5.2761E-3	435.8221	
demographic.popSize147	886.2994	1460.8528	438.3369	0.0153	3161.1948	1429.3335	0.0153	438.3369	
demographic.popSize148	863.2551	1388.1139	436.4001	0.0117	3058.3236	1541.495	0.0627	436.4001	
demographic.popSize149	883.1458	1433.1643	433.9802	0.0817	3172.9276	1525.8148	0.0817	434.008	
demographic.popSize150	874.6308	1442.2231	440.4721	6.8224E-3	3091.5478	1426.993	0.1623	440.5437	
demographic.popSize151	878.1259	1424.6166	440.9161	0.0421	3107.3631	1517.2283	0.3378	441.0352	
demographic.popSize152	860.6898	1366.2906	431.0931	0.0549	3110.6617	1511.2	0.0549	431.0931	
demographic.popSize153	864.9362	1348.5386	438.8571	0.0118	3056.5852	1513.2982	0.0118	438.8571	
demographic.popSize154	858.9668	1375.6362	423.8258	0.017	3071.7814	1464.5169	0.031	423.8258	
demographic.popSize155	860.9789	1402.8392	430.8823	9.3484E-3	3069.2071	1534.7009	9.3484E-3	430.8823	
demographic.popSize156	862.904	1381.2999	433.4919	0.0109	3087.5762	1528.3559	0.0109	433.4919	
demographic.popSize157	873.8816	1409.8062	434.2772	9.9991E-5	3130.7987	1590.7555	9.9991E-5	434.2772	
demographic.popSize158	867.2589	1404.1639	426.2362	0.0465	3122.1566	1465.838	0.0352	426.2362	
demographic.popSize159	878.7663	1440.5983	430.8666	4.7024E-3	3105.5728	1484.1549	0.0698	430.8976	
demographic.popSize160	869.9023	1457.4635	434.0451	4.7903E-3	3071.1875	1567.1456	0.0173	434.0451	
demographic.popSize161	879.0528	1479.9943	433.9234	8.202E-4	3170.6953	1504.2926	8.202E-4	433.9234	
demographic.popSize162	886.9754	1434.4295	435.2647	8.8963E-3	3224.0196	1525.8335	0.033	435.2647	
demographic.popSize163	869.2918	1476.3591	431.7621	0.0196	3069.1959	1555.4908	0.0196	431.7621	
demographic.popSize164	872.44	1411.3838	439.9903	0.0956	3063.7825	1552.1243	0.0865	439.9903	
demographic.popSize165	867.3212	1406.4703	438.6149	3.3624E-3	3063.3502	1515.3498	2.7477E-3	438.6149	
demographic.popSize166	870.1268	1386.5972	432.6365	0.0134	3003.1515	1445.7426	0.0133	432.6365	
demographic.popSize167	871.1538	1431.9975	442.1783	6.5255E-3	3104.855	1555.0243	6.5255E-3	442.1783	
demographic.popSize168	865.5691	1399.1844	431.0577	0.0263	3078.707	1451.6999	0.0769	431.0788	
demographic.popSize169	863.948	1394.0967	434.6	0.0423	3056.2466	1504.1372	0.1367	434.6332	
demographic.popSize170	869.5847	1401.648	431.2909	0.0199	3074.1292	1526.9638	0.03	431.2914	
demographic.popSize171	876.2284	1495.4677	439.1388	0.0566	3048.5649	1536.345	8.9762E-3	439.1388	
demographic.popSize172	868.2586	1412.962	435.3478	0.0138	3100.2436	1460.6406	0.0119	435.3478	
demographic.popSize173	882.883	1434.6163	429.717	4.3011E-3	3263.7811	1439.5066	0.2188	429.9184	
demographic.popSize174	875.5855	1435.5384	437.4856	2.062E-3	3076.0029	1378.4813	0.1097	437.4856	
demographic.popSize175	866.5792	1378.097	433.508	8.1717E-4	3053.0131	1475.7757	8.1717E-4	433.508	
demographic.popSize176	874.5139	1380.7133	434.6126	0.0445	3100.4078	1468.2516	0.0398	434.6126	
demographic.popSize177	869.4393	1431.1844	435.1	0.0239	3041.6364	1475.5314	0.0544	435.1	
demographic.popSize178	867.3231	1433.3919	430.1797	0.0431	3100.6448	1580.0892	0.2701	430.3732	
demographic.popSize179	870.0781	1420.3133	431.5022	0.0428	3128.6793	1489.4674	0.0429	431.5022	
demographic.popSize180	852.8459	1343.8581	431.3935	0.0108	3030.1053	1640.4132	0.0771	431.4431	
demographic.popSize181	866.085	1435.0585	431.4673	9.64E-4	3076.7837	1517.9492	0.0424	431.4814	
demographic.popSize182	877.7518	1426.8216	431.7498	7.5463E-3	3137.2353	1432.7872	0.1558	431.8473	
demographic.popSize183	873.0651	1429.0598	432.7925	3.2413E-3	3133.1631	1464.0318	0.1119	432.8166	
demographic.popSize184	875.5299	1439.2476	442.0746	0.0292	3073.0144	1494.7302	0.1212	442.1581	
demographic.popSize185	863.4953	1353.2499	434.5262	9.1669E-3	3099.6956	1622.9989	0.0557	434.5315	
demographic.popSize186	878.8465	1435.0656	433.6108	8.2961E-4	3125.5701	1423.9174	8.2961E-4	433.6108	
demographic.popSize187	877.5378	1502.6584	428.4905	1.7744E-3	3122.7839	1568.054	0.0136	428.4905	
demographic.popSize188	880.277	1434.4732	430.4612	0.0329	3192.9572	1482.8467	0.1295	430.5732	
demographic.popSize189	861.9528	1337.3676	440.8546	0.0133	3040.7874	1543.9629	0.1	440.8774	
demographic.popSize190	857.1495	1367.2414	427.2294	8.4019E-3	3048.942	1572.8409	0.0241	427.2511	
demographic.popSize191	851.8673	1434.5092	418.391	6.1012E-3	3070.7484	1502.4486	0.1097	418.4767	
demographic.popSize192	865.9565	1448.4711	423.8371	1.9555E-3	3073.1981	1449.9955	0.0482	423.8674	
demographic.popSize193	879.4794	1494.7432	431.7785	0.0274	3087.0723	1515.5926	0.1131	431.8298	
demographic.popSize194	862.367	1406.7833	429.0101	0.0734	3104.9193	1429.2331	0.048	429.0101	
demographic.popSize195	864.2585	1430.0863	424.3793	0.0245	3069.4064	1371.8695	0.0785	424.3793	
demographic.popSize196	860.9089	1380.1452	428.2811	1.8344E-3	3067.8385	1494.8362	1.8344E-3	428.2811	
demographic.popSize197	856.0122	1442.1382	426.154	0.017	3003.6269	1503.1926	0.1932	426.1916	
demographic.popSize198	858.3959	1411.0073	425.6583	0.0135	3069.4168	1553.1285	0.0135	425.6583	
demographic.popSize199	872.8789	1422.4265	428.7107	0.0236	3097.9882	1524.5359	0.0925	428.7849	
demographic.popSize200	887.1438	1468.1297	438.8655	0.0197	3221.1001	1471.8469	0.0197	438.8655	
demographic.indicators1	2.256E-3	0.0474	0	0	0	10054.9996	0	0	
demographic.indicators2	1.1113E-3	0.0333	0	0	0	38133.1545	0	0	
demographic.indicators3	2.8867E-3	0.0537	0	0	0	1123.3186	0	0	
demographic.indicators4	7.5267E-4	0.0274	0	0	0	15682.701	0	0	
demographic.indicators5	1.2627E-3	0.0355	0	0	0	5916.3133	0	0	
demographic.indicators6	2.3787E-3	0.0487	0	0	0	711.3818	0	0	
demographic.indicators7	1.502E-3	0.0387	0	0	0	1164.2275	0	0	
demographic.indicators8	9.6E-5	9.7975E-3	0	0	0	1.2179E5	0	0	
demographic.indicators9	0.1243	0.3299	0	0	1	381.7008	0	0	
demographic.indicators10	0.0287	0.167	0	0	0	411.6369	0	0	
demographic.indicators11	5.6973E-3	0.0753	0	0	0	683.7453	0	0	
demographic.indicators12	7.5613E-3	0.0866	0	0	0	564.5675	0	0	
demographic.indicators13	0.0139	0.1169	0	0	0	467.7962	0	0	
demographic.indicators14	0.0151	0.1219	0	0	0	437.6433	0	0	
demographic.indicators15	0.5271	0.4993	1	0	1	380.0353	1	1	
demographic.indicators16	0.0344	0.1823	0	0	0	413.5295	0	0	
demographic.indicators17	0.1077	0.31	0	0	1	402.9555	0	0	
demographic.indicators18	0.0466	0.2108	0	0	0	436.9313	0	0	
demographic.indicators19	0.0282	0.1657	0	0	0	505.1419	0	0	
demographic.indicators20	0.0505	0.2189	0	0	1	448.3724	0	0	
demographic.indicators21	0.0172	0.1299	0	0	0	564.2138	0	0	
demographic.indicators22	0.0505	0.2189	0	0	1	466.1936	0	0	
demographic.indicators23	0.0276	0.1639	0	0	0	593.615	0	0	
demographic.indicators24	0.0247	0.1553	0	0	0	716.1765	0	0	
demographic.indicators25	0.0212	0.144	0	0	0	840.2239	0	0	
demographic.indicators26	0.0356	0.1852	0	0	0	567.0143	0	0	
demographic.indicators27	9.408E-3	0.0965	0	0	0	1585.812	0	0	
demographic.indicators28	0.0534	0.2247	0	0	1	565.509	0	0	
demographic.indicators29	0.0265	0.1608	0	0	0	630.2194	0	0	
demographic.indicators30	0.0297	0.1698	0	0	0	620.8981	0	0	
demographic.indicators31	0.0315	0.1748	0	0	0	694.8196	0	0	
demographic.indicators32	0.0451	0.2076	0	0	0	577.6038	0	0	
demographic.indicators33	0.0531	0.2242	0	0	1	581.3194	0	0	
demographic.indicators34	0.0277	0.1642	0	0	0	789.3592	0	0	
demographic.indicators35	0.0225	0.1483	0	0	0	880.1217	0	0	
demographic.indicators36	0.0401	0.1961	0	0	0	626.0282	0	0	
demographic.indicators37	0.06	0.2374	0	0	1	621.4633	0	0	
demographic.indicators38	0.0192	0.1372	0	0	0	858.7774	0	0	
demographic.indicators39	0.0268	0.1616	0	0	0	865.8598	0	0	
demographic.indicators40	0.0307	0.1725	0	0	0	679.4548	0	0	
demographic.indicators41	0.0326	0.1775	0	0	0	683.7773	0	0	
demographic.indicators42	0.0322	0.1766	0	0	0	620.4802	0	0	
demographic.indicators43	0.0162	0.1264	0	0	0	1033.6796	0	0	
demographic.indicators44	0.0277	0.164	0	0	0	726.8608	0	0	
demographic.indicators45	0.0187	0.1355	0	0	0	1007.1153	0	0	
demographic.indicators46	0.0237	0.1521	0	0	0	749.5836	0	0	
demographic.indicators47	0.0305	0.1718	0	0	0	622.227	0	0	
demographic.indicators48	0.0183	0.1339	0	0	0	904.8118	0	0	
demographic.indicators49	0.015	0.1215	0	0	0	977.1084	0	0	
demographic.indicators50	0.016	0.1255	0	0	0	762.3923	0	0	
demographic.indicators51	0.0101	0.1	0	0	0	1172.6249	0	0	
demographic.indicators52	0.0107	0.1028	0	0	0	1169.5214	0	0	
demographic.indicators53	0.0204	0.1413	0	0	0	643.1635	0	0	
demographic.indicators54	0.0137	0.1163	0	0	0	920.2998	0	0	
demographic.indicators55	0.0215	0.1451	0	0	0	581.1313	0	0	
demographic.indicators56	0.0101	0.1001	0	0	0	867.95	0	0	
demographic.indicators57	0.0117	0.1076	0	0	0	764.0011	0	0	
demographic.indicators58	0.0117	0.1073	0	0	0	929.6724	0	0	
demographic.indicators59	0.0198	0.1393	0	0	0	551.3898	0	0	
demographic.indicators60	6.7713E-3	0.082	0	0	0	1579.2721	0	0	
demographic.indicators61	4.2253E-3	0.0649	0	0	0	3198.1136	0	0	
demographic.indicators62	0.0168	0.1286	0	0	0	821.5027	0	0	
demographic.indicators63	8.0547E-3	0.0894	0	0	0	1879.4517	0	0	
demographic.indicators64	0.0154	0.1231	0	0	0	631.3404	0	0	
demographic.indicators65	8.052E-3	0.0894	0	0	0	768.8018	0	0	
demographic.indicators66	0.0127	0.1121	0	0	0	818.8364	0	0	
demographic.indicators67	5.8887E-3	0.0765	0	0	0	1203.8798	0	0	
demographic.indicators68	5.1827E-3	0.0718	0	0	0	4395.0021	0	0	
demographic.indicators69	7.546E-3	0.0865	0	0	0	925.9035	0	0	
demographic.indicators70	0.0244	0.1543	0	0	0	523.2981	0	0	
demographic.indicators71	5.1647E-3	0.0717	0	0	0	3915.7888	0	0	
demographic.indicators72	0.0218	0.1459	0	0	0	482.1111	0	0	
demographic.indicators73	0.0262	0.1597	0	0	0	472.6916	0	0	
demographic.indicators74	7.9593E-3	0.0889	0	0	0	935.3471	0	0	
demographic.indicators75	0.0128	0.1125	0	0	0	749.6349	0	0	
demographic.indicators76	5.0933E-3	0.0712	0	0	0	3466.7492	0	0	
demographic.indicators77	8.8073E-3	0.0934	0	0	0	894.8216	0	0	
demographic.indicators78	9.9133E-3	0.0991	0	0	0	661.3638	0	0	
demographic.indicators79	4.4433E-3	0.0665	0	0	0	2836.3674	0	0	
demographic.indicators80	9.196E-3	0.0955	0	0	0	991.894	0	0	
demographic.indicators81	0.0246	0.155	0	0	0	470.0862	0	0	
demographic.indicators82	0.0136	0.1158	0	0	0	669.0894	0	0	
demographic.indicators83	6.578E-3	0.0808	0	0	0	966.2621	0	0	
demographic.indicators84	7.7907E-3	0.0879	0	0	0	1273.771	0	0	
demographic.indicators85	0.0392	0.194	0	0	0	430.0775	0	0	
demographic.indicators86	8.918E-3	0.094	0	0	0	1044.1767	0	0	
demographic.indicators87	7.808E-3	0.088	0	0	0	630.1065	0	0	
demographic.indicators88	5.2153E-3	0.072	0	0	0	1070.0908	0	0	
demographic.indicators89	8.9747E-3	0.0943	0	0	0	688.3983	0	0	
demographic.indicators90	0.0228	0.1491	0	0	0	556.5413	0	0	
demographic.indicators91	6.968E-3	0.0832	0	0	0	929.5492	0	0	
demographic.indicators92	5.258E-3	0.0723	0	0	0	889.5911	0	0	
demographic.indicators93	5.6027E-3	0.0746	0	0	0	1402.8172	0	0	
demographic.indicators94	9E-3	0.0944	0	0	0	717.9047	0	0	
demographic.indicators95	0.0137	0.1162	0	0	0	644.7575	0	0	
demographic.indicators96	7.4927E-3	0.0862	0	0	0	682.1265	0	0	
demographic.indicators97	0.019	0.1367	0	0	0	477.9654	0	0	
demographic.indicators98	0.0151	0.1219	0	0	0	504.6001	0	0	
demographic.indicators99	0.011	0.1044	0	0	0	855.1624	0	0	
demographic.indicators100	0.0102	0.1007	0	0	0	547.6452	0	0	
demographic.indicators101	5.1573E-3	0.0716	0	0	0	1583.796	0	0	
demographic.indicators102	0.0105	0.1019	0	0	0	618.6551	0	0	
demographic.indicators103	9.9327E-3	0.0992	0	0	0	809.0611	0	0	
demographic.indicators104	0.0193	0.1377	0	0	0	619.2688	0	0	
demographic.indicators105	7.4247E-3	0.0858	0	0	0	1073.4764	0	0	
demographic.indicators106	0.0365	0.1875	0	0	0	495.4367	0	0	
demographic.indicators107	0.0172	0.1299	0	0	0	534.0949	0	0	
demographic.indicators108	0.0141	0.1181	0	0	0	534.7406	0	0	
demographic.indicators109	4.256E-3	0.0651	0	0	0	2473.2368	0	0	
demographic.indicators110	0.0139	0.1169	0	0	0	579.4024	0	0	
demographic.indicators111	0.0145	0.1196	0	0	0	607.5931	0	0	
demographic.indicators112	0.0172	0.1301	0	0	0	565.0786	0	0	
demographic.indicators113	0.0185	0.1347	0	0	0	641.9967	0	0	
demographic.indicators114	0.0218	0.1461	0	0	0	559.2831	0	0	
demographic.indicators115	9.7093E-3	0.0981	0	0	0	838.7316	0	0	
demographic.indicators116	0.0157	0.1244	0	0	0	664.0481	0	0	
demographic.indicators117	0.0388	0.1932	0	0	0	525.7855	0	0	
demographic.indicators118	0.0135	0.1153	0	0	0	637.1057	0	0	
demographic.indicators119	0.0248	0.1556	0	0	0	528.7283	0	0	
demographic.indicators120	0.0171	0.1297	0	0	0	532.3341	0	0	
demographic.indicators121	0.0132	0.1143	0	0	0	699.5916	0	0	
demographic.indicators122	0.0155	0.1235	0	0	0	594.7988	0	0	
demographic.indicators123	0.0281	0.1653	0	0	0	496.8373	0	0	
demographic.indicators124	0.0163	0.1267	0	0	0	574.2672	0	0	
demographic.indicators125	0.0181	0.1334	0	0	0	662.498	0	0	
demographic.indicators126	0.0177	0.1317	0	0	0	524.7895	0	0	
demographic.indicators127	0.0158	0.1247	0	0	0	619.802	0	0	
demographic.indicators128	0.0229	0.1494	0	0	0	507.5422	0	0	
demographic.indicators129	0.0239	0.1528	0	0	0	492.0178	0	0	
demographic.indicators130	6.5187E-3	0.0805	0	0	0	912.0106	0	0	
demographic.indicators131	4.2527E-3	0.0651	0	0	0	879.7538	0	0	
demographic.indicators132	0.014	0.1176	0	0	0	723.3404	0	0	
demographic.indicators133	8.2647E-3	0.0905	0	0	0	664.9871	0	0	
demographic.indicators134	0.0144	0.119	0	0	0	660.4988	0	0	
demographic.indicators135	4.352E-3	0.0658	0	0	0	1224.3855	0	0	
demographic.indicators136	4.1407E-3	0.0642	0	0	0	1437.2837	0	0	
demographic.indicators137	0.0113	0.1058	0	0	0	638.1369	0	0	
demographic.indicators138	9.8473E-3	0.0987	0	0	0	571.5379	0	0	
demographic.indicators139	7.9987E-3	0.0891	0	0	0	717.9046	0	0	
demographic.indicators140	5.7127E-3	0.0754	0	0	0	641.1819	0	0	
demographic.indicators141	9.3893E-3	0.0964	0	0	0	711.9885	0	0	
demographic.indicators142	5.7387E-3	0.0755	0	0	0	588.2561	0	0	
demographic.indicators143	9.3573E-3	0.0963	0	0	0	643.0318	0	0	
demographic.indicators144	6.074E-3	0.0777	0	0	0	847.3539	0	0	
demographic.indicators145	0.0115	0.1065	0	0	0	555.4635	0	0	
demographic.indicators146	6.1727E-3	0.0783	0	0	0	671.8733	0	0	
demographic.indicators147	8.8453E-3	0.0936	0	0	0	610.3212	0	0	
demographic.indicators148	5.04E-3	0.0708	0	0	0	940.8248	0	0	
demographic.indicators149	7.528E-3	0.0864	0	0	0	595.0902	0	0	
demographic.indicators150	3.79E-3	0.0614	0	0	0	705.4094	0	0	
demographic.indicators151	8.96E-3	0.0942	0	0	0	510.714	0	0	
demographic.indicators152	2.6693E-3	0.0516	0	0	0	1967.9005	0	0	
demographic.indicators153	0.0227	0.1488	0	0	0	445.6721	0	0	
demographic.indicators154	4.5747E-3	0.0675	0	0	0	518.8468	0	0	
demographic.indicators155	0.0105	0.1018	0	0	0	463.7681	0	0	
demographic.indicators156	1.5273E-3	0.0391	0	0	0	3153.7524	0	0	
demographic.indicators157	0.0117	0.1077	0	0	0	688.6959	0	0	
demographic.indicators158	1.66E-3	0.0407	0	0	0	3709.0079	0	0	
demographic.indicators159	2.578E-3	0.0507	0	0	0	1267.8408	0	0	
demographic.indicators160	1.638E-3	0.0404	0	0	0	1588.6729	0	0	
demographic.indicators161	2.354E-3	0.0485	0	0	0	2559.0596	0	0	
demographic.indicators162	9.8253E-3	0.0986	0	0	0	633.3945	0	0	
demographic.indicators163	7.32E-4	0.027	0	0	0	12881.2582	0	0	
demographic.indicators164	5.3133E-4	0.023	0	0	0	22943.4968	0	0	
demographic.indicators165	1.84E-3	0.0429	0	0	0	2236.0908	0	0	
demographic.indicators166	1.6047E-3	0.04	0	0	0	1623.2444	0	0	
demographic.indicators167	3.336E-3	0.0577	0	0	0	1080.9838	0	0	
demographic.indicators168	1.2193E-3	0.0349	0	0	0	3361.769	0	0	
demographic.indicators169	3.088E-3	0.0555	0	0	0	587.5754	0	0	
demographic.indicators170	9.5933E-4	0.031	0	0	0	3947.3483	0	0	
demographic.indicators171	1.2447E-3	0.0353	0	0	0	3139.6791	0	0	
demographic.indicators172	3.2333E-3	0.0568	0	0	0	1070.6993	0	0	
demographic.indicators173	5.4947E-3	0.0739	0	0	0	678.3088	0	0	
demographic.indicators174	2.692E-3	0.0518	0	0	0	819.3689	0	0	
demographic.indicators175	5.7467E-3	0.0756	0	0	0	554.8225	0	0	
demographic.indicators176	1.346E-3	0.0367	0	0	0	2355.4975	0	0	
demographic.indicators177	1.0613E-3	0.0326	0	0	0	3965.1156	0	0	
demographic.indicators178	3.4533E-3	0.0587	0	0	0	2112.7915	0	0	
demographic.indicators179	1.2247E-3	0.035	0	0	0	4650.8347	0	0	
demographic.indicators180	6.26E-4	0.025	0	0	0	32596.57	0	0	
demographic.indicators181	5.2193E-3	0.0721	0	0	0	511.9706	0	0	
demographic.indicators182	1.2893E-3	0.0359	0	0	0	3080.7681	0	0	
demographic.indicators183	8.3133E-4	0.0288	0	0	0	26662.7738	0	0	
demographic.indicators184	2.0493E-3	0.0452	0	0	0	1650.8299	0	0	
demographic.indicators185	1.2933E-3	0.0359	0	0	0	5032.3983	0	0	
demographic.indicators186	1.318E-3	0.0363	0	0	0	4597.654	0	0	
demographic.indicators187	3.1733E-3	0.0562	0	0	0	1264.4632	0	0	
demographic.indicators188	1.9907E-3	0.0446	0	0	0	1338.1037	0	0	
demographic.indicators189	2.2153E-3	0.047	0	0	0	4314.7878	0	0	
demographic.indicators190	0.0171	0.1296	0	0	0	444.3808	0	0	
demographic.indicators191	0.0147	0.1205	0	0	0	479.7771	0	0	
demographic.indicators192	4.1793E-3	0.0645	0	0	0	2067.7818	0	0	
demographic.indicators193	1.6067E-3	0.0401	0	0	0	29075.4507	0	0	
demographic.indicators194	0.0109	0.104	0	0	0	678.2454	0	0	
demographic.indicators195	0.0106	0.1025	0	0	0	773.9182	0	0	
demographic.indicators196	0.0154	0.1232	0	0	0	577.8166	0	0	
demographic.indicators197	0.0147	0.1205	0	0	0	907.0246	0	0	
demographic.indicators198	0.0106	0.1024	0	0	0	1405.5378	0	0	
demographic.indicators199	0.0114	0.1062	0	0	0	1992.8988	0	0	
kappa	2.2182	0.1433	2.2134	1.9467	2.5055	61016.1417	2.1074	2.2996	
frequencies1	0.2782	0.0106	0.2782	0.2581	0.2995	25478.3627	0.2713	0.2855	
frequencies2	0.1987	9.084E-3	0.1986	0.1807	0.2162	20288.1743	0.1924	0.2046	
frequencies3	0.1911	8.8374E-3	0.191	0.174	0.2087	26352.6529	0.1848	0.1968	
frequencies4	0.332	0.0114	0.3319	0.3099	0.3547	21074.8171	0.324	0.3393	
alpha	0.4255	0.0341	0.4238	0.3615	0.4939	73476.5693	0.4001	0.4455	
default.ucld.mean	1.3284E-3	3.9157E-4	1.2729E-3	5.3371E-4	2.1029E-3	508.5889	9.6176E-4	1.4201E-3	
default.ucld.stdev	0.0156	0.0108	0.0127	2.2748E-3	0.0366	684.5052	5.7148E-3	0.0143	
host.ucld.mean	0.0113	2.664E-3	0.0111	6.3303E-3	0.0164	543.7423	9.0169E-3	0.0126	
host.ucld.stdev	2.6615E-3	2.3042E-3	2.0749E-3	8.4053E-9	7.1573E-3	2353.1152	8.4053E-9	2.0749E-3	
default.meanRate	6.3779E-4	1.2431E-4	6.3702E-4	3.9675E-4	8.7162E-4	430.1832	5.347E-4	7.1106E-4	
default.coefficientOfVariation	2.9895	0.8624	2.7196	1.8308	4.8511	455.9657	2.1248	2.8752	
default.covariance	0.1042	0.0697	0.0926	-0.0101	0.2431	567.8771	0.0282	0.1134	
host.meanRate	0.0114	2.6985E-3	0.0112	6.3551E-3	0.0166	548.0503	9.0768E-3	0.0127	
host.coefficientOfVariation	0.2323	0.184	0.1912	5.1312E-7	0.5882	3281.1514	5.1312E-7	0.1912	
host.covariance	-0.0019	0.0501	-0.0022	-0.1003	0.0958	45201.4368	-0.0367	0.0311	
host.rates.Amaranthaceae.Brassicaceae	0.9153	0.9896	0.5507	4.1173E-5	2.9689	2091.0729	4.5551E-5	0.5507	
host.rates.Amaranthaceae.Fabaceae	0.9557	0.9596	0.6766	1.6134E-4	2.8792	2320.6657	7.9797E-3	0.6828	
host.rates.Amaranthaceae.Poaceae	1.0009	0.9964	0.658	6.0916E-5	2.7507	1471.2738	9.0657E-5	0.658	
host.rates.Amaranthaceae.Solanaceae	1.1694	1.3049	0.7221	0.026	5.1056	703.3292	8.6847E-5	0.7221	
host.rates.Brassicaceae.Fabaceae	0.9589	1.0376	0.5824	1.5098E-3	3.2255	1284.792	5.3528E-4	0.5824	
host.rates.Brassicaceae.Poaceae	0.854	0.9381	0.5133	1.2618E-4	2.7703	2208.1154	1.8301E-4	0.5133	
host.rates.Brassicaceae.Solanaceae	0.8326	0.857	0.5989	2.8937E-7	2.5047	1755.8464	2.8937E-7	0.5989	
host.rates.Fabaceae.Poaceae	0.8356	0.8919	0.5653	5.9278E-5	2.592	2723.2048	6.0112E-5	0.5653	
host.rates.Fabaceae.Solanaceae	0.8768	0.9189	0.6081	6.069E-5	2.7192	2587.5733	6.2168E-5	0.6081	
host.rates.Poaceae.Solanaceae	1.5052	0.7097	1.4094	0.4373	2.8673	1622.2701	0.9136	1.7922	
host.rates.Brassicaceae.Amaranthaceae	0.8521	0.9479	0.5508	1.8478E-5	2.6993	1869.7511	1.8478E-5	0.5508	
host.rates.Fabaceae.Amaranthaceae	0.6919	0.8728	0.3743	8.1487E-5	2.4432	2110.9397	1.0231E-4	0.3743	
host.rates.Poaceae.Amaranthaceae	1.4393	0.6857	1.3456	0.414	2.7849	1639.3832	0.542	1.3956	
host.rates.Solanaceae.Amaranthaceae	0.6894	0.85	0.416	9.7682E-4	2.3949	2303.8043	3.9549E-3	0.4181	
host.rates.Fabaceae.Brassicaceae	0.885	0.9187	0.6206	1.5686E-4	2.7237	2682.4524	4.2568E-4	0.6206	
host.rates.Poaceae.Brassicaceae	1.6116	0.7538	1.5198	0.4475	3.1233	1639.8513	0.6594	1.6039	
host.rates.Solanaceae.Brassicaceae	0.7273	0.866	0.4162	1.5105E-4	2.4335	1971.3153	2.1869E-4	0.4162	
host.rates.Poaceae.Fabaceae	1.5596	0.7345	1.4694	0.447	2.9467	1579.7726	0.8802	1.7993	
host.rates.Solanaceae.Fabaceae	0.8184	0.8868	0.507	2.2005E-5	2.5482	2287.1233	0.015	0.5094	
host.rates.Solanaceae.Poaceae	0.8305	0.9184	0.5526	9.973E-5	2.7346	2285.293	0.0441	0.5943	
host.indicators.Amaranthaceae.Brassicaceae	0.1543	0.3612	0	0	1	4695.7933	0	0	
host.indicators.Amaranthaceae.Fabaceae	0.1297	0.336	0	0	1	6966.7496	0	0	
host.indicators.Amaranthaceae.Poaceae	0.1388	0.3458	0	0	1	3104.5048	0	0	
host.indicators.Amaranthaceae.Solanaceae	0.113	0.3166	0	0	1	7790.43	0	0	
host.indicators.Brassicaceae.Fabaceae	0.1675	0.3734	0	0	1	3318.8696	0	0	
host.indicators.Brassicaceae.Poaceae	0.1511	0.3582	0	0	1	4662.1043	0	0	
host.indicators.Brassicaceae.Solanaceae	0.3575	0.4793	0	0	1	2076.1149	0	0	
host.indicators.Fabaceae.Poaceae	0.2548	0.4357	0	0	1	2742.5891	0	0	
host.indicators.Fabaceae.Solanaceae	0.1787	0.3831	0	0	1	3497.054	0	0	
host.indicators.Poaceae.Solanaceae	1	0	0	0	0	NaN	0	0	
host.indicators.Brassicaceae.Amaranthaceae	0.2498	0.4329	0	0	1	2886.2941	0	0	
host.indicators.Fabaceae.Amaranthaceae	0.4222	0.4939	0	0	1	1488.2388	0	0	
host.indicators.Poaceae.Amaranthaceae	1	0	0	0	0	NaN	0	0	
host.indicators.Solanaceae.Amaranthaceae	0.3542	0.4783	0	0	1	1731.0968	0	0	
host.indicators.Fabaceae.Brassicaceae	0.1643	0.3706	0	0	1	2830.0927	0	0	
host.indicators.Poaceae.Brassicaceae	1	1.4142E-3	1	1	1	5E5	1	1	
host.indicators.Solanaceae.Brassicaceae	0.3707	0.483	0	0	1	1401.5613	0	0	
host.indicators.Poaceae.Fabaceae	1	0	0	0	0	NaN	0	0	
host.indicators.Solanaceae.Fabaceae	0.2415	0.428	0	0	1	2490.5263	0	0	
host.indicators.Solanaceae.Poaceae	0.2195	0.4139	0	0	1	2458.6215	0	0	
host.nonZeroRates	7.6676	1.2039	8	6	10	1558.308	7	8	
default.treeLikelihood	-7423.4078	14.211	-7422.9789	-7451.4892	-7395.9587	1715.2082	-7431.6998	-7412.5839	
default.branchRates	-2382.6079	0	0	0	0	NaN	0	0	
host.branchRates	-2382.6079	0	0	0	0	NaN	0	0	
c_host.count[1]	121.9376	5.4981	122	111	132	1117.0186	118	124	
c_allTransitions[1]	121.9387	5.4945	122	111	132	1115.9202	118	124	
coalescent	-1289.9635	56.6549	-1289.1585	-1402.6926	-1172.6517	401.8382	-1322.9777	-1255.203	

