burnIn   <= 0,   maxState  = 150000200
statistic	mean	stdErr	median	hpdLower	hpdUpper	ESS	50hpdLower	50hpdUpper
joint	-14942.6582	126.7621	-14935.4858	-15201.2387	-14693.8652	524.2701	-15009.4423	-14848.8751	
prior	-7511.0426	125.5336	-7504.0954	-7773.6125	-7268.709	520.344	-7572.5473	-7414.4862	
likelihood	-7431.6156	17.2602	-7431.2422	-7465.6372	-7397.9175	1405.2887	-7442.1777	-7419.0638	
treeModel.rootHeight	69.4239	15.9213	66.5745	44.3314	100.2847	566.2058	53.8848	71.4952	
age(root)	1953.5761	15.9213	1956.4255	1922.7153	1978.6686	566.2058	1951.5048	1969.1152	
treeLength	2549.9646	274.8401	2544.559	2006.6626	3123.5317	432.4071	2364.5228	2696.9249	
tmrca(ingroup)	69.4239	15.9213	66.5745	44.3314	100.2847	566.2058	53.8848	71.4952	
age(ingroup)	1953.5761	15.9213	1956.4255	1922.7153	1978.6686	566.2058	1951.5048	1969.1152	
demographic.populationSizeChanges	3.3238	0.5652	3	3	4	1110.7938	3	3	
demographic.populationMean	684.5619	594.0831	529.4132	96.4956	1687.425	516.9073	204.3872	584.2465	
demographic.popSize1	402.0744	432.0971	295.9817	4.665	1130.3895	505.3151	100.9279	355.8291	
demographic.popSize2	683.3977	1071.4297	353.7455	0.0128	2374.2845	1570.6994	1.2416E-3	353.7455	
demographic.popSize3	668.4796	1051.0929	350.1729	0.022	2315.4204	1727.5426	0.022	350.1729	
demographic.popSize4	679.7549	1109.3989	350.9707	0.0245	2347.7218	1539.3602	0.0245	350.9707	
demographic.popSize5	664.5568	997.0189	343.2828	0.0296	2336.8918	1684.7714	0.0129	343.2828	
demographic.popSize6	684.3228	1111.7221	356.625	0.0847	2354.4091	1517.992	0.2198	356.7251	
demographic.popSize7	647.1473	1104.9127	323.8787	1.5876E-3	2278.699	1555.0766	0.0201	323.8898	
demographic.popSize8	634.4643	1072.7723	309.2153	2.7707E-3	2262.3939	1343.948	0.0732	309.2238	
demographic.popSize9	677.9931	1135.0992	338.2628	0.0229	2365.3716	1383.2899	0.0105	338.2628	
demographic.popSize10	654.395	1077.2101	323.6036	0.0111	2348.995	1435.5385	0.164	323.6287	
demographic.popSize11	671.4611	1101.1986	345.1455	0.0284	2301.3	1527.3188	0.0284	345.1455	
demographic.popSize12	530.1158	1052.9966	209.8135	0.0347	2060.374	1388.8441	0.0792	209.8135	
demographic.popSize13	678.2061	1071.5588	346.157	0.0556	2403.6403	1537.0123	0.032	346.157	
demographic.popSize14	662.8495	1092.8576	331.9707	0.0463	2341.7607	1605.4587	0.0504	331.9776	
demographic.popSize15	628.7184	1091.3333	301.5615	7.6307E-3	2283.9958	1509.66	7.6307E-3	301.5615	
demographic.popSize16	621.5074	1003.9249	306.1059	2.0576E-3	2232.8144	1472.1984	0.0174	306.1059	
demographic.popSize17	483.2354	897.9016	187.6903	0.0635	1943.4024	1290.1253	0.1217	187.7618	
demographic.popSize18	680.7317	1124.0703	349.0768	3.2451E-3	2333.887	1577.8016	0.1499	349.1891	
demographic.popSize19	687.4209	1093.2103	354.1804	0.0232	2373.2411	1657.9984	0.0232	354.1804	
demographic.popSize20	685.412	1061.923	358.167	0.0425	2402.5806	1491.9505	0.1049	358.167	
demographic.popSize21	689.2151	1044.5992	358.9398	0.0197	2424.3265	1673.2763	0.0222	358.9398	
demographic.popSize22	691.2897	1078.7398	361.0165	0.0164	2377.5914	1605.6308	0.0104	361.0165	
demographic.popSize23	696.582	1268.1019	358.4585	0.0126	2421.512	1831.2128	0.0126	358.4585	
demographic.popSize24	681.2997	1010.2504	359.7821	0.0419	2335.5202	1757.1775	0.1583	359.8638	
demographic.popSize25	711.6556	1164.5934	363.3879	0.0175	2528.4249	1359.5848	0.0175	363.3879	
demographic.popSize26	701.2048	1087.7751	361.1815	8.637E-4	2474.4825	1394.1842	0.0408	361.1866	
demographic.popSize27	696.3162	1072.7542	359.6201	5.4114E-3	2506.9629	1504.194	5.4114E-3	359.6201	
demographic.popSize28	701.4697	1139.6205	362.5179	3.3551E-3	2409.0164	1520.7138	0.0169	362.5179	
demographic.popSize29	708.6572	1183.0476	364.3086	3.4626E-3	2493.948	1462.5	0.0249	364.3154	
demographic.popSize30	697.9503	1062.9616	363.2814	0.0244	2551.0916	1509.3196	0.0104	363.2814	
demographic.popSize31	702.4548	1065.6723	363.7321	0.0126	2489.7743	1397.9401	0.0337	363.7428	
demographic.popSize32	683.1808	1067.8513	351.4533	0.0163	2357.2426	1666.5517	0.0163	351.4533	
demographic.popSize33	695.7964	1048.6661	367.9469	0.0875	2429.517	1577.0409	0.1274	367.9851	
demographic.popSize34	724.4664	1142.2706	369.4792	0.0159	2696.752	1387.6324	0.0387	369.4827	
demographic.popSize35	711.8414	1063.7031	375.4653	0.2416	2555.1103	1449.7082	0.018	375.4653	
demographic.popSize36	713.376	1121.3807	363.6684	2.1472E-3	2523.0641	1468.3585	4.5885E-3	363.6684	
demographic.popSize37	694.675	1041.6099	370.63	1.0642E-3	2405.2917	1581.0424	1.0642E-3	370.63	
demographic.popSize38	723.3206	1083.402	379.9803	0.0144	2522.3694	1402.5939	0.0184	379.9803	
demographic.popSize39	712.2727	1045.1006	367.0804	0.0537	2557.2263	1386.6634	0.0814	367.0922	
demographic.popSize40	707.4851	1110.1387	364.9448	0.2237	2400.8747	1558.4507	0.2237	365.0579	
demographic.popSize41	755.5471	1109.4889	396.7028	0.166	2579.0488	1399.1251	0.1039	396.7857	
demographic.popSize42	722.4748	1088.2637	378.4399	0.0191	2516.5662	1486.9958	0.0986	378.5014	
demographic.popSize43	706.0435	1076.5967	368.2485	0.0184	2421.3849	1424.2779	0.0184	368.2485	
demographic.popSize44	699.168	1047.5919	373.6329	9.6746E-3	2390.1133	1430.1462	9.6746E-3	373.6329	
demographic.popSize45	714.825	1049.7907	374.5662	0.2361	2506.7457	1425.2733	0.2333	374.7464	
demographic.popSize46	715.9315	1093.5977	372.1302	0.059	2461.2836	1517.7981	0.0109	372.1302	
demographic.popSize47	717.5074	1056.9636	380.1683	8.636E-3	2438.1535	1506.1614	8.636E-3	380.1683	
demographic.popSize48	730.2272	1152.9616	375.6926	6.4844E-3	2468.3153	1428.581	6.4844E-3	375.6926	
demographic.popSize49	703.6591	1092.032	370.6961	5.1201E-3	2410.7034	1635.8201	0.0939	370.7178	
demographic.popSize50	724.8367	1134.3874	370.4201	0.1268	2458.3929	1486.0696	0.1268	370.4618	
demographic.popSize51	728.8516	1118.5879	379.818	0.0661	2558.7718	1440.1872	0.0436	379.818	
demographic.popSize52	718.4202	1127.7166	368.494	0.0135	2426.3013	1404.0074	1.2172E-3	368.494	
demographic.popSize53	741.5495	1184.7456	388.1816	0.1402	2467.794	1488.1127	0.0138	388.1816	
demographic.popSize54	707.7382	1051.6448	364.2472	0.0227	2339.6646	1552.8395	0.0293	364.2472	
demographic.popSize55	712.4549	1045.614	372.9845	0.0124	2384.0262	1459.6525	0.0124	372.9845	
demographic.popSize56	690.917	1052.0369	364.1793	0.022	2399.0105	1641.5438	1.805E-4	364.1793	
demographic.popSize57	696.1264	1079.2075	361.8357	0.0156	2395.6339	1522.8449	0.0354	361.855	
demographic.popSize58	709.4717	1074.7775	372.3094	0.091	2352.0002	1522.8847	0.5048	372.663	
demographic.popSize59	693.5058	1019.3355	370.0814	0.0276	2338.3023	1603.6828	0.0276	370.0814	
demographic.popSize60	682.8004	1089.7725	358.4963	0.0546	2341.9944	1590.9437	0.0546	358.4963	
demographic.popSize61	699.0418	1059.7179	373.9041	0.0115	2386.0347	1596.6222	0.0324	373.9041	
demographic.popSize62	703.2822	1091.0101	373.0234	0.0163	2342.8468	1529.0366	0.1421	373.1157	
demographic.popSize63	694.6176	1033.2829	369.5568	3.9268E-3	2353.7073	1691.6394	3.9268E-3	369.5568	
demographic.popSize64	687.0785	1013.7148	367.3328	0.0274	2326.2872	1670.0165	0.1067	367.355	
demographic.popSize65	696.3373	1023.5333	376.0112	0.0103	2352.4521	1600.4793	0.0103	376.0112	
demographic.popSize66	673.0562	1027.9958	362.5888	2.9054E-3	2283.8559	1680.2857	2.9054E-3	362.5888	
demographic.popSize67	676.8011	1052.7289	353.4256	0.0101	2363.2001	1529.2988	0.0101	353.4256	
demographic.popSize68	686.201	1051.8899	360.9992	0.0256	2351.743	1683.602	0.0256	360.9992	
demographic.popSize69	696.7927	1066.0673	365.4826	0.0288	2402.4697	1596.3264	0.0302	365.4954	
demographic.popSize70	683.0992	1071.5312	360.0942	0.0698	2374.7901	1616.2287	0.0564	360.1011	
demographic.popSize71	685.4406	1105.5038	361.1059	5.3226E-3	2383.1478	1669.5728	0.0549	361.1297	
demographic.popSize72	691.681	1100.0175	358.8882	0.0293	2403.4672	1623.0362	0.0293	358.9077	
demographic.popSize73	675.8066	1096.1528	352.3973	0.0138	2339.8575	1693.5135	6.5352E-3	352.3973	
demographic.popSize74	683.4311	1156.9338	357.0339	2.3135E-3	2347.37	1725.7771	2.3135E-3	357.0339	
demographic.popSize75	675.6798	1062.0324	354.6615	6.3152E-3	2325.2178	1539.0471	0.0698	354.6615	
demographic.popSize76	678.2885	1123.3048	341.4937	0.0215	2374.2504	1618.0316	0.0164	341.4937	
demographic.popSize77	678.3955	1040.9668	355.4201	0.0615	2365.8555	1580.2504	0.0652	355.4201	
demographic.popSize78	679.3246	1047.1448	364.98	0.0323	2327.5245	1565.4702	0.0201	364.98	
demographic.popSize79	679.894	1084.2292	351.8553	2.4291E-3	2362.3651	1479.3253	2.4291E-3	351.8553	
demographic.popSize80	689.4221	1118.9587	359.4851	1.8448E-3	2371.8378	1577.7074	0.0581	359.4979	
demographic.popSize81	683.0485	1068.9681	358.1685	0.0232	2401.3663	1490.4864	0.0111	358.1685	
demographic.popSize82	693.9562	1139.4072	362.2441	0.0122	2410.4324	1589.122	0.1317	362.2531	
demographic.popSize83	658.748	1068.292	339.7603	0.0579	2286.1389	1536.2754	0.0226	339.7603	
demographic.popSize84	682.591	1073.2972	349.338	1.6926E-3	2415.8759	1605.5027	1.6926E-3	349.338	
demographic.popSize85	677.4357	1060.0824	355.9221	0.015	2316.4243	1595.787	0.015	355.9221	
demographic.popSize86	667.8586	1005.5213	348.0261	0.0681	2285.8861	1684.8831	0.0219	348.0261	
demographic.popSize87	684.2881	1134.3017	343.4665	8.718E-3	2395.0916	1516.1034	7.3232E-3	343.4665	
demographic.popSize88	671.561	1066.4754	348.154	4.2249E-3	2349.6274	1833.9455	4.2249E-3	348.154	
demographic.popSize89	600.8082	1001.2504	297.1009	5.0622E-3	2163.9845	1387.3893	4.9405E-4	297.1009	
demographic.popSize90	663.773	1094.8556	337.7232	0.015	2324.2208	1506.045	0.0714	337.7393	
demographic.popSize91	667.5257	1069.1238	339.5717	4.7595E-3	2354.3488	1444.7258	0.0926	339.6156	
demographic.popSize92	671.6873	1050.5271	348.4206	0.027	2359.1141	1572.5988	0.027	348.4206	
demographic.popSize93	681.7003	1112.4442	352.7688	0.0153	2388.9465	1605.6182	0.0153	352.7688	
demographic.popSize94	669.1546	1066.7311	335.9722	4.8385E-3	2390.7307	1605.4102	4.8385E-3	335.9722	
demographic.popSize95	674.1304	1048.4153	351.7761	3.3221E-3	2331.5506	1503.0446	3.3221E-3	351.7761	
demographic.popSize96	671.8096	1020.3563	349.6899	0.0352	2349.3049	1633.2414	0.0352	349.6899	
demographic.popSize97	685.6698	1075.3798	356.5806	8.338E-4	2379.8197	1454.6401	8.338E-4	356.5806	
demographic.popSize98	680.2608	1083.102	347.8996	0.0896	2374.4615	1621.0501	0.0662	347.8996	
demographic.popSize99	669.3784	1088.506	335.396	0.0296	2356.7281	1631.6452	0.0296	335.4004	
demographic.popSize100	670.8457	1068.496	343.0787	2.9487E-3	2385.5065	1569.9107	2.9487E-3	343.0787	
demographic.popSize101	672.1762	1073.8951	346.3493	6.4103E-3	2346.8499	1571.9322	6.4103E-3	346.3493	
demographic.popSize102	653.1643	1035.9353	329.479	6.946E-3	2283.1774	1518.3652	6.946E-3	329.479	
demographic.popSize103	665.2143	1093.4024	335.5603	0.0375	2367.228	1507.5107	0.0328	335.5603	
demographic.popSize104	679.3161	1113.9755	345.6535	1.0104E-3	2403.0974	1589.3917	1.0104E-3	345.6535	
demographic.popSize105	680.4656	1084.9972	348.7427	4.6508E-3	2345.5647	1615.5537	4.6508E-3	348.7427	
demographic.popSize106	679.5046	1087.2869	345.945	0.0103	2389.85	1514.4729	0.0345	345.9473	
demographic.popSize107	669.7857	1060.3255	343.5889	0.0325	2318.9486	1475.2924	0.0602	343.604	
demographic.popSize108	670.3134	1078.8496	349.2781	0.0211	2308.5783	1659.8002	0.0211	349.2781	
demographic.popSize109	676.5949	1085.7012	354.4033	2.4945E-3	2335.3248	1604.3373	0.0188	354.4033	
demographic.popSize110	680.0193	1038.4947	359.4508	0.0385	2358.3042	1600.041	0.1198	359.4688	
demographic.popSize111	674.5512	1062.9384	346.9266	2.4317E-3	2344.7841	1636.3746	0.2418	347.1311	
demographic.popSize112	692.1581	1101.5518	351.5482	0.0237	2393.7301	1584.006	0.3473	351.7382	
demographic.popSize113	678.962	1086.1665	350.0601	5.2868E-3	2372.8514	1655.2052	0.0332	350.0612	
demographic.popSize114	683.9948	1129.7263	350.5139	2.1971E-4	2360.0472	1504.0024	2.1971E-4	350.5139	
demographic.popSize115	683.7017	1090.3028	357.2176	0.023	2379.6629	1621.2382	0.0443	357.2176	
demographic.popSize116	680.1176	1047.8694	353.9517	0.0584	2361.2609	1635.3723	0.0197	353.9517	
demographic.popSize117	682.0517	1070.2689	349.6481	2.1832E-3	2398.994	1534.8987	0.1499	349.7229	
demographic.popSize118	673.8959	1118.0837	345.9463	0.0245	2365.0936	1489.9088	0.034	345.9463	
demographic.popSize119	675.5939	1086.5232	342.7641	0.0311	2372.7592	1514.4051	0.1175	342.7806	
demographic.popSize120	674.0432	1070.4158	349.2647	0.0296	2327.3138	1559.5598	0.0304	349.2647	
demographic.popSize121	653.467	1073.6852	335.2089	0.0236	2258.0988	1556.1767	0.0236	335.2089	
demographic.popSize122	681.9853	1067.985	361.7289	3.7718E-3	2298.8299	1609.9302	3.7718E-3	361.7289	
demographic.popSize123	675.2607	1097.8402	346.3128	0.0445	2387.1766	1501.2303	0.0548	346.3191	
demographic.popSize124	671.0393	1065.3969	336.9021	0.0198	2362.4799	1577.9387	0.0198	336.9021	
demographic.popSize125	686.3334	1072.5237	355.3709	0.0228	2389.0481	1588.0381	8.0374E-3	355.3709	
demographic.popSize126	683.8767	1073.7623	353.9904	0.0115	2360.9457	1701.1076	0.0109	353.9904	
demographic.popSize127	694.6958	1175.9774	352.0779	0.0491	2430.7285	1639.2157	0.0491	352.0779	
demographic.popSize128	671.3536	1052.8646	347.8301	1.2025E-3	2325.1361	1595.7497	0.0363	347.8301	
demographic.popSize129	681.51	1145.0843	350.2511	0.0398	2352.3528	1660.3157	0.1945	350.3298	
demographic.popSize130	680.2518	1165.9872	351.7879	0.0275	2368.2785	1684.3704	0.0267	351.7879	
demographic.popSize131	675.5337	1052.0611	353.6935	0.0171	2324.6657	1545.5038	0.0171	353.6935	
demographic.popSize132	680.3147	1089.1011	355.3815	0.0107	2358.1912	1634.2281	0.1129	355.3833	
demographic.popSize133	676.288	1033.1276	353.1391	1.5907E-3	2355.4229	1560.2721	0.0143	353.1391	
demographic.popSize134	678.0471	1068.0933	352.3726	0.0207	2362.4914	1601.5511	0.102	352.4146	
demographic.popSize135	685.5849	1121.7134	353.7863	0.0232	2385.0092	1455.2518	0.0232	353.7863	
demographic.popSize136	684.0684	1058.2245	351.2174	0.0272	2408.948	1570.904	0.0306	351.2174	
demographic.popSize137	679.3382	1058.6956	348.464	9.8032E-3	2403.6125	1620.8458	0.0166	348.464	
demographic.popSize138	682.9042	1112.1729	353.378	0.011	2368.2782	1570.5943	0.1276	353.4577	
demographic.popSize139	693.0373	1138.3544	355.2644	0.0902	2408.6739	1474.1001	0.0659	355.2679	
demographic.popSize140	693.5258	1157.0513	354.6595	1.4819E-3	2404.0678	1528.1035	9.184E-3	354.6595	
demographic.popSize141	681.7815	1088.8522	357.7623	0.0322	2369.3351	1591.6536	0.0913	357.7728	
demographic.popSize142	673.9402	1048.0521	350.7524	1.6288E-3	2356.0516	1694.9469	0.0206	350.7524	
demographic.popSize143	675.285	1052.4773	354.5122	6.912E-3	2338.0062	1595.2698	6.912E-3	354.5122	
demographic.popSize144	691.8181	1130.7511	355.4692	5.1597E-3	2424.6929	1532.1988	5.1597E-3	355.4692	
demographic.popSize145	678.2469	1120.7223	351.4483	4.0616E-3	2346.9944	1520.3617	4.0616E-3	351.4483	
demographic.popSize146	687.3957	1073.4522	358.5229	2.5894E-3	2412.2556	1534.5856	2.5894E-3	358.5229	
demographic.popSize147	679.7761	1053.2706	358.4769	1.7277E-3	2337.4341	1587.1497	1.7277E-3	358.4769	
demographic.popSize148	681.7637	1048.0418	358.8982	1.8128E-3	2380.0496	1608.5481	1.8128E-3	358.8982	
demographic.popSize149	683.998	1067.2531	352.2763	0.0163	2451.9993	1569.6572	0.0577	352.2763	
demographic.popSize150	685.767	1065.6364	357.7486	0.04	2352.725	1659.1445	0.1152	357.8112	
demographic.popSize151	690.9538	1106.8836	359.0476	0.0112	2393.7726	1564.838	0.0112	359.0476	
demographic.popSize152	679.4256	1081.7439	352.4603	0.0121	2384.6019	1647.9619	0.0364	352.4816	
demographic.popSize153	696.9577	1116.9175	363.4362	4.1011E-3	2413.0174	1505.6958	0.0241	363.4429	
demographic.popSize154	678.2471	1035.6487	358.4458	0.0565	2374.282	1640.8	0.0637	358.4458	
demographic.popSize155	675.493	1060.3292	346.9603	0.0143	2367.5116	1771.2651	0.1612	347.0887	
demographic.popSize156	685.3626	1070.6063	351.8847	9.0628E-3	2392.7343	1698.271	9.0628E-3	351.8847	
demographic.popSize157	678.0437	1032.592	350.8885	0.032	2353.6469	1602.87	0.032	350.8885	
demographic.popSize158	676.5302	1063.5329	354.0229	0.1528	2332.1816	1528.7058	0.1528	354.0381	
demographic.popSize159	679.7848	1012.4206	358.1575	0.0598	2370.217	1667.5178	5.9765E-3	358.1575	
demographic.popSize160	687.6576	1101.1939	358.9365	0.0226	2368.1907	1679.768	0.017	358.9365	
demographic.popSize161	683.4982	1118.2471	356.7371	1.5653E-3	2338.9001	1522.971	0.1179	356.7949	
demographic.popSize162	685.5776	1118.9901	356.249	4.8733E-3	2370.8281	1738.0436	6.9951E-3	356.249	
demographic.popSize163	670.6557	1038.4613	352.3178	0.0262	2286.5987	1549.5193	0.0235	352.3178	
demographic.popSize164	689.431	1072.0701	355.9944	0.0187	2408.5161	1524.2588	0.1289	356.0162	
demographic.popSize165	675.8553	1093.7412	347.1077	0.0142	2365.4397	1509.0158	4.6002E-3	347.1077	
demographic.popSize166	684.9544	1068.3887	355.4135	7.4638E-3	2388.7214	1474.8521	7.4638E-3	355.4135	
demographic.popSize167	685.786	1082.1101	360.9608	0.0456	2369.7647	1693.3735	0.0389	360.9608	
demographic.popSize168	682.3184	1032.0549	358.0057	0.0369	2365.6677	1647.6654	0.02	358.0057	
demographic.popSize169	696.6106	1104.0166	357.698	0.0469	2430.6404	1700.9034	0.0469	357.7105	
demographic.popSize170	682.5117	1117.0005	357.6831	4.6498E-3	2377.834	1765.1347	0.0735	357.7312	
demographic.popSize171	674.7817	1057.9811	358.8853	4.1259E-3	2337.4424	1539.6213	4.1259E-3	358.8853	
demographic.popSize172	679.7532	1087.6043	353.5891	0.0316	2346.8646	1647.5518	6.0911E-3	353.5891	
demographic.popSize173	679.3192	1030.7856	358.2569	0.0264	2365.6776	1626.9416	0.0264	358.2569	
demographic.popSize174	683.2196	1078.9931	360.1204	1.9627E-3	2341.1147	1655.6469	0.0208	360.1204	
demographic.popSize175	683.6536	1080.5785	354.9441	0.0484	2358.8088	1382.2793	0.0924	354.9869	
demographic.popSize176	684.1197	1066.7249	351.0131	1.0787E-3	2368.1405	1507.0505	5.6191E-4	351.0131	
demographic.popSize177	680.2867	1050.2278	352.0932	6.3574E-3	2387.2016	1638.8632	0.0194	352.0932	
demographic.popSize178	679.9768	1002.0453	365.7084	1.5417E-3	2351.775	1729.3235	1.5417E-3	365.7084	
demographic.popSize179	689.6608	1126.489	353.1986	0.0684	2400.6574	1593.91	0.1312	353.271	
demographic.popSize180	686.0957	1105.7269	355.7782	0.023	2356.2014	1612.6137	0.1081	355.833	
demographic.popSize181	692.4182	1078.384	359.4489	0.0104	2437.5771	1600.1394	0.0104	359.4489	
demographic.popSize182	687.2265	1164.6626	357.7612	0.0551	2361.1046	1734.9081	0.0469	357.7757	
demographic.popSize183	687.7448	1114.6984	359.5048	0.0173	2388.848	1572.4779	0.1777	359.6509	
demographic.popSize184	688.5873	1084.435	358.0339	0.0296	2399.0886	1697.8197	0.0203	358.0339	
demographic.popSize185	689.6636	1096.4928	355.5682	9.695E-3	2370.5457	1454.3528	0.0381	355.5682	
demographic.popSize186	692.3521	1117.7037	356.0643	0.0683	2399.2544	1507.0533	0.117	356.1017	
demographic.popSize187	677.0874	1103.4051	354.8285	9.9019E-3	2341.3391	1623.8391	0.1157	354.9159	
demographic.popSize188	680.3702	1096.9866	345.6098	0.0209	2382.0406	1685.8032	0.2822	345.8246	
demographic.popSize189	681.0247	1156.581	350.0458	0.0342	2374.2039	1787.1641	0.1252	350.0724	
demographic.popSize190	685.258	1056.5612	354.7198	0.0431	2399.0945	1597.6773	0.0101	354.7198	
demographic.popSize191	688.7553	1059.0967	355.1243	4.1032E-3	2397.6554	1621.8441	4.1032E-3	355.1243	
demographic.popSize192	685.3307	1042.6896	361.8831	7.1218E-3	2344.6549	1554.5942	7.1218E-3	361.8831	
demographic.popSize193	679.4346	1045.2087	354.2817	1.8552E-3	2338.4213	1593.6611	1.8552E-3	354.2817	
demographic.popSize194	679.9222	1087.2569	351.6076	2.136E-3	2341.2323	1489.4981	0.0979	351.6355	
demographic.popSize195	674.9021	1013.8834	353.8952	0.0357	2361.3057	1596.5399	0.0357	353.8952	
demographic.popSize196	678.1906	1050.8253	356.4043	4.6947E-3	2348.9953	1702.8039	4.6947E-3	356.4043	
demographic.popSize197	680.8681	1049.557	352.1891	0.0167	2384.6818	1544.9452	0.0342	352.1898	
demographic.popSize198	664.29	1036.312	341.0696	9.7626E-4	2350.1468	1536.606	0.1201	341.1292	
demographic.popSize199	672.053	1059.5517	341.4707	0.0106	2342.3454	1685.2262	0.4236	341.7545	
demographic.popSize200	683.5405	1177.7591	349.9411	0.0135	2346.7628	1624.1328	0.1231	349.9739	
demographic.indicators1	2.0827E-3	0.0456	0	0	0	64854.6709	0	0	
demographic.indicators2	0.0105	0.102	0	0	0	572.9468	0	0	
demographic.indicators3	0.0168	0.1284	0	0	0	430.6307	0	0	
demographic.indicators4	0.0205	0.1415	0	0	0	429.3357	0	0	
demographic.indicators5	5.7433E-3	0.0756	0	0	0	511.3588	0	0	
demographic.indicators6	0.0474	0.2125	0	0	0	395.3918	0	0	
demographic.indicators7	0.0712	0.2572	0	0	1	404.0883	0	0	
demographic.indicators8	0.0242	0.1537	0	0	0	479.0517	0	0	
demographic.indicators9	0.0631	0.2431	0	0	1	398.4534	0	0	
demographic.indicators10	0.02	0.1399	0	0	0	489.18	0	0	
demographic.indicators11	0.226	0.4183	0	0	1	393.6115	0	0	
demographic.indicators12	0.0213	0.1442	0	0	0	448.7287	0	0	
demographic.indicators13	0.0564	0.2306	0	0	1	423.1601	0	0	
demographic.indicators14	0.0845	0.2782	0	0	1	392.6938	0	0	
demographic.indicators15	0.0637	0.2442	0	0	1	394.1847	0	0	
demographic.indicators16	0.243	0.4289	0	0	1	380.6644	0	0	
demographic.indicators17	0.0321	0.1764	0	0	0	457.8262	0	0	
demographic.indicators18	3.352E-3	0.0578	0	0	0	6940.0225	0	0	
demographic.indicators19	4.412E-3	0.0663	0	0	0	1294.2561	0	0	
demographic.indicators20	4.8133E-3	0.0692	0	0	0	1142.8262	0	0	
demographic.indicators21	2.622E-3	0.0511	0	0	0	18897.2786	0	0	
demographic.indicators22	2.798E-3	0.0528	0	0	0	17825.7179	0	0	
demographic.indicators23	6.832E-3	0.0824	0	0	0	1169.2835	0	0	
demographic.indicators24	0.0133	0.1144	0	0	0	632.0567	0	0	
demographic.indicators25	0.0176	0.1315	0	0	0	634.1771	0	0	
demographic.indicators26	0.0121	0.1092	0	0	0	830.184	0	0	
demographic.indicators27	0.0203	0.1411	0	0	0	664.3112	0	0	
demographic.indicators28	0.0135	0.1155	0	0	0	921.1011	0	0	
demographic.indicators29	0.0153	0.1226	0	0	0	689.7969	0	0	
demographic.indicators30	0.014	0.1177	0	0	0	699.2091	0	0	
demographic.indicators31	4.9713E-3	0.0703	0	0	0	1398.5065	0	0	
demographic.indicators32	0.0128	0.1125	0	0	0	1050.1878	0	0	
demographic.indicators33	0.0166	0.1278	0	0	0	686.3016	0	0	
demographic.indicators34	0.0192	0.1373	0	0	0	634.7405	0	0	
demographic.indicators35	0.0124	0.1106	0	0	0	1115.6604	0	0	
demographic.indicators36	0.0208	0.1428	0	0	0	533.6496	0	0	
demographic.indicators37	0.033	0.1785	0	0	0	570.2836	0	0	
demographic.indicators38	0.021	0.1434	0	0	0	662.6015	0	0	
demographic.indicators39	0.0199	0.1395	0	0	0	718.3096	0	0	
demographic.indicators40	0.0541	0.2262	0	0	1	499.5024	0	0	
demographic.indicators41	0.0375	0.1899	0	0	0	610.954	0	0	
demographic.indicators42	0.0263	0.1599	0	0	0	675.3532	0	0	
demographic.indicators43	0.0224	0.1479	0	0	0	672.0736	0	0	
demographic.indicators44	0.0316	0.175	0	0	0	609.2281	0	0	
demographic.indicators45	0.02	0.14	0	0	0	767.7576	0	0	
demographic.indicators46	0.0349	0.1835	0	0	0	609.0779	0	0	
demographic.indicators47	0.0431	0.2031	0	0	0	535.2118	0	0	
demographic.indicators48	0.0157	0.1244	0	0	0	713.4713	0	0	
demographic.indicators49	0.0383	0.1918	0	0	0	585.6186	0	0	
demographic.indicators50	0.031	0.1732	0	0	0	620.7742	0	0	
demographic.indicators51	0.0307	0.1726	0	0	0	567.7434	0	0	
demographic.indicators52	0.0404	0.1969	0	0	0	586.9175	0	0	
demographic.indicators53	0.0328	0.1781	0	0	0	638.1567	0	0	
demographic.indicators54	0.0374	0.1896	0	0	0	512.2903	0	0	
demographic.indicators55	0.0101	0.1001	0	0	0	1638.2786	0	0	
demographic.indicators56	0.0179	0.1325	0	0	0	817.1074	0	0	
demographic.indicators57	0.0305	0.1719	0	0	0	619.5158	0	0	
demographic.indicators58	0.0256	0.158	0	0	0	643.3628	0	0	
demographic.indicators59	7.1633E-3	0.0843	0	0	0	1470.918	0	0	
demographic.indicators60	0.0246	0.1549	0	0	0	662.5379	0	0	
demographic.indicators61	0.0295	0.1693	0	0	0	576.1666	0	0	
demographic.indicators62	0.0231	0.1502	0	0	0	775.2801	0	0	
demographic.indicators63	0.0222	0.1475	0	0	0	718.9791	0	0	
demographic.indicators64	0.0213	0.1445	0	0	0	628.0339	0	0	
demographic.indicators65	8.438E-3	0.0915	0	0	0	1191.1931	0	0	
demographic.indicators66	4.3453E-3	0.0658	0	0	0	2041.7611	0	0	
demographic.indicators67	0.0125	0.1109	0	0	0	762.9275	0	0	
demographic.indicators68	0.0123	0.1102	0	0	0	660.7295	0	0	
demographic.indicators69	0.0149	0.1211	0	0	0	671.0407	0	0	
demographic.indicators70	9.858E-3	0.0988	0	0	0	776.3562	0	0	
demographic.indicators71	8.5747E-3	0.0922	0	0	0	862.0395	0	0	
demographic.indicators72	3.8807E-3	0.0622	0	0	0	3910.9476	0	0	
demographic.indicators73	0.014	0.1177	0	0	0	632.6619	0	0	
demographic.indicators74	0.0191	0.1368	0	0	0	499.1193	0	0	
demographic.indicators75	0.0221	0.1469	0	0	0	550.5277	0	0	
demographic.indicators76	7.9507E-3	0.0888	0	0	0	866.1232	0	0	
demographic.indicators77	8.102E-3	0.0896	0	0	0	827.8747	0	0	
demographic.indicators78	0.0102	0.1006	0	0	0	764.8113	0	0	
demographic.indicators79	4.8967E-3	0.0698	0	0	0	1180.446	0	0	
demographic.indicators80	0.0162	0.1263	0	0	0	575.2478	0	0	
demographic.indicators81	8.402E-3	0.0913	0	0	0	762.6238	0	0	
demographic.indicators82	0.0249	0.1558	0	0	0	500.6397	0	0	
demographic.indicators83	0.0178	0.1322	0	0	0	486.2102	0	0	
demographic.indicators84	0.01	0.0996	0	0	0	801.7413	0	0	
demographic.indicators85	0.0296	0.1694	0	0	0	502.9908	0	0	
demographic.indicators86	0.0103	0.1009	0	0	0	729.6086	0	0	
demographic.indicators87	0.013	0.1132	0	0	0	607.1123	0	0	
demographic.indicators88	0.0829	0.2758	0	0	1	411.5417	0	0	
demographic.indicators89	0.0294	0.169	0	0	0	510.6214	0	0	
demographic.indicators90	0.0296	0.1696	0	0	0	459.6654	0	0	
demographic.indicators91	0.0194	0.1378	0	0	0	505.6968	0	0	
demographic.indicators92	0.014	0.1174	0	0	0	835.6648	0	0	
demographic.indicators93	0.0328	0.1781	0	0	0	487.9408	0	0	
demographic.indicators94	0.0136	0.1158	0	0	0	689.6862	0	0	
demographic.indicators95	0.0111	0.1048	0	0	0	616.4874	0	0	
demographic.indicators96	9.4473E-3	0.0967	0	0	0	544.1094	0	0	
demographic.indicators97	0.0142	0.1185	0	0	0	658.7604	0	0	
demographic.indicators98	0.0256	0.1579	0	0	0	497.5302	0	0	
demographic.indicators99	0.021	0.1432	0	0	0	537.4546	0	0	
demographic.indicators100	0.0176	0.1315	0	0	0	644.2921	0	0	
demographic.indicators101	0.0364	0.1874	0	0	0	456.1151	0	0	
demographic.indicators102	0.043	0.2028	0	0	0	436.9623	0	0	
demographic.indicators103	0.0162	0.1264	0	0	0	593.6947	0	0	
demographic.indicators104	0.015	0.1217	0	0	0	659.0268	0	0	
demographic.indicators105	0.0168	0.1286	0	0	0	550.6405	0	0	
demographic.indicators106	0.0242	0.1538	0	0	0	535.442	0	0	
demographic.indicators107	0.0106	0.1025	0	0	0	641.004	0	0	
demographic.indicators108	0.0116	0.1072	0	0	0	717.0256	0	0	
demographic.indicators109	0.015	0.1214	0	0	0	669.1781	0	0	
demographic.indicators110	0.0138	0.1165	0	0	0	608.0937	0	0	
demographic.indicators111	8.636E-3	0.0925	0	0	0	848.4309	0	0	
demographic.indicators112	0.0125	0.1113	0	0	0	611.6065	0	0	
demographic.indicators113	0.0224	0.148	0	0	0	494.0181	0	0	
demographic.indicators114	9.5827E-3	0.0974	0	0	0	713.4394	0	0	
demographic.indicators115	0.0108	0.1033	0	0	0	633.1468	0	0	
demographic.indicators116	0.012	0.1087	0	0	0	687.2121	0	0	
demographic.indicators117	0.0185	0.1346	0	0	0	564.9161	0	0	
demographic.indicators118	0.0306	0.1724	0	0	0	475.2805	0	0	
demographic.indicators119	0.0177	0.1318	0	0	0	510.407	0	0	
demographic.indicators120	0.0328	0.1781	0	0	0	481.0751	0	0	
demographic.indicators121	4.91E-3	0.0699	0	0	0	714.5704	0	0	
demographic.indicators122	0.0205	0.1417	0	0	0	602.7511	0	0	
demographic.indicators123	0.0303	0.1714	0	0	0	554.6388	0	0	
demographic.indicators124	7.576E-3	0.0867	0	0	0	528.6689	0	0	
demographic.indicators125	9.5987E-3	0.0975	0	0	0	773.4747	0	0	
demographic.indicators126	0.0116	0.1072	0	0	0	581.3509	0	0	
demographic.indicators127	0.0163	0.1265	0	0	0	523.6482	0	0	
demographic.indicators128	7.56E-3	0.0866	0	0	0	629.9935	0	0	
demographic.indicators129	0.0255	0.1576	0	0	0	497.7372	0	0	
demographic.indicators130	7.8213E-3	0.0881	0	0	0	623.9523	0	0	
demographic.indicators131	4.5353E-3	0.0672	0	0	0	788.0041	0	0	
demographic.indicators132	3.224E-3	0.0567	0	0	0	837.7153	0	0	
demographic.indicators133	2.8867E-3	0.0537	0	0	0	701.2585	0	0	
demographic.indicators134	0.0121	0.1092	0	0	0	587.3014	0	0	
demographic.indicators135	5.7093E-3	0.0753	0	0	0	899.0201	0	0	
demographic.indicators136	0.0116	0.107	0	0	0	547.484	0	0	
demographic.indicators137	4.6333E-3	0.0679	0	0	0	849.2685	0	0	
demographic.indicators138	2.6387E-3	0.0513	0	0	0	678.5834	0	0	
demographic.indicators139	3.5573E-3	0.0595	0	0	0	1014.2748	0	0	
demographic.indicators140	8.92E-4	0.0299	0	0	0	6073.4057	0	0	
demographic.indicators141	1.3787E-3	0.0371	0	0	0	1768.1052	0	0	
demographic.indicators142	2.0147E-3	0.0448	0	0	0	3352.911	0	0	
demographic.indicators143	2.34E-4	0.0153	0	0	0	50165.3948	0	0	
demographic.indicators144	9.58E-4	0.0309	0	0	0	6893.7375	0	0	
demographic.indicators145	1.5907E-3	0.0399	0	0	0	3912.4544	0	0	
demographic.indicators146	1.0067E-3	0.0317	0	0	0	1786.6733	0	0	
demographic.indicators147	1.6693E-3	0.0408	0	0	0	957.341	0	0	
demographic.indicators148	3.3493E-3	0.0578	0	0	0	629.6576	0	0	
demographic.indicators149	1.4933E-3	0.0386	0	0	0	1426.2637	0	0	
demographic.indicators150	2.6567E-3	0.0515	0	0	0	1032.6144	0	0	
demographic.indicators151	8.72E-4	0.0295	0	0	0	2833.2626	0	0	
demographic.indicators152	2.2007E-3	0.0469	0	0	0	676.5098	0	0	
demographic.indicators153	7.68E-4	0.0277	0	0	0	10268.8921	0	0	
demographic.indicators154	1.7227E-3	0.0415	0	0	0	997.674	0	0	
demographic.indicators155	5.4333E-4	0.0233	0	0	0	17574.0792	0	0	
demographic.indicators156	6.62E-4	0.0257	0	0	0	9270.3659	0	0	
demographic.indicators157	3.82E-4	0.0195	0	0	0	17816.8127	0	0	
demographic.indicators158	1.2587E-3	0.0355	0	0	0	6215.1001	0	0	
demographic.indicators159	2.2333E-4	0.0149	0	0	0	96182.7945	0	0	
demographic.indicators160	5.1867E-4	0.0228	0	0	0	6548.3973	0	0	
demographic.indicators161	6.3533E-4	0.0252	0	0	0	3316.8707	0	0	
demographic.indicators162	3.5667E-4	0.0189	0	0	0	21282.9148	0	0	
demographic.indicators163	2.716E-3	0.052	0	0	0	962.3447	0	0	
demographic.indicators164	3.22E-4	0.0179	0	0	0	49063.9538	0	0	
demographic.indicators165	9.3933E-4	0.0306	0	0	0	4784.9709	0	0	
demographic.indicators166	4.82E-4	0.0219	0	0	0	35920.5782	0	0	
demographic.indicators167	7.32E-4	0.027	0	0	0	4757.7038	0	0	
demographic.indicators168	4.8E-4	0.0219	0	0	0	19844.151	0	0	
demographic.indicators169	3.04E-4	0.0174	0	0	0	57470.1614	0	0	
demographic.indicators170	2.72E-4	0.0165	0	0	0	64479.0431	0	0	
demographic.indicators171	8.0467E-4	0.0284	0	0	0	7545.0289	0	0	
demographic.indicators172	5.86E-4	0.0242	0	0	0	38304.2877	0	0	
demographic.indicators173	8.5733E-4	0.0293	0	0	0	4234.53	0	0	
demographic.indicators174	1.894E-3	0.0435	0	0	0	1187.6482	0	0	
demographic.indicators175	4.5867E-4	0.0214	0	0	0	53456.7235	0	0	
demographic.indicators176	6.1867E-4	0.0249	0	0	0	15514.0344	0	0	
demographic.indicators177	1.068E-3	0.0327	0	0	0	3141.1379	0	0	
demographic.indicators178	4.92E-4	0.0222	0	0	0	24686.031	0	0	
demographic.indicators179	1.1393E-3	0.0337	0	0	0	4713.7905	0	0	
demographic.indicators180	6.6667E-4	0.0258	0	0	0	10146.1138	0	0	
demographic.indicators181	5.82E-4	0.0241	0	0	0	16211.75	0	0	
demographic.indicators182	7.52E-4	0.0274	0	0	0	22509.3464	0	0	
demographic.indicators183	6.4133E-4	0.0253	0	0	0	60702.2223	0	0	
demographic.indicators184	6.7067E-4	0.0259	0	0	0	12356.3941	0	0	
demographic.indicators185	1.2153E-3	0.0348	0	0	0	9168.0865	0	0	
demographic.indicators186	1.8293E-3	0.0427	0	0	0	2661.9816	0	0	
demographic.indicators187	1.1267E-3	0.0335	0	0	0	9183.7719	0	0	
demographic.indicators188	3.4467E-3	0.0586	0	0	0	999.8958	0	0	
demographic.indicators189	1.5053E-3	0.0388	0	0	0	7188.9562	0	0	
demographic.indicators190	1.4347E-3	0.0378	0	0	0	19718.4535	0	0	
demographic.indicators191	1.464E-3	0.0382	0	0	0	15970.9699	0	0	
demographic.indicators192	1.9407E-3	0.044	0	0	0	4384.8798	0	0	
demographic.indicators193	3.4467E-3	0.0586	0	0	0	1070.7843	0	0	
demographic.indicators194	3.908E-3	0.0624	0	0	0	4016.9638	0	0	
demographic.indicators195	4.4293E-3	0.0664	0	0	0	6685.5922	0	0	
demographic.indicators196	6.594E-3	0.0809	0	0	0	3881.238	0	0	
demographic.indicators197	0.0236	0.1517	0	0	0	599.1051	0	0	
demographic.indicators198	0.02	0.14	0	0	0	637.1151	0	0	
demographic.indicators199	0.0123	0.1102	0	0	0	1424.0233	0	0	
kappa	2.2168	0.1478	2.2123	1.9323	2.5097	25370.6403	2.1085	2.3068	
frequencies1	0.2772	0.0103	0.2771	0.2576	0.2977	21906.2859	0.2703	0.2841	
frequencies2	0.2115	9.0764E-3	0.2114	0.1938	0.2292	20076.433	0.2051	0.2174	
frequencies3	0.1948	8.7571E-3	0.1947	0.1777	0.2118	26181.5287	0.1886	0.2004	
frequencies4	0.3164	0.0109	0.3164	0.2945	0.3375	19209.5205	0.3085	0.3231	
alpha	0.5977	0.0527	0.5953	0.4995	0.7052	38933.5674	0.5549	0.625	
default.ucld.mean	1.5479E-3	5.0144E-4	1.4435E-3	7.5422E-4	2.5439E-3	468.7361	9.9249E-4	1.5691E-3	
default.ucld.stdev	0.0282	0.0238	0.021	4.4468E-3	0.073	582.4794	7.5484E-3	0.0225	
host.ucld.mean	0.0148	2.8191E-3	0.0144	9.8875E-3	0.0207	722.1828	0.0124	0.0155	
host.ucld.stdev	2.8554E-3	2.5378E-3	2.2095E-3	4.9406E-9	7.7232E-3	2555.5196	1.4765E-7	2.2096E-3	
default.meanRate	8.1238E-4	9.8851E-5	8.0439E-4	6.2368E-4	1.0143E-3	522.479	7.3592E-4	8.5813E-4	
default.coefficientOfVariation	3.4421	0.5186	3.3338	2.6207	4.5161	615.3214	2.9853	3.4896	
default.covariance	0.0577	0.0584	0.0444	-0.0284	0.1803	573.9018	-0.0051	0.0565	
host.meanRate	0.0149	2.8666E-3	0.0145	9.8873E-3	0.0209	726.3109	0.0124	0.0156	
host.coefficientOfVariation	0.1895	0.1545	0.1535	3.6122E-7	0.4908	3636.248	2.2901E-6	0.1535	
host.covariance	-0.0027	0.0498	-0.0028	-0.1005	0.0942	46958.7916	-0.0363	0.0309	
host.rates.Amaranthaceae.Brassicaceae	0.9703	1.0139	0.6233	9.1223E-5	3.1686	2629.8529	2.79E-4	0.6235	
host.rates.Amaranthaceae.Fabaceae	0.8532	0.9466	0.5464	3.8605E-5	2.7571	4600.3132	1.5213E-4	0.5464	
host.rates.Amaranthaceae.Poaceae	0.7683	0.8275	0.5	2.8943E-5	2.4681	4200.2724	2.0542E-4	0.5001	
host.rates.Amaranthaceae.Solanaceae	0.892	0.9521	0.5768	3.7715E-5	2.8037	4778.311	2.7953E-4	0.577	
host.rates.Brassicaceae.Fabaceae	1.5548	0.8523	1.4707	5.1453E-4	3.0681	1731.674	0.9511	2.0096	
host.rates.Brassicaceae.Poaceae	1.5556	0.8306	1.4712	5.6378E-5	3.0177	1777.3923	0.9321	1.9456	
host.rates.Brassicaceae.Solanaceae	1.5186	0.794	1.4531	1.0274E-3	2.9316	1902.3379	0.8869	1.8391	
host.rates.Fabaceae.Poaceae	1.0008	0.9209	0.7516	3.4516E-5	2.7149	1998.782	3.9503E-5	0.7516	
host.rates.Fabaceae.Solanaceae	1.0143	0.9828	0.7374	2.5861E-6	2.8011	1783.5072	2.5861E-6	0.7374	
host.rates.Poaceae.Solanaceae	0.8446	0.9523	0.5022	8.7508E-5	2.7544	4107.5774	1.3902E-4	0.5022	
host.rates.Brassicaceae.Amaranthaceae	1.5167	0.8181	1.4315	1.0379E-4	2.9671	2016.8258	0.8146	1.8048	
host.rates.Fabaceae.Amaranthaceae	1.0002	0.9452	0.7396	1.3144E-4	2.753	1887.8482	3.4125E-3	0.7397	
host.rates.Poaceae.Amaranthaceae	0.7033	0.8289	0.4161	1.0714E-5	2.3544	4501.6172	1.2404E-5	0.4161	
host.rates.Solanaceae.Amaranthaceae	0.6865	0.8174	0.4026	9.4437E-5	2.3047	4263.9308	1.2084E-3	0.4037	
host.rates.Fabaceae.Brassicaceae	1.0224	0.9304	0.8114	3.8398E-6	2.7516	1732.2368	7.3086E-3	0.8115	
host.rates.Poaceae.Brassicaceae	0.8525	0.9609	0.509	4.5247E-6	2.7147	2902.2903	4.5247E-6	0.509	
host.rates.Solanaceae.Brassicaceae	0.7846	0.9167	0.4721	2.8421E-5	2.6423	5125.8461	3.0901E-5	0.4721	
host.rates.Poaceae.Fabaceae	0.8193	0.915	0.5188	2.5695E-6	2.6314	4264.9112	2.5695E-6	0.5188	
host.rates.Solanaceae.Fabaceae	0.8418	0.9421	0.5327	1.7237E-5	2.7446	4664.6703	2.4441E-5	0.5327	
host.rates.Solanaceae.Poaceae	0.7905	0.9008	0.4762	3.2484E-5	2.6206	4529.0882	6.0634E-5	0.4762	
host.indicators.Amaranthaceae.Brassicaceae	0.1012	0.3016	0	0	1	12679.7709	0	0	
host.indicators.Amaranthaceae.Fabaceae	0.2684	0.4431	0	0	1	2330.205	0	0	
host.indicators.Amaranthaceae.Poaceae	0.428	0.4948	0	0	1	3946.0055	0	0	
host.indicators.Amaranthaceae.Solanaceae	0.1514	0.3584	0	0	1	4736.6797	0	0	
host.indicators.Brassicaceae.Fabaceae	0.8535	0.3536	1	0	1	471.5493	1	1	
host.indicators.Brassicaceae.Poaceae	0.8665	0.3401	1	0	1	514.4942	1	1	
host.indicators.Brassicaceae.Solanaceae	0.8741	0.3318	1	0	1	545.7588	1	1	
host.indicators.Fabaceae.Poaceae	0.3795	0.4853	0	0	1	943.0734	0	0	
host.indicators.Fabaceae.Solanaceae	0.3616	0.4805	0	0	1	917.8498	0	0	
host.indicators.Poaceae.Solanaceae	0.1991	0.3994	0	0	1	5128.2551	0	0	
host.indicators.Brassicaceae.Amaranthaceae	0.8586	0.3485	1	0	1	488.8879	1	1	
host.indicators.Fabaceae.Amaranthaceae	0.3766	0.4845	0	0	1	949.9627	0	0	
host.indicators.Poaceae.Amaranthaceae	0.4767	0.4995	0	0	1	2772.3783	0	0	
host.indicators.Solanaceae.Amaranthaceae	0.4766	0.4995	0	0	1	2633.4933	0	0	
host.indicators.Fabaceae.Brassicaceae	0.4053	0.491	0	0	1	834.6084	0	0	
host.indicators.Poaceae.Brassicaceae	0.2428	0.4288	0	0	1	3876.0911	0	0	
host.indicators.Solanaceae.Brassicaceae	0.2336	0.4231	0	0	1	4418.1174	0	0	
host.indicators.Poaceae.Fabaceae	0.2686	0.4432	0	0	1	4158.8274	0	0	
host.indicators.Solanaceae.Fabaceae	0.2009	0.4007	0	0	1	4537.4964	0	0	
host.indicators.Solanaceae.Poaceae	0.2944	0.4558	0	0	1	3314.3063	0	0	
host.nonZeroRates	8.3174	1.2758	8	6	11	2003.5276	7	8	
default.treeLikelihood	-7107.0531	13.6426	-7106.7002	-7134.166	-7080.6188	1761.4132	-7115.1868	-7096.8838	
default.branchRates	-2382.6079	0	0	0	0	NaN	0	0	
host.branchRates	-2382.6079	0	0	0	0	NaN	0	0	
c_host.count[1]	122.7515	6.0424	122	111	134	912.5987	117	124	
c_allTransitions[1]	122.7532	6.0423	122	111	134	912.9527	117	124	
coalescent	-1224.1288	44.4338	-1226.4118	-1308.8965	-1133.1755	421.1791	-1257.9092	-1197.2178	

