burnIn   <= 0,   maxState  = 150000200
statistic	mean	stdErr	median	hpdLower	hpdUpper	ESS	50hpdLower	50hpdUpper
joint	-16615.8274	166.3205	-16603.3086	-16960.3842	-16309.2963	449.7139	-16695.0939	-16479.2615	
prior	-7317.4406	167.9692	-7304.1953	-7673.121	-7011.6522	445.0885	-7406.9259	-7188.8181	
likelihood	-9298.3867	18.5994	-9298.2079	-9334.8887	-9262.0931	1476.5043	-9310.0192	-9284.9378	
treeModel.rootHeight	71.8256	19.1641	67.4536	43.682	113.4662	507.4907	54.2918	72.711	
age(root)	1951.1744	19.1641	1955.5464	1909.5338	1979.318	507.4907	1950.289	1968.7082	
treeLength	2020.836	384.7492	1967.7345	1345.8274	2792.2089	393.6551	1668.3066	2126.8466	
tmrca(ingroup)	71.8256	19.1641	67.4536	43.682	113.4662	507.4907	54.2918	72.711	
age(ingroup)	1951.1744	19.1641	1955.5464	1909.5338	1979.318	507.4907	1950.289	1968.7082	
demographic.populationSizeChanges	3.3953	0.6152	3	3	5	1356.7914	3	3	
demographic.populationMean	272.7241	271.4988	194.6844	24.9722	735.2497	481.1284	57.082	211.6232	
demographic.popSize1	172.0726	226.0243	87.882	0.0462	662.6383	509.8378	0.2185	87.882	
demographic.popSize2	273.2891	462.9514	128.974	6.7451E-3	1008.5045	1359.4477	6.7451E-3	128.974	
demographic.popSize3	270.015	480.5577	123.2356	6.0881E-3	981.3648	1365.9009	0.045	123.2666	
demographic.popSize4	264.0054	460.9415	124.0858	1.2269E-3	965.418	1433.1343	1.2269E-3	124.0858	
demographic.popSize5	270.0276	456.8091	127.1401	3.8314E-3	973.417	1408.4299	3.8314E-3	127.1401	
demographic.popSize6	260.6548	454.7729	120.6026	1.336E-3	956.3655	1343.3863	1.336E-3	120.6026	
demographic.popSize7	269.9577	455.1423	124.843	0.0137	991.7519	1409.651	0.0282	124.8504	
demographic.popSize8	258.8761	447.7641	115.9713	2.574E-3	972.0249	1309.7256	0.0216	115.9822	
demographic.popSize9	204.3037	382.6941	78.022	6.3863E-4	825.0207	1277.3947	0.0895	78.089	
demographic.popSize10	271.5675	485.6018	124.6067	2.6962E-3	988.086	1387.0573	2.6962E-3	124.6067	
demographic.popSize11	261.7417	463.6714	118.3303	3.4362E-3	974.4432	1306.3235	2.8278E-3	118.3303	
demographic.popSize12	252.0746	461.9957	111.3167	0.0159	936.1265	1279.9812	0.0159	111.3167	
demographic.popSize13	250.8598	468.3384	110.4461	8.2365E-3	939.2436	1233.1513	8.2365E-3	110.4487	
demographic.popSize14	261.991	470.7815	116.7019	0.0103	980.3141	1258.659	0.0103	116.7019	
demographic.popSize15	260.3586	477.6965	114.1606	9.2031E-3	972.3779	1283.9533	0.0171	114.1606	
demographic.popSize16	264.3962	454.0731	121.6667	8.3802E-3	979.4747	1315.024	9.6889E-3	121.6673	
demographic.popSize17	264.4827	488.1383	120.3717	9.7769E-3	987.1714	1265.1977	9.7769E-3	120.3717	
demographic.popSize18	250.0116	437.2183	112.0134	2.3792E-3	945.4104	1233.2583	2.3792E-3	112.0134	
demographic.popSize19	265.2736	474.6351	125.2091	2.1332E-4	970.9438	1428.2195	3.6214E-3	125.2091	
demographic.popSize20	251.807	444.4735	112.3986	3.4609E-3	943.9055	1248.0602	0.0183	112.3986	
demographic.popSize21	268.9909	461.5499	125.8222	0.0144	970.5259	1270.9232	8.0125E-3	125.8262	
demographic.popSize22	269.4497	500.3209	121.4614	6.3884E-3	989.2723	1327.1659	6.3884E-3	121.4614	
demographic.popSize23	271.42	453.5587	129.0341	0.0134	998.7026	1357.6353	0.0134	129.0341	
demographic.popSize24	275.9027	484.9714	130.4785	0.0224	989.3198	1348.2028	0.038	130.4785	
demographic.popSize25	272.5662	466.3765	129.7912	5.0173E-3	979.3706	1416.7136	2.023E-3	129.7912	
demographic.popSize26	275.3642	470.8931	130.1695	3.7709E-4	1008.8693	1375.5809	0.0154	130.1786	
demographic.popSize27	274.8109	485.0367	127.4046	9.8551E-4	988.6622	1321.6739	9.8551E-4	127.4046	
demographic.popSize28	275.1123	472.9391	129.9769	4.4558E-3	986.1768	1366.7332	2.7325E-3	129.9769	
demographic.popSize29	274.9991	473.8552	132.3518	6.2448E-3	977.6104	1465.8759	6.2448E-3	132.3518	
demographic.popSize30	267.9289	445.9292	128.0589	4.1455E-3	966.0331	1387.6817	4.1455E-3	128.0589	
demographic.popSize31	279.1017	555.9847	132.2526	0.0187	993.2006	1669.7512	0.0272	132.2603	
demographic.popSize32	275.1938	469.1185	130.3431	7.705E-3	995.3145	1301.1065	7.705E-3	130.3431	
demographic.popSize33	271.9521	479.5876	129.6194	7.2614E-3	970.6334	1454.7104	0.0187	129.6283	
demographic.popSize34	271.5589	469.5497	129.0004	4.7249E-3	968.2486	1341.7501	0.0108	129.0021	
demographic.popSize35	274.0249	451.8306	129.9349	0.015	964.1385	1328.9211	0.0173	129.9349	
demographic.popSize36	274.5379	487.0784	132.736	3.8801E-3	974.9998	1388.4901	5.7419E-3	132.739	
demographic.popSize37	275.5463	470.644	131.2462	4.7515E-3	1005.4515	1333.1371	0.0288	131.2568	
demographic.popSize38	278.2427	487.1821	129.2378	1.9079E-3	1015.3133	1331.7391	1.9079E-3	129.2378	
demographic.popSize39	273.0897	473.218	131.7769	0.013	972.0638	1289.3216	4.8091E-3	131.7769	
demographic.popSize40	277.8026	472.5119	132.4906	8.441E-3	985.7312	1356.3433	0.0187	132.4906	
demographic.popSize41	282.044	501.3619	130.2209	1.6068E-3	1027.3838	1267.9733	0.0384	130.2411	
demographic.popSize42	279.6331	482.0384	130.9699	6.825E-3	1032.907	1319.4529	2.2062E-3	130.9699	
demographic.popSize43	272.0567	457.479	128.3123	1.8393E-3	995.3447	1359.8333	1.8393E-3	128.3123	
demographic.popSize44	279.2114	469.8242	132.749	0.0121	996.2898	1332.1478	0.0171	132.749	
demographic.popSize45	277.5937	467.4189	134.3231	2.5633E-3	1014.0381	1254.9326	2.5633E-3	134.3231	
demographic.popSize46	277.0333	460.0773	134.3185	6.1911E-4	1002.7373	1317.4297	6.1911E-4	134.3185	
demographic.popSize47	274.1249	462.215	131.1621	8.0698E-3	981.5864	1386.4739	0.0238	131.1737	
demographic.popSize48	278.6338	473.9704	131.9068	9.6081E-4	1014.1518	1368.3163	8.0674E-3	131.9068	
demographic.popSize49	277.9362	485.0898	128.7787	7.3261E-3	999.0226	1361.9782	7.3261E-3	128.7787	
demographic.popSize50	278.8729	477.9578	133.5581	5.2029E-3	1001.8313	1370.9911	4.5227E-3	133.5581	
demographic.popSize51	278.6356	482.9217	131.4538	2.1932E-3	997.2638	1416.4739	0.0348	131.4746	
demographic.popSize52	281.7302	495.6426	131.3502	0.1415	1009.3633	1287.8308	3.549E-3	131.3502	
demographic.popSize53	277.4275	469.8175	131.3291	0.018	991.455	1378.6577	0.0849	131.3582	
demographic.popSize54	277.0714	486.8564	131.6507	3.1128E-3	975.6931	1375.4692	3.1128E-3	131.6507	
demographic.popSize55	277.2713	456.3223	132.4593	0.0171	1006.784	1387.2823	0.0171	132.4683	
demographic.popSize56	281.1287	472.9826	134.287	8.1286E-3	1024.6295	1338.9911	8.9312E-3	134.2881	
demographic.popSize57	281.1422	468.5522	132.1295	0.0134	986.0393	1240.5896	2.0876E-3	132.1295	
demographic.popSize58	277.6076	460.8301	136.2126	7.6621E-3	981.0018	1442.7936	7.6621E-3	136.2126	
demographic.popSize59	276.7184	458.6968	132.0064	1.2381E-3	1020.3198	1342.5478	0.0564	132.0389	
demographic.popSize60	284.4057	482.9252	135.1894	2.2771E-4	1032.6715	1318.9138	0.0164	135.1998	
demographic.popSize61	277.46	454.1665	132.9476	4.2215E-3	988.9453	1426.9217	4.2215E-3	132.9476	
demographic.popSize62	278.854	461.3601	133.6825	0.1991	1023.6331	1328.8935	0.0125	133.6825	
demographic.popSize63	282.4214	484.3442	132.8506	1.5926E-3	1033.5063	1377.6983	0.0135	132.8506	
demographic.popSize64	277.1796	452.641	133.2901	3.1263E-3	1016.7359	1366.9378	6.5398E-3	133.2901	
demographic.popSize65	277.3158	468.319	133.0144	0.0103	993.612	1303.1526	0.0288	133.0349	
demographic.popSize66	287.8411	461.6394	133.3352	0.0187	1052.471	1202.061	0.0187	133.3491	
demographic.popSize67	277.4129	463.5905	130.6618	1.3133E-3	1017.1165	1341.5579	1.3133E-3	130.6618	
demographic.popSize68	284.4049	482.2557	133.3743	4.404E-3	1045.4265	1159.3295	7.0831E-3	133.3743	
demographic.popSize69	275.0272	452.7192	132.5401	4.4478E-3	990.4503	1329.6481	5.7682E-3	132.5401	
demographic.popSize70	276.5401	483.8993	130.5361	8.3147E-3	984.6792	1444.9639	8.2538E-3	130.5361	
demographic.popSize71	282.2714	466.056	134.2239	6.8959E-3	1042.0331	1312.7047	0.014	134.2239	
demographic.popSize72	275.7126	471.955	131.4027	5.5931E-3	983.1415	1295.7399	2.4586E-3	131.4027	
demographic.popSize73	271.052	454.5633	132.4542	1.2295E-3	965.962	1374.973	1.2295E-3	132.4542	
demographic.popSize74	282.8877	473.352	132.3369	7.468E-4	1028.8933	1194.0553	0.0491	132.3788	
demographic.popSize75	273.3882	472.0786	129.2336	5.8693E-3	969.0508	1360.7299	4.1491E-3	129.2336	
demographic.popSize76	285.2031	479.8729	133.679	0.1306	1085.9404	1186.7279	0.0164	133.6819	
demographic.popSize77	276.8242	472.3893	130.1789	8.1998E-3	981.5253	1362.2601	7.5926E-3	130.1789	
demographic.popSize78	290.9352	479.6556	135.3664	1.8316E-4	1068.9028	1160.0217	7.5105E-4	135.3664	
demographic.popSize79	277.3451	461.4995	131.3453	6.9736E-3	1000.9884	1320.7761	0.0285	131.3453	
demographic.popSize80	280.5253	463.9931	131.3409	1.0687E-3	1003.5081	1285.9054	1.0687E-3	131.3409	
demographic.popSize81	277.7641	469.8829	135.144	8.911E-3	989.8478	1365.3326	8.911E-3	135.144	
demographic.popSize82	276.4226	447.9511	132.5711	1.5047E-3	995.6574	1298.0011	8.7238E-3	132.5727	
demographic.popSize83	275.0934	468.0633	131.5146	1.5713E-3	1002.2969	1395.3308	0.0329	131.5459	
demographic.popSize84	277.1873	474.3137	129.2947	1.4636E-3	997.7876	1307.9276	1.4636E-3	129.2947	
demographic.popSize85	283.5811	480.8512	132.3289	1.898E-3	1015.1786	1123.1613	7.6356E-3	132.3289	
demographic.popSize86	274.9181	451.2993	133.021	4.7172E-3	977.2054	1373.7884	4.7172E-3	133.021	
demographic.popSize87	269.0719	452.8701	126.3083	3.8333E-3	990.0377	1305.9637	3.8333E-3	126.3083	
demographic.popSize88	278.5074	491.3233	130.9514	1.4111E-3	972.1773	1326.2038	1.4111E-3	130.9514	
demographic.popSize89	278.9197	479.1494	130.8011	3.3913E-3	1027.6973	1314.8699	0.0556	130.8263	
demographic.popSize90	273.1798	453.4463	130.4917	1.1576E-3	991.0029	1308.2119	5.7639E-3	130.4928	
demographic.popSize91	281.1385	496.8717	131.2212	0.0459	1009.1738	1325.8299	0.0156	131.2222	
demographic.popSize92	268.7804	447.2239	128.9871	1.0887E-3	962.8788	1376.2386	1.0887E-3	128.9871	
demographic.popSize93	274.746	468.7091	132.3968	1.8986E-3	986.7608	1401.5866	1.8986E-3	132.3968	
demographic.popSize94	276.2163	473.1364	130.5529	0.0203	1021.9314	1373.6938	0.0139	130.5529	
demographic.popSize95	278.8624	506.0626	130.6079	0.0169	1010.8628	1399.6415	0.041	130.6204	
demographic.popSize96	276.2623	478.6203	129.9987	5.9441E-4	996.561	1409.4806	5.9441E-4	129.9987	
demographic.popSize97	274.488	492.368	127.0769	5.5867E-4	977.7635	1298.6647	2.9004E-3	127.0782	
demographic.popSize98	268.452	450.3561	127.8943	0.0139	953.9563	1371.3572	0.0139	127.8943	
demographic.popSize99	272.0609	458.3798	129.6067	1.0285E-3	973.1288	1379.5108	1.0285E-3	129.6067	
demographic.popSize100	271.7957	449.6468	130.7245	1.3756E-3	971.8024	1388.5464	1.3756E-3	130.7245	
demographic.popSize101	269.843	480.1344	124.4539	1.7808E-3	956.3778	1275.6299	1.2734E-3	124.4539	
demographic.popSize102	273.429	477.0039	129.0455	5.1373E-4	983.6819	1379.1133	5.1373E-4	129.0455	
demographic.popSize103	275.6532	460.9161	134.1915	2.7946E-4	979.8044	1353.8261	0.0283	134.1931	
demographic.popSize104	269.0355	467.6877	127.1413	0.0225	976.5624	1373.1544	0.0225	127.1413	
demographic.popSize105	277.6679	491.1522	128.3734	3.4525E-3	1008.983	1373.3798	8.7879E-3	128.3741	
demographic.popSize106	272.5836	465.9362	127.4176	2.828E-3	977.0743	1370.9215	2.828E-3	127.4176	
demographic.popSize107	273.6311	480.0724	126.4657	7.8418E-3	997.0977	1348.7245	0.0351	126.4688	
demographic.popSize108	268.1313	456.3474	128.0026	0.01	968.4584	1390.3405	0.01	128.0026	
demographic.popSize109	274.0138	478.3235	130.3131	0.0184	993.0265	1462.1925	0.0752	130.3239	
demographic.popSize110	267.6415	464.4644	125.6079	7.4902E-3	980.4342	1474.1479	6.3786E-4	125.6079	
demographic.popSize111	273.0579	470.7248	126.9628	5.4905E-3	998.6687	1325.4284	5.4905E-3	126.9628	
demographic.popSize112	270.9311	463.8089	125.4651	0.0103	984.6735	1333.0676	0.0912	125.4657	
demographic.popSize113	269.2532	475.5753	124.1848	9.2044E-3	980.5705	1354.8308	9.2044E-3	124.1855	
demographic.popSize114	268.1338	461.4388	124.2594	0.0128	982.2558	1329.5171	5.4433E-3	124.2594	
demographic.popSize115	266.8771	455.5292	124.2108	7.761E-3	978.2695	1325.8046	2.5235E-3	124.2108	
demographic.popSize116	270.819	464.9777	126.4969	8.0181E-3	993.3734	1345.7653	2.6433E-3	126.4969	
demographic.popSize117	275.2284	492.8632	127.4913	1.3094E-3	1000.396	1392.3696	1.3094E-3	127.4913	
demographic.popSize118	271.7542	476.2968	126.5926	6.1055E-3	982.7076	1348.1837	9.1381E-3	126.5926	
demographic.popSize119	269.4382	476.5198	124.2322	0.0147	985.1965	1359.2917	0.0239	124.2426	
demographic.popSize120	267.9024	454.1715	125.9368	8.8347E-4	973.8402	1385.6387	8.8347E-4	125.9368	
demographic.popSize121	273.048	473.8695	126.1055	2.398E-4	980.9582	1331.0453	2.398E-4	126.1055	
demographic.popSize122	273.2882	493.8099	128.5284	4.6744E-3	972.241	1354.9071	4.6744E-3	128.5284	
demographic.popSize123	268.1368	451.1092	126.0563	1.8165E-3	963.9697	1341.4387	1.8165E-3	126.0563	
demographic.popSize124	264.1096	449.9116	126.1815	1.0463E-3	953.1596	1298.9422	1.0463E-3	126.1815	
demographic.popSize125	267.0972	449.2	126.0842	1.1721E-3	965.9667	1530.3924	1.1721E-3	126.0842	
demographic.popSize126	268.5271	486.2673	125.3671	0.0149	966.2612	1325.8176	0.025	125.37	
demographic.popSize127	272.1343	497.1305	123.3493	0.0105	982.8156	1366.0417	0.0105	123.3493	
demographic.popSize128	268.1865	467.3399	123.6187	1.4097E-3	980.8972	1347.4108	0.0307	123.6231	
demographic.popSize129	261.7112	443.3708	123.5769	1.8164E-3	961.9452	1408.762	0.0121	123.5809	
demographic.popSize130	265.4126	448.2514	124.0716	0.021	982.3369	1435.1077	0.0393	124.0829	
demographic.popSize131	270.5843	484.1224	123.5527	1.8537E-4	984.7792	1345.9984	1.0503E-3	123.5527	
demographic.popSize132	272.3039	478.3026	128.7464	0.0149	987.8193	1411.3468	2.2164E-3	128.7464	
demographic.popSize133	271.2113	466.9614	127.6576	6.6904E-3	995.7538	1447.6958	6.6904E-3	127.6576	
demographic.popSize134	270.1137	480.6993	124.8827	3.9093E-3	977.2748	1461.7102	3.9093E-3	124.8827	
demographic.popSize135	270.2326	482.1088	124.7158	6.9485E-3	986.2013	1389.5002	9.3721E-3	124.7171	
demographic.popSize136	267.5883	466.5094	125.2021	2.5095E-3	977.2749	1309.0184	0.0243	125.2021	
demographic.popSize137	269.3707	454.9077	128.4567	0.0154	971.688	1372.7653	0.0383	128.4832	
demographic.popSize138	274.5916	474.6352	126.2796	2.4694E-3	999.5049	1401.0441	2.4694E-3	126.2796	
demographic.popSize139	271.1462	473.7576	126.6907	3.4797E-3	988.6478	1356.2071	4.6676E-3	126.6907	
demographic.popSize140	271.7794	460.6194	127.5391	5.7638E-3	1002.0225	1278.3555	3.2584E-3	127.5391	
demographic.popSize141	271.7115	465.4855	126.6109	7.1905E-3	979.9941	1368.9773	4.1863E-3	126.6109	
demographic.popSize142	272.3456	465.5859	126.8647	7.3883E-3	1019.292	1390.2324	7.3883E-3	126.8647	
demographic.popSize143	273.6519	502.3658	125.4	0.0105	985.1039	1351.7015	0.0105	125.4	
demographic.popSize144	272.2787	479.8773	127.3171	5.6632E-3	988.8249	1310.5575	0.018	127.3293	
demographic.popSize145	263.6139	459.6381	122.1035	4.887E-3	950.6775	1409.4769	2.6186E-3	122.1035	
demographic.popSize146	269.0184	460.7617	126.8066	2.0496E-3	977.1501	1454.9584	2.0496E-3	126.8066	
demographic.popSize147	269.9439	493.473	127.9019	0.0102	965.8775	1485.506	0.0102	127.9019	
demographic.popSize148	269.56	442.5455	128.5879	4.201E-3	989.0922	1350.98	4.201E-3	128.5879	
demographic.popSize149	272.9181	470.1719	127.3335	3.4623E-3	993.6447	1307.8886	3.4623E-3	127.3339	
demographic.popSize150	272.6243	480.4756	127.1703	8.48E-3	987.5252	1376.1888	8.48E-3	127.1712	
demographic.popSize151	270.296	453.6467	125.3108	0.0107	993.0497	1397.0752	0.0386	125.3349	
demographic.popSize152	266.4869	458.1023	125.6435	1.7637E-3	963.7105	1340.6472	1.7637E-3	125.6435	
demographic.popSize153	270.3857	483.3	126.7469	2.3432E-4	966.6763	1357.3011	2.5238E-3	126.7469	
demographic.popSize154	264.6475	453.1554	124.9219	7.6974E-3	958.9429	1318.0264	7.2508E-3	124.9219	
demographic.popSize155	270.5064	460.6823	124.6477	0.0141	994.9707	1339.9041	0.0141	124.6477	
demographic.popSize156	269.2132	481.8904	124.3472	1.8737E-3	975.4437	1325.0812	1.8737E-3	124.3472	
demographic.popSize157	268.6236	459.533	123.5147	9.3899E-3	994.6966	1345.5136	0.0136	123.5147	
demographic.popSize158	269.5252	457.7186	127.0361	6.3718E-3	973.7865	1449.1726	6.3718E-3	127.0361	
demographic.popSize159	274.068	478.6885	128.7947	5.4808E-3	991.4607	1381.3811	5.4808E-3	128.7947	
demographic.popSize160	274.4197	504.4398	126.7634	6.1368E-3	989.8966	1313.3628	4.5618E-3	126.7634	
demographic.popSize161	271.0534	478.0606	122.8107	1.8111E-3	1012.3978	1326.7919	0.0326	122.8272	
demographic.popSize162	274.9939	483.3626	128.9427	3.1653E-3	997.5828	1406.1035	0.0943	129.0088	
demographic.popSize163	273.3862	469.0471	128.4371	4.8634E-3	1003.8269	1339.1612	0.0276	128.4488	
demographic.popSize164	271.2249	479.7711	126.5799	2.731E-4	957.5875	1278.4322	2.731E-4	126.5799	
demographic.popSize165	269.3563	465.803	124.9916	1.2234E-3	983.8512	1351.9589	4.9476E-3	124.9916	
demographic.popSize166	271.4177	473.2023	127.9267	6.8024E-3	983.7843	1324.582	4.2131E-3	127.9267	
demographic.popSize167	275.2389	464.5035	129.6615	9.2015E-3	1005.6837	1341.337	7.5794E-3	129.6615	
demographic.popSize168	270.1613	471.2282	125.8867	1.7621E-3	990.5908	1396.1584	1.5017E-3	125.8867	
demographic.popSize169	271.4608	490.7042	127.1486	8.1716E-3	973.8716	1319.5741	0.0446	127.1706	
demographic.popSize170	266.9964	454.3009	126.6062	1.1028E-3	966.4599	1357.8714	0.0227	126.6107	
demographic.popSize171	268.7798	455.3014	124.9506	0.014	978.4305	1428.8943	9.1697E-3	124.9506	
demographic.popSize172	275.1291	468.2026	127.924	0.023	1000.0083	1321.7196	0.0617	127.941	
demographic.popSize173	268.6021	461.333	127.0279	2.1242E-3	985.0629	1405.9886	2.1242E-3	127.0279	
demographic.popSize174	272.4173	477.428	127.3492	8.8083E-3	985.6893	1355.2033	0.0343	127.3641	
demographic.popSize175	265.8694	458.3514	124.1973	9.2532E-3	972.8418	1401.4336	8.363E-3	124.1973	
demographic.popSize176	269.0749	465.767	125.4953	2.2009E-3	978.8392	1434.8184	0.032	125.5141	
demographic.popSize177	272.3077	468.8838	126.7339	0.0189	984.7641	1409.2288	7.453E-4	126.7339	
demographic.popSize178	271.028	474.3934	124.2335	5.8828E-3	985.3333	1340.2367	5.8828E-3	124.2335	
demographic.popSize179	270.4881	458.3387	127.9213	8.3615E-4	980.1333	1338.0429	8.3615E-4	127.9213	
demographic.popSize180	273.9592	468.0561	129.8346	3.858E-3	983.5956	1469.9658	8.0552E-4	129.8346	
demographic.popSize181	269.0405	490.4086	125.1366	1.9263E-3	969.6992	1362.9636	5.8037E-3	125.1403	
demographic.popSize182	272.5549	465.7899	128.134	7.7097E-3	987.7751	1342.5874	0.023	128.1445	
demographic.popSize183	268.7906	471.1472	124.7596	0.0241	986.1921	1479.9867	0.0747	124.7914	
demographic.popSize184	269.9445	480.1618	124.2629	0.0114	974.119	1400.3242	0.0113	124.2629	
demographic.popSize185	271.7291	476.586	125.1095	2.2057E-3	991.7197	1365.4869	2.2057E-3	125.1095	
demographic.popSize186	274.1191	492.7395	126.2484	0.0136	990.3218	1317.5434	0.025	126.2581	
demographic.popSize187	272.791	477.8536	127.3524	0.0105	984.7551	1366.0428	1.2449E-4	127.3524	
demographic.popSize188	270.6824	458.9777	128.1319	6.4248E-4	975.4558	1346.2575	6.4248E-4	128.1319	
demographic.popSize189	272.3481	472.4959	128.3775	5.1336E-4	990.4583	1376.1146	0.016	128.3775	
demographic.popSize190	272.1403	460.8517	127.9008	6.7361E-5	996.0883	1397.2368	6.7361E-5	127.9008	
demographic.popSize191	274.7119	469.8852	128.6719	0.0111	992.606	1374.0129	0.0111	128.6719	
demographic.popSize192	264.3472	435.6456	125.5371	3.1479E-3	958.8959	1372.6777	3.1479E-3	125.5371	
demographic.popSize193	268.0161	451.7252	125.2691	5.6668E-3	986.0037	1379.2747	0.0126	125.2691	
demographic.popSize194	268.9956	463.3282	125.9914	1.3056E-3	982.7197	1338.9293	1.3056E-3	125.9914	
demographic.popSize195	269.9207	462.0676	126.7271	1.0858E-3	991.3145	1414.6687	1.0858E-3	126.7271	
demographic.popSize196	274.1362	477.7974	126.4421	0.0232	998.6235	1335.5969	0.0249	126.4421	
demographic.popSize197	267.3279	492.9405	124.1283	8.9928E-4	956.9691	1369.1786	2.6096E-3	124.1283	
demographic.popSize198	267.1874	471.2698	123.7844	2.802E-3	974.4788	1319.5065	2.9395E-3	123.7844	
demographic.popSize199	270.0701	474.0421	127.7314	5.0972E-3	978.8758	1502.3609	0.0282	127.7527	
demographic.popSize200	274.6262	488.6144	126.7845	3.2221E-3	1006.7402	1280.5403	3.2221E-3	126.7845	
demographic.indicators1	2.964E-3	0.0544	0	0	0	22986.6585	0	0	
demographic.indicators2	0.0247	0.1552	0	0	0	473.5142	0	0	
demographic.indicators3	0.0248	0.1555	0	0	0	489.6833	0	0	
demographic.indicators4	3.9067E-3	0.0624	0	0	0	908.5949	0	0	
demographic.indicators5	0.0294	0.1691	0	0	0	422.2431	0	0	
demographic.indicators6	0.0148	0.1209	0	0	0	558.963	0	0	
demographic.indicators7	0.0569	0.2317	0	0	1	428.1865	0	0	
demographic.indicators8	0.2087	0.4064	0	0	1	401.4236	0	0	
demographic.indicators9	0.0186	0.1351	0	0	0	580.0013	0	0	
demographic.indicators10	0.0481	0.214	0	0	0	445.8704	0	0	
demographic.indicators11	0.0743	0.2623	0	0	1	426.3607	0	0	
demographic.indicators12	0.0826	0.2753	0	0	1	434.3861	0	0	
demographic.indicators13	0.0568	0.2314	0	0	1	457.7435	0	0	
demographic.indicators14	0.0666	0.2494	0	0	1	459.1291	0	0	
demographic.indicators15	0.0372	0.1894	0	0	0	519.9096	0	0	
demographic.indicators16	0.04	0.196	0	0	0	502.1364	0	0	
demographic.indicators17	0.0772	0.2669	0	0	1	419.7677	0	0	
demographic.indicators18	0.0283	0.1659	0	0	0	564.6754	0	0	
demographic.indicators19	0.0622	0.2414	0	0	1	442.9854	0	0	
demographic.indicators20	0.0115	0.1065	0	0	0	679.1773	0	0	
demographic.indicators21	0.0405	0.1971	0	0	0	457.1786	0	0	
demographic.indicators22	9.634E-3	0.0977	0	0	0	720.0928	0	0	
demographic.indicators23	0.0155	0.1234	0	0	0	531.0377	0	0	
demographic.indicators24	3.5027E-3	0.0591	0	0	0	4500.9841	0	0	
demographic.indicators25	4.02E-3	0.0633	0	0	0	1216.834	0	0	
demographic.indicators26	3.0513E-3	0.0552	0	0	0	8455.3413	0	0	
demographic.indicators27	7.184E-3	0.0845	0	0	0	935.9573	0	0	
demographic.indicators28	6.62E-3	0.0811	0	0	0	969.2642	0	0	
demographic.indicators29	7.436E-3	0.0859	0	0	0	820.2661	0	0	
demographic.indicators30	6.0333E-3	0.0774	0	0	0	1434.3416	0	0	
demographic.indicators31	8.3887E-3	0.0912	0	0	0	802.4517	0	0	
demographic.indicators32	6.0607E-3	0.0776	0	0	0	839.1371	0	0	
demographic.indicators33	5.6667E-3	0.0751	0	0	0	796.4748	0	0	
demographic.indicators34	9.4573E-3	0.0968	0	0	0	664.4101	0	0	
demographic.indicators35	0.011	0.1044	0	0	0	659.9748	0	0	
demographic.indicators36	0.0124	0.1108	0	0	0	811.1569	0	0	
demographic.indicators37	2.3253E-3	0.0482	0	0	0	5959.8594	0	0	
demographic.indicators38	6.9007E-3	0.0828	0	0	0	847.3795	0	0	
demographic.indicators39	9.8073E-3	0.0985	0	0	0	589.3482	0	0	
demographic.indicators40	0.0141	0.1178	0	0	0	705.378	0	0	
demographic.indicators41	5.6847E-3	0.0752	0	0	0	1193.3277	0	0	
demographic.indicators42	7.87E-3	0.0884	0	0	0	904.4465	0	0	
demographic.indicators43	9.1727E-3	0.0953	0	0	0	946.5246	0	0	
demographic.indicators44	0.0194	0.138	0	0	0	711.1025	0	0	
demographic.indicators45	0.0146	0.12	0	0	0	1168.6651	0	0	
demographic.indicators46	0.0118	0.1078	0	0	0	879.9092	0	0	
demographic.indicators47	0.0134	0.1151	0	0	0	959.3319	0	0	
demographic.indicators48	9.7107E-3	0.0981	0	0	0	1150.8651	0	0	
demographic.indicators49	0.0159	0.125	0	0	0	664.2119	0	0	
demographic.indicators50	0.0106	0.1022	0	0	0	735.5937	0	0	
demographic.indicators51	0.0104	0.1017	0	0	0	602.9476	0	0	
demographic.indicators52	0.0181	0.1335	0	0	0	696.4126	0	0	
demographic.indicators53	0.0133	0.1145	0	0	0	772.5324	0	0	
demographic.indicators54	0.0119	0.1084	0	0	0	899.3664	0	0	
demographic.indicators55	0.0203	0.1411	0	0	0	751.3805	0	0	
demographic.indicators56	0.0192	0.1373	0	0	0	847.8376	0	0	
demographic.indicators57	0.016	0.1253	0	0	0	641.8011	0	0	
demographic.indicators58	0.0158	0.1248	0	0	0	829.9128	0	0	
demographic.indicators59	0.0222	0.1473	0	0	0	611.1395	0	0	
demographic.indicators60	0.0211	0.1437	0	0	0	706.9242	0	0	
demographic.indicators61	0.0176	0.1315	0	0	0	710.4196	0	0	
demographic.indicators62	0.0168	0.1283	0	0	0	821.007	0	0	
demographic.indicators63	0.0136	0.1157	0	0	0	860.4637	0	0	
demographic.indicators64	0.0163	0.1266	0	0	0	1101.6163	0	0	
demographic.indicators65	0.032	0.1761	0	0	0	574.9275	0	0	
demographic.indicators66	0.0145	0.1197	0	0	0	771.2217	0	0	
demographic.indicators67	0.031	0.1732	0	0	0	791.557	0	0	
demographic.indicators68	0.0142	0.1182	0	0	0	1075.8893	0	0	
demographic.indicators69	0.011	0.1044	0	0	0	796.977	0	0	
demographic.indicators70	0.0274	0.1631	0	0	0	646.8069	0	0	
demographic.indicators71	0.0162	0.1261	0	0	0	991.5427	0	0	
demographic.indicators72	0.0151	0.122	0	0	0	778.3217	0	0	
demographic.indicators73	0.0188	0.1358	0	0	0	670.9403	0	0	
demographic.indicators74	0.0141	0.1177	0	0	0	981.9731	0	0	
demographic.indicators75	0.0256	0.158	0	0	0	590.4326	0	0	
demographic.indicators76	0.0141	0.1178	0	0	0	1121.1213	0	0	
demographic.indicators77	0.03	0.1706	0	0	0	553.146	0	0	
demographic.indicators78	0.0165	0.1274	0	0	0	895.5036	0	0	
demographic.indicators79	0.0224	0.148	0	0	0	648.6577	0	0	
demographic.indicators80	0.0243	0.154	0	0	0	662.7964	0	0	
demographic.indicators81	0.0215	0.1449	0	0	0	693.1173	0	0	
demographic.indicators82	0.014	0.1175	0	0	0	1209.751	0	0	
demographic.indicators83	0.0214	0.1447	0	0	0	739.6647	0	0	
demographic.indicators84	0.025	0.1561	0	0	0	688.5586	0	0	
demographic.indicators85	0.0157	0.1243	0	0	0	762.6371	0	0	
demographic.indicators86	0.0392	0.194	0	0	0	508.0693	0	0	
demographic.indicators87	0.0189	0.1362	0	0	0	657.1324	0	0	
demographic.indicators88	0.0154	0.1232	0	0	0	733.0738	0	0	
demographic.indicators89	0.012	0.109	0	0	0	794.6827	0	0	
demographic.indicators90	0.0206	0.1419	0	0	0	802.1538	0	0	
demographic.indicators91	0.0187	0.1355	0	0	0	754.3608	0	0	
demographic.indicators92	9.7287E-3	0.0982	0	0	0	869.8769	0	0	
demographic.indicators93	0.0102	0.1005	0	0	0	1352.7739	0	0	
demographic.indicators94	0.0166	0.1276	0	0	0	608.3934	0	0	
demographic.indicators95	0.0127	0.1118	0	0	0	592.3594	0	0	
demographic.indicators96	0.0114	0.1063	0	0	0	729.1773	0	0	
demographic.indicators97	0.0162	0.1263	0	0	0	806.8059	0	0	
demographic.indicators98	0.0153	0.1227	0	0	0	957.3924	0	0	
demographic.indicators99	0.0166	0.1278	0	0	0	682.3597	0	0	
demographic.indicators100	0.012	0.1089	0	0	0	608.321	0	0	
demographic.indicators101	7.4667E-3	0.0861	0	0	0	1264.199	0	0	
demographic.indicators102	0.0243	0.1539	0	0	0	522.418	0	0	
demographic.indicators103	0.018	0.1331	0	0	0	706.4185	0	0	
demographic.indicators104	0.0101	0.0999	0	0	0	1104.6664	0	0	
demographic.indicators105	0.0232	0.1505	0	0	0	566.804	0	0	
demographic.indicators106	8.6033E-3	0.0924	0	0	0	876.8418	0	0	
demographic.indicators107	8.6667E-3	0.0927	0	0	0	846.9446	0	0	
demographic.indicators108	8.7393E-3	0.0931	0	0	0	727.9448	0	0	
demographic.indicators109	0.0182	0.1335	0	0	0	718.6786	0	0	
demographic.indicators110	0.0108	0.1034	0	0	0	966.0717	0	0	
demographic.indicators111	0.0164	0.1269	0	0	0	782.5965	0	0	
demographic.indicators112	0.0137	0.1161	0	0	0	677.5168	0	0	
demographic.indicators113	0.0241	0.1535	0	0	0	589.7821	0	0	
demographic.indicators114	0.0222	0.1473	0	0	0	558.4825	0	0	
demographic.indicators115	9.028E-3	0.0946	0	0	0	883.3917	0	0	
demographic.indicators116	9.6687E-3	0.0979	0	0	0	834.4562	0	0	
demographic.indicators117	9.818E-3	0.0986	0	0	0	1683.6364	0	0	
demographic.indicators118	0.0127	0.1118	0	0	0	846.6738	0	0	
demographic.indicators119	0.0158	0.1246	0	0	0	891.3695	0	0	
demographic.indicators120	0.0126	0.1117	0	0	0	967.155	0	0	
demographic.indicators121	6.0087E-3	0.0773	0	0	0	1396.6182	0	0	
demographic.indicators122	0.0114	0.1063	0	0	0	1224.7934	0	0	
demographic.indicators123	0.0222	0.1473	0	0	0	662.279	0	0	
demographic.indicators124	0.0149	0.1213	0	0	0	1011.9055	0	0	
demographic.indicators125	0.0144	0.1192	0	0	0	1061.9673	0	0	
demographic.indicators126	0.0198	0.1393	0	0	0	735.4662	0	0	
demographic.indicators127	0.0176	0.1314	0	0	0	625.9877	0	0	
demographic.indicators128	0.0154	0.123	0	0	0	628.9822	0	0	
demographic.indicators129	0.0168	0.1285	0	0	0	766.4183	0	0	
demographic.indicators130	0.0218	0.1459	0	0	0	698.8591	0	0	
demographic.indicators131	7.448E-3	0.086	0	0	0	2169.7424	0	0	
demographic.indicators132	0.0122	0.1096	0	0	0	784.3194	0	0	
demographic.indicators133	0.0171	0.1296	0	0	0	866.3095	0	0	
demographic.indicators134	0.025	0.1562	0	0	0	741.793	0	0	
demographic.indicators135	0.0165	0.1274	0	0	0	847.8366	0	0	
demographic.indicators136	8.72E-3	0.093	0	0	0	1350.5116	0	0	
demographic.indicators137	0.012	0.1089	0	0	0	846.9615	0	0	
demographic.indicators138	0.0161	0.1259	0	0	0	757.6279	0	0	
demographic.indicators139	7.3927E-3	0.0857	0	0	0	1203.9065	0	0	
demographic.indicators140	3.2913E-3	0.0573	0	0	0	3483.8667	0	0	
demographic.indicators141	0.0153	0.1226	0	0	0	665.5745	0	0	
demographic.indicators142	0.0129	0.1128	0	0	0	654.2363	0	0	
demographic.indicators143	0.0132	0.114	0	0	0	1025.5409	0	0	
demographic.indicators144	0.021	0.1435	0	0	0	679.4953	0	0	
demographic.indicators145	0.0117	0.1074	0	0	0	731.0094	0	0	
demographic.indicators146	9.0273E-3	0.0946	0	0	0	809.6131	0	0	
demographic.indicators147	8.4853E-3	0.0917	0	0	0	1366.4107	0	0	
demographic.indicators148	8.862E-3	0.0937	0	0	0	996.1464	0	0	
demographic.indicators149	8.1527E-3	0.0899	0	0	0	920.1612	0	0	
demographic.indicators150	0.0161	0.1257	0	0	0	948.3763	0	0	
demographic.indicators151	0.0105	0.1019	0	0	0	928.5206	0	0	
demographic.indicators152	7.0533E-3	0.0837	0	0	0	965.5468	0	0	
demographic.indicators153	0.0149	0.121	0	0	0	590.6474	0	0	
demographic.indicators154	0.0109	0.1038	0	0	0	773.1018	0	0	
demographic.indicators155	9.1533E-3	0.0952	0	0	0	961.6636	0	0	
demographic.indicators156	0.0175	0.1312	0	0	0	585.5243	0	0	
demographic.indicators157	9.2827E-3	0.0959	0	0	0	710.4702	0	0	
demographic.indicators158	8.2993E-3	0.0907	0	0	0	1416.4321	0	0	
demographic.indicators159	7.224E-3	0.0847	0	0	0	929.0619	0	0	
demographic.indicators160	0.0181	0.1332	0	0	0	906.2744	0	0	
demographic.indicators161	7.148E-3	0.0842	0	0	0	1382.0896	0	0	
demographic.indicators162	7.956E-3	0.0888	0	0	0	801.1911	0	0	
demographic.indicators163	8.2187E-3	0.0903	0	0	0	1161.0923	0	0	
demographic.indicators164	0.0196	0.1387	0	0	0	627.0409	0	0	
demographic.indicators165	9.1253E-3	0.0951	0	0	0	990.0515	0	0	
demographic.indicators166	4.016E-3	0.0632	0	0	0	2224.7719	0	0	
demographic.indicators167	9.9787E-3	0.0994	0	0	0	644.1974	0	0	
demographic.indicators168	0.0118	0.108	0	0	0	739.867	0	0	
demographic.indicators169	0.0106	0.1025	0	0	0	746.2906	0	0	
demographic.indicators170	7.6893E-3	0.0874	0	0	0	1197.7057	0	0	
demographic.indicators171	8.514E-3	0.0919	0	0	0	1372.1827	0	0	
demographic.indicators172	0.0116	0.107	0	0	0	1116.5345	0	0	
demographic.indicators173	0.0111	0.105	0	0	0	803.3406	0	0	
demographic.indicators174	9.9533E-3	0.0993	0	0	0	1000.3406	0	0	
demographic.indicators175	0.0113	0.1058	0	0	0	1122.629	0	0	
demographic.indicators176	5.3613E-3	0.073	0	0	0	2418.2712	0	0	
demographic.indicators177	0.0171	0.1295	0	0	0	646.7914	0	0	
demographic.indicators178	0.011	0.1043	0	0	0	1173.3876	0	0	
demographic.indicators179	6.48E-3	0.0802	0	0	0	1358.6982	0	0	
demographic.indicators180	0.0155	0.1235	0	0	0	676.3641	0	0	
demographic.indicators181	9.106E-3	0.095	0	0	0	1075.3757	0	0	
demographic.indicators182	0.0113	0.1057	0	0	0	878.9982	0	0	
demographic.indicators183	0.0135	0.1155	0	0	0	678.6232	0	0	
demographic.indicators184	7.648E-3	0.0871	0	0	0	1448.3838	0	0	
demographic.indicators185	9.4967E-3	0.097	0	0	0	1860.8687	0	0	
demographic.indicators186	8.0173E-3	0.0892	0	0	0	1518.2112	0	0	
demographic.indicators187	8.418E-3	0.0914	0	0	0	1916.9796	0	0	
demographic.indicators188	4.1127E-3	0.064	0	0	0	4475.4447	0	0	
demographic.indicators189	9.108E-3	0.095	0	0	0	1355.6791	0	0	
demographic.indicators190	4.5847E-3	0.0676	0	0	0	3727.436	0	0	
demographic.indicators191	5.9967E-3	0.0772	0	0	0	2984.157	0	0	
demographic.indicators192	0.0144	0.1193	0	0	0	842.8453	0	0	
demographic.indicators193	0.0152	0.1224	0	0	0	695.5387	0	0	
demographic.indicators194	5.4293E-3	0.0735	0	0	0	8388.2555	0	0	
demographic.indicators195	7.872E-3	0.0884	0	0	0	2356.132	0	0	
demographic.indicators196	0.0154	0.123	0	0	0	802.4621	0	0	
demographic.indicators197	0.0254	0.1572	0	0	0	625.9875	0	0	
demographic.indicators198	0.0111	0.105	0	0	0	2988.6086	0	0	
demographic.indicators199	0.0174	0.1308	0	0	0	1241.8088	0	0	
kappa	1.9581	0.1129	1.9554	1.7341	2.1772	28701.6581	1.8759	2.027	
frequencies1	0.2766	9.4362E-3	0.2765	0.2578	0.2947	26465.683	0.2701	0.2827	
frequencies2	0.2057	8.2419E-3	0.2056	0.1895	0.2217	19828.3595	0.2003	0.2114	
frequencies3	0.2101	8.2582E-3	0.21	0.1939	0.2263	28605.374	0.204	0.2151	
frequencies4	0.3077	0.01	0.3076	0.2883	0.3276	21553.5083	0.3003	0.3138	
alpha	0.6936	0.0535	0.6911	0.5902	0.7988	61646.4155	0.653	0.7239	
default.ucld.mean	2.1123E-3	5.5506E-4	2.0578E-3	1.0853E-3	3.2269E-3	488.1531	1.6612E-3	2.3387E-3	
default.ucld.stdev	0.0219	0.0129	0.0189	4.7114E-3	0.0467	651.7049	9.7028E-3	0.0216	
host.ucld.mean	0.0211	5.8747E-3	0.0204	0.0104	0.033	539.9324	0.0155	0.0228	
host.ucld.stdev	6.4147E-3	5.8813E-3	4.7467E-3	6.2326E-8	0.0181	1520.4037	7.4607E-8	4.7467E-3	
default.meanRate	1.2984E-3	2.378E-4	1.2857E-3	8.2726E-4	1.7895E-3	422.536	1.0976E-3	1.4063E-3	
default.coefficientOfVariation	3.217	0.5607	3.1135	2.3014	4.3931	486.6087	2.7089	3.3047	
default.covariance	0.0775	0.0561	0.068	-0.0152	0.1882	521.3862	0.0177	0.0859	
host.meanRate	0.0213	6.005E-3	0.0205	0.0103	0.0334	545.3211	0.0156	0.023	
host.coefficientOfVariation	0.2963	0.2387	0.239	3.7005E-6	0.7672	2045.3921	3.7005E-6	0.239	
host.covariance	-0.0025	0.0501	-0.003	-0.1001	0.0958	42847.4722	-0.0374	0.0301	
host.rates.Amaranthaceae.Brassicaceae	1.2793	0.8077	1.1767	1.2469E-5	2.7225	2194.9893	0.6204	1.6038	
host.rates.Amaranthaceae.Fabaceae	1.5029	0.7935	1.4246	1.2957E-4	2.9165	1758.9807	0.8424	1.8463	
host.rates.Amaranthaceae.Poaceae	1.4491	0.8639	1.3616	1.6285E-5	2.9862	1947.3921	0.7738	1.8573	
host.rates.Amaranthaceae.Solanaceae	1.3815	0.806	1.3048	2.8798E-3	2.8197	1269.9921	0.6926	1.7456	
host.rates.Brassicaceae.Fabaceae	0.875	0.9528	0.5524	3.9674E-5	2.872	4518.9566	8.4522E-5	0.5525	
host.rates.Brassicaceae.Poaceae	0.8614	0.8228	0.641	2.0925E-5	2.4284	8198.5408	3.3755E-5	0.641	
host.rates.Brassicaceae.Solanaceae	0.853	0.9389	0.5363	4.8331E-5	2.7935	3725.0935	6.1156E-5	0.5363	
host.rates.Fabaceae.Poaceae	1.0044	0.8737	0.7877	3.1349E-5	2.6608	2409.1076	4.1464E-5	0.7877	
host.rates.Fabaceae.Solanaceae	0.9256	0.8294	0.7053	6.0645E-5	2.4823	3008.853	6.1715E-3	0.7104	
host.rates.Poaceae.Solanaceae	0.9417	0.8982	0.6815	2.9276E-5	2.652	3844.1812	1.3518E-4	0.6816	
host.rates.Brassicaceae.Amaranthaceae	0.8057	0.9206	0.4857	3.4556E-5	2.6624	7484.5878	4.3855E-5	0.4857	
host.rates.Fabaceae.Amaranthaceae	0.9233	0.8998	0.6573	8.5864E-6	2.6733	3045.5057	9.7352E-6	0.6573	
host.rates.Poaceae.Amaranthaceae	0.8849	0.9428	0.5529	3.3581E-6	2.7475	1742.9335	3.2239E-6	0.5529	
host.rates.Solanaceae.Amaranthaceae	0.786	0.8718	0.4929	1.0516E-6	2.5284	6727.1658	1.0516E-6	0.4929	
host.rates.Fabaceae.Brassicaceae	0.948	0.7684	0.765	1.7991E-5	2.4055	2387.5735	0.0993	0.8547	
host.rates.Poaceae.Brassicaceae	0.9216	0.8673	0.682	1.7577E-5	2.5777	3156.8295	1.4305E-5	0.682	
host.rates.Solanaceae.Brassicaceae	0.8825	0.8315	0.6582	3.8926E-5	2.477	5021.6224	4.0431E-5	0.6582	
host.rates.Poaceae.Fabaceae	0.8826	0.8865	0.6236	3.6346E-6	2.598	5361.1388	3.6346E-6	0.6236	
host.rates.Solanaceae.Fabaceae	0.8448	0.8975	0.5501	1.3282E-5	2.6428	9788.5138	1.5294E-5	0.5501	
host.rates.Solanaceae.Poaceae	0.9103	0.8935	0.6448	2.0617E-5	2.6452	6306.1155	4.5691E-5	0.6448	
host.indicators.Amaranthaceae.Brassicaceae	0.7511	0.4324	1	0	1	501.5939	1	1	
host.indicators.Amaranthaceae.Fabaceae	0.9204	0.2707	1	0	1	783.2413	1	1	
host.indicators.Amaranthaceae.Poaceae	0.7634	0.425	1	0	1	512.2454	1	1	
host.indicators.Amaranthaceae.Solanaceae	0.9103	0.2858	1	0	1	784.4231	1	1	
host.indicators.Brassicaceae.Fabaceae	0.2035	0.4026	0	0	1	9081.8672	0	0	
host.indicators.Brassicaceae.Poaceae	0.5114	0.4999	1	0	1	2083.8872	1	1	
host.indicators.Brassicaceae.Solanaceae	0.2583	0.4377	0	0	1	5204.5044	0	0	
host.indicators.Fabaceae.Poaceae	0.5432	0.4981	1	0	1	1264.3755	1	1	
host.indicators.Fabaceae.Solanaceae	0.5762	0.4942	1	0	1	1360.0012	1	1	
host.indicators.Poaceae.Solanaceae	0.4051	0.4909	0	0	1	1334.6142	0	0	
host.indicators.Brassicaceae.Amaranthaceae	0.2909	0.4542	0	0	1	6189.5199	0	0	
host.indicators.Fabaceae.Amaranthaceae	0.4155	0.4928	0	0	1	1269.7187	0	0	
host.indicators.Poaceae.Amaranthaceae	0.4908	0.4999	0	0	1	1947.8779	0	0	
host.indicators.Solanaceae.Amaranthaceae	0.4129	0.4924	0	0	1	3070.167	0	0	
host.indicators.Fabaceae.Brassicaceae	0.7192	0.4494	1	0	1	1503.4589	1	1	
host.indicators.Poaceae.Brassicaceae	0.5106	0.4999	1	0	1	1667.4823	1	1	
host.indicators.Solanaceae.Brassicaceae	0.5449	0.498	1	0	1	1598.2382	1	1	
host.indicators.Poaceae.Fabaceae	0.3983	0.4895	0	0	1	1384.1605	0	0	
host.indicators.Solanaceae.Fabaceae	0.292	0.4547	0	0	1	3109.5574	0	0	
host.indicators.Solanaceae.Poaceae	0.4018	0.4903	0	0	1	1989.9239	0	0	
host.nonZeroRates	10.3197	1.8343	10	7	14	1061.7543	8	10	
default.treeLikelihood	-8970.0263	13.661	-8969.6815	-8997.1244	-8943.6606	2246.2946	-8978.2551	-8959.8846	
default.branchRates	-2382.6079	0	0	0	0	NaN	0	0	
host.branchRates	-2382.6079	0	0	0	0	NaN	0	0	
c_host.count[1]	116.4374	8.662	115	101	134	742.7926	108	117	
c_allTransitions[1]	116.4426	8.6604	115	101	134	743.2375	108	117	
coalescent	-1225.7666	45.9567	-1223.014	-1311.0603	-1136.324	407.911	-1256.3166	-1190.948	

