burnIn   <= 0,   maxState  = 150000200
statistic	mean	stdErr	median	hpdLower	hpdUpper	ESS	50hpdLower	50hpdUpper
joint	-14262.7343	139.775	-14263.7535	-14532.9792	-13991.9328	491.4721	-14361.1624	-14169.4731	
prior	-7004.0642	139.6302	-7004.602	-7270.936	-6731.1273	487.2766	-7098.1061	-6906.0243	
likelihood	-7258.6701	18.0668	-7259.0238	-7293.4194	-7222.3802	1365.666	-7271.6904	-7247.5865	
treeModel.rootHeight	146.3903	45.538	139.3204	70.6282	234.9137	581.5061	104.2523	156.8177	
age(root)	1876.6097	45.538	1883.6796	1788.0863	1952.3718	581.5061	1866.1823	1918.7477	
treeLength	1979.5012	343.0854	1946.0884	1348.3837	2658.4579	440.894	1651.3363	2104.6088	
tmrca(ingroup)	146.3903	45.538	139.3204	70.6282	234.9137	581.5061	104.2523	156.8177	
age(ingroup)	1876.6097	45.538	1883.6796	1788.0863	1952.3718	581.5061	1866.1823	1918.7477	
demographic.populationSizeChanges	2.8456	0.7528	3	2	4	1010.1647	3	3	
demographic.populationMean	89.2647	71.1873	70.6912	10.8637	211.2578	535.7725	28.26	78.6103	
demographic.popSize1	85.2005	114.8977	45.4988	1.0336	320.5533	493.1303	1.644	45.7638	
demographic.popSize2	88.0972	127.8285	47.5451	2.1554E-3	301.3839	1905.3963	2.1554E-3	47.5451	
demographic.popSize3	88.6518	137.5161	46.444	1.2052E-3	308.7633	1709.8276	1.8505E-3	46.444	
demographic.popSize4	88.682	139.881	46.3798	4.7558E-3	311.2622	1733.5871	8.0617E-3	46.3802	
demographic.popSize5	88.5161	135.117	46.4741	1.7651E-4	308.0057	1750.5227	3.0032E-3	46.4749	
demographic.popSize6	86.8098	131.7928	44.6426	7.2801E-5	310.0008	1689.7037	7.2801E-5	44.6426	
demographic.popSize7	86.6534	128.1489	45.7014	1.8541E-3	305.9608	1815.7746	1.8541E-3	45.7014	
demographic.popSize8	86.5331	134.0529	44.7784	3.4E-3	303.1427	1588.3688	3.4E-3	44.7784	
demographic.popSize9	83.9251	128.841	43.6273	2.9758E-4	298.098	1635.0643	2.9758E-4	43.6273	
demographic.popSize10	82.5962	126.9841	42.9973	7.1644E-3	288.8751	1821.2148	0.0101	43.0008	
demographic.popSize11	82.4379	132.1786	41.3498	3.3096E-3	292.8476	1597.7314	3.3096E-3	41.3498	
demographic.popSize12	89.378	134.4215	46.9609	1.0958E-3	310.7934	1638.0867	0.0209	46.9684	
demographic.popSize13	84.4567	127.994	43.4075	1.0233E-3	302.2553	1674.3736	0.0384	43.4337	
demographic.popSize14	86.616	130.4553	45.0803	5.0136E-3	307.2394	1693.6555	5.2901E-3	45.0803	
demographic.popSize15	88.1301	138.4202	46.2888	1.1667E-3	307.5284	1784.5432	0.0238	46.2977	
demographic.popSize16	85.4207	130.1788	43.9462	8.6944E-4	302.1564	1614.7145	8.6944E-4	43.9462	
demographic.popSize17	87.485	133.0976	45.4678	1.4108E-4	307.6201	1738.03	8.5402E-4	45.4678	
demographic.popSize18	76.5904	128.6297	37.0961	4.2254E-5	277.2329	1483.3388	4.2254E-5	37.0961	
demographic.popSize19	86.5425	133.5539	44.5222	2.4881E-4	301.8311	1586.3157	0.0157	44.5342	
demographic.popSize20	87.1493	134.4455	44.6098	4.7672E-3	307.0553	1635.3092	4.7672E-3	44.6098	
demographic.popSize21	84.2327	132.4846	43.8059	8.6798E-4	293.9009	1663.119	0.0256	43.8198	
demographic.popSize22	80.7065	126.6958	39.1705	1.2347E-3	301.4906	1542.47	0.0243	39.1816	
demographic.popSize23	85.2948	129.0315	44.058	1.6563E-3	305.1035	1699.3632	0.0157	44.066	
demographic.popSize24	87.1618	136.0153	45.1576	3.5937E-3	309.193	1838.6805	4.3922E-3	45.1583	
demographic.popSize25	88.1819	137.8808	45.5427	2.3597E-4	310.4032	1736.4113	2.0752E-3	45.5427	
demographic.popSize26	87.1363	132.7092	45.4754	3.2553E-3	303.5966	1766.4873	3.2553E-3	45.4754	
demographic.popSize27	88.4241	139.2669	46.1545	4.2614E-3	308.9972	1837.6657	9.6435E-3	46.156	
demographic.popSize28	89.1915	134.4094	46.9198	7.3286E-3	305.5462	1703.4248	7.3286E-3	46.9202	
demographic.popSize29	89.1915	135.0903	46.803	2.4633E-4	311.1022	1758.3492	4.1647E-3	46.806	
demographic.popSize30	88.513	126.2485	47.6567	4.4671E-4	309.8144	1778.5712	4.4671E-4	47.6567	
demographic.popSize31	88.5497	135.4244	46.6899	3.8738E-3	302.2202	1880.5849	3.8738E-3	46.6899	
demographic.popSize32	88.8915	134.2174	47.4083	1.036E-3	309.269	1851.8383	0.0304	47.4313	
demographic.popSize33	89.1895	137.5214	47.4218	2.0383E-3	307.0583	1882.935	2.0383E-3	47.4218	
demographic.popSize34	91.0889	135.6284	48.162	1.2634E-3	316.7881	1570.9398	1.2634E-3	48.162	
demographic.popSize35	90.0016	135.5846	47.4856	6.9412E-3	312.0607	1787.1702	4.3743E-3	47.4856	
demographic.popSize36	88.9582	133.2962	46.9602	2.381E-3	305.0641	1778.8537	0.041	46.9936	
demographic.popSize37	89.3977	133.253	47.7056	6.041E-3	309.5975	1769.1839	6.041E-3	47.7056	
demographic.popSize38	88.4984	129.0532	46.6922	3.9767E-4	307.9609	1807.0057	3.9767E-4	46.6922	
demographic.popSize39	89.8042	139.1362	47.0402	1.336E-4	311.7874	1791.6063	0.0184	47.0459	
demographic.popSize40	89.5891	134.6956	47.6272	3.41E-3	311.1368	1771.9951	1.4861E-3	47.6272	
demographic.popSize41	88.0956	128.9523	46.6471	2.4115E-3	308.4683	1821.3347	0.026	46.6492	
demographic.popSize42	90.4405	141.6764	47.3375	0.0105	313.626	1755.4491	0.0105	47.3375	
demographic.popSize43	89.8283	137.7161	47.184	3.11E-4	311.7421	1727.5357	6.9788E-3	47.185	
demographic.popSize44	88.0054	131.3894	46.9542	9.978E-4	301.2855	1732.0551	9.978E-4	46.9542	
demographic.popSize45	89.3422	136.4198	47.0671	2.8308E-3	306.3508	1701.4391	7.4432E-4	47.0671	
demographic.popSize46	87.527	125.4704	47.9093	6.0883E-4	300.6525	1784.2166	0.0268	47.9273	
demographic.popSize47	90.0932	140.1146	47.1773	3.0072E-4	310.4895	1724.84	3.0072E-4	47.1773	
demographic.popSize48	90.7039	139.4528	48.0418	1.9127E-3	312.1539	1731.6236	8.3209E-3	48.0418	
demographic.popSize49	88.6087	129.2555	48.3854	1.753E-3	309.6655	1839.5789	1.753E-3	48.3854	
demographic.popSize50	88.807	128.6624	47.8016	1.5441E-3	309.6636	1817.5491	9.0594E-4	47.8016	
demographic.popSize51	88.9346	135.3498	46.9358	1.2553E-3	312.9846	1784.8423	1.2728E-3	46.9358	
demographic.popSize52	86.7025	124.6515	47.2805	2.9721E-4	292.5637	1887.474	2.9721E-4	47.2805	
demographic.popSize53	87.5899	129.8159	46.5201	1.4586E-3	303.9833	1786.673	1.4586E-3	46.5201	
demographic.popSize54	87.482	131.776	46.2534	1.2508E-4	301.3599	1766.416	1.0139E-3	46.2534	
demographic.popSize55	89.0785	137.3457	47.4704	7.9381E-3	305.5602	1657.3055	0.0112	47.4704	
demographic.popSize56	89.4014	133.1197	47.2545	2.297E-3	308.9968	1738.148	1.7587E-3	47.2545	
demographic.popSize57	88.5015	129.0854	47.1534	4.5564E-3	310.2208	1822.2109	4.5564E-3	47.1534	
demographic.popSize58	89.0438	130.6468	48.5482	2.1858E-3	304.2954	1852.0699	3.697E-4	48.5482	
demographic.popSize59	89.1368	135.178	47.8047	2.6748E-4	306.7298	1765.7902	2.6748E-4	47.8047	
demographic.popSize60	88.5027	130.2781	47.6326	8.7678E-4	303.0879	1811.9769	2.0965E-3	47.6326	
demographic.popSize61	88.7742	132.9812	47.212	7.5999E-4	310.371	1592.6422	7.5999E-4	47.212	
demographic.popSize62	90.2577	133.7917	48.0572	3.1597E-3	316.1831	1788.4541	3.1597E-3	48.0572	
demographic.popSize63	89.556	130.2	48.4165	9.2759E-3	308.6515	1790.2309	9.2759E-3	48.4196	
demographic.popSize64	89.0099	138.1936	48.1581	2.7714E-3	305.8267	1714.9295	3.9754E-4	48.1581	
demographic.popSize65	88.3298	131.8305	46.857	3.7498E-3	313.0939	1755.2185	3.7498E-3	46.857	
demographic.popSize66	87.9963	136.6455	46.7487	1.1198E-3	303.6104	1763.0442	5.5115E-3	46.7487	
demographic.popSize67	87.784	127.255	47.363	9.9988E-3	302.1189	1728.1186	0.0157	47.3631	
demographic.popSize68	89.1128	130.989	48.9418	1.4793E-3	301.5612	1857.6226	1.5265E-3	48.9418	
demographic.popSize69	88.607	134.1228	47.7826	5.9949E-3	310.8082	1759.3454	5.9949E-3	47.7838	
demographic.popSize70	89.8738	132.6339	47.7466	2.8704E-4	313.2562	1751.896	6.0083E-3	47.7466	
demographic.popSize71	90.3047	133.7461	48.8354	1.9763E-3	309.5689	1747.6831	1.9763E-3	48.8354	
demographic.popSize72	89.7292	132.4399	48.4027	1.5667E-3	307.6717	1636.4493	1.5667E-3	48.4027	
demographic.popSize73	89.7419	136.8063	48.3827	1.5655E-3	301.9115	1748.4157	6.1355E-3	48.3855	
demographic.popSize74	88.5366	132.6376	47.4952	3.7628E-3	305.2329	1838.6244	3.7628E-3	47.4952	
demographic.popSize75	89.34	135.9404	47.2777	4.4421E-3	311.8803	1750.7908	4.4421E-3	47.2777	
demographic.popSize76	88.9123	128.8928	48.686	1.2328E-3	307.349	1833.1317	8.7756E-6	48.686	
demographic.popSize77	89.7187	128.3004	49.3712	1.4805E-3	305.6983	1902.1365	0.0328	49.3876	
demographic.popSize78	89.3444	133.5029	48.0259	5.4228E-3	308.3996	1879.6642	5.4228E-3	48.0259	
demographic.popSize79	89.0874	135.073	47.202	3.0973E-3	304.518	1799.9196	3.0973E-3	47.202	
demographic.popSize80	91.5484	139.2286	48.539	2.7366E-4	311.8013	1804.9247	3.3859E-3	48.5391	
demographic.popSize81	89.8484	135.2527	47.9565	9.5621E-3	308.2269	1817.4825	0.0524	47.9906	
demographic.popSize82	91.3056	140.7235	48.8884	8.005E-4	311.6599	1737.3049	1.7549E-3	48.8884	
demographic.popSize83	90.0819	131.5509	48.5884	6.4451E-3	309.4574	1724.4056	6.4451E-3	48.5884	
demographic.popSize84	88.7029	126.0445	48.4533	3.7346E-3	305.5089	1752.8876	7.1374E-3	48.4533	
demographic.popSize85	89.55	128.5142	48.8058	8.2314E-4	306.3537	1842.8098	8.2314E-4	48.8058	
demographic.popSize86	91.0167	132.6569	48.8337	1.548E-3	315.8989	1669.345	0.0122	48.8402	
demographic.popSize87	90.1473	133.5518	49.0599	1.6879E-3	303.134	1762.8511	0.0163	49.0681	
demographic.popSize88	91.223	136.9588	48.7742	8.422E-3	314.363	1700.9973	8.657E-3	48.7742	
demographic.popSize89	89.9605	137.1312	48.6535	4.4847E-3	301.9199	1832.3568	3.8521E-3	48.6535	
demographic.popSize90	90.3526	135.3868	48.4759	1.179E-3	309.7819	1839.7941	1.179E-3	48.4759	
demographic.popSize91	89.7512	134.1349	48.8722	2.3774E-3	304.6291	1769.1237	3.7625E-3	48.8728	
demographic.popSize92	91.3211	137.1796	49.2584	4.7832E-4	314.5377	1816.7602	2.8257E-4	49.2584	
demographic.popSize93	90.005	132.747	48.1782	3.2708E-3	308.6048	1821.8582	3.2708E-3	48.1782	
demographic.popSize94	89.6542	126.6551	49.7061	3.5903E-3	303.2738	1724.7921	3.5903E-3	49.7061	
demographic.popSize95	88.6628	130.5246	48.2574	1.0517E-3	302.4673	1742.9271	0.0312	48.2769	
demographic.popSize96	90.9967	134.5941	49.4123	8.3067E-3	310.7621	1811.7706	9.6588E-3	49.4168	
demographic.popSize97	90.3354	132.2797	49.2164	6.2307E-3	304.2532	1808.3053	2.4969E-3	49.2164	
demographic.popSize98	90.64	130.5049	49.4097	3.6676E-3	309.9415	1813.5456	3.6676E-3	49.4097	
demographic.popSize99	90.1104	128.9566	49.708	1.8219E-3	303.9706	1763.3556	1.8219E-3	49.708	
demographic.popSize100	89.1042	132.1419	47.6176	6.5576E-3	305.7046	1852.7711	6.5576E-3	47.6194	
demographic.popSize101	91.1504	139.2276	48.7143	2.8934E-4	311.0246	1705.9656	2.8934E-4	48.7143	
demographic.popSize102	89.8739	136.1288	48.669	1.3131E-3	303.2973	1859.4885	2.2366E-3	48.669	
demographic.popSize103	89.9772	130.7412	48.9186	6.0095E-4	307.1904	1777.8974	0.0494	48.9658	
demographic.popSize104	90.2828	136.7837	47.9107	5.6443E-3	310.5483	1847.3797	5.6443E-3	47.9107	
demographic.popSize105	89.5009	130.1174	48.7171	1.5817E-3	303.4842	1859.9807	1.5817E-3	48.7176	
demographic.popSize106	90.289	136.5947	49.0983	1.5636E-3	303.2743	1741.8104	1.5636E-3	49.0983	
demographic.popSize107	91.3443	135.0897	49.2803	1.1789E-3	312.8399	1740.9642	4.7019E-3	49.2846	
demographic.popSize108	90.2999	131.6761	48.2919	2.9861E-3	312.413	1651.4952	8.4525E-3	48.2927	
demographic.popSize109	90.5681	133.6225	47.7452	1.0138E-4	315.4974	1737.7352	1.0138E-4	47.7452	
demographic.popSize110	90.3042	134.0155	49.1249	0.0105	305.984	1802.1088	3.2221E-3	49.1249	
demographic.popSize111	89.9086	131.4398	48.2117	3.079E-3	309.1031	1786.1261	1.9106E-4	48.2117	
demographic.popSize112	89.9572	141.8165	48.2742	2.0171E-3	305.1312	1898.8284	2.0171E-3	48.2742	
demographic.popSize113	89.5149	131.8184	47.8022	5.2408E-3	309.5995	1829.7578	0.0151	47.808	
demographic.popSize114	89.9955	137.7208	47.8689	1.4839E-3	308.8879	1778.2914	6.2455E-3	47.8689	
demographic.popSize115	91.817	144.6465	48.3691	6.4286E-3	318.0351	1756.2697	6.4286E-3	48.3691	
demographic.popSize116	90.0899	134.5188	48.5507	2.1174E-3	308.0922	1762.7151	2.3191E-3	48.5507	
demographic.popSize117	90.0571	137.2998	48.4097	2.1458E-3	305.0134	1767.1539	1.3412E-3	48.4097	
demographic.popSize118	89.3773	139.3367	47.2201	1.709E-3	304.8135	1820.2481	7.6595E-3	47.2206	
demographic.popSize119	90.7485	136.1183	48.7186	6.8786E-4	310.6509	1792.7102	2.588E-3	48.7193	
demographic.popSize120	90.1473	136.7092	48.4821	1.8615E-4	305.1567	1768.1434	1.6175E-3	48.4821	
demographic.popSize121	89.4226	131.6848	48.2762	5.0351E-4	304.3321	1894.6381	9.269E-3	48.2762	
demographic.popSize122	89.6483	139.1213	48.5993	1.2593E-3	302.8862	1829.2621	1.2593E-3	48.5993	
demographic.popSize123	90.5235	133.561	48.6042	9.666E-4	307.6014	1692.1923	7.8634E-3	48.6109	
demographic.popSize124	88.971	132.0392	47.4746	5.4127E-4	307.4981	1841.755	5.4127E-4	47.4746	
demographic.popSize125	89.41	131.2742	47.9398	1.2378E-5	303.6711	1723.1547	1.5824E-3	47.9398	
demographic.popSize126	88.9728	127.7846	48.4619	3.7186E-3	306.4792	1969.3845	3.7186E-3	48.4619	
demographic.popSize127	90.4254	137.3453	47.3443	1.9164E-3	309.3783	1647.8615	1.9164E-3	47.3443	
demographic.popSize128	89.7229	134.136	47.963	9.1562E-4	304.1215	1671.0289	9.1562E-4	47.963	
demographic.popSize129	90.6419	134.0069	48.8132	8.6572E-4	313.0598	1816.8507	8.6572E-4	48.8132	
demographic.popSize130	89.0885	130.8572	48.0964	3.8022E-3	306.7967	1813.4552	3.8022E-3	48.0977	
demographic.popSize131	89.2905	131.7474	48.2992	3.9882E-4	304.6245	1802.1209	3.9882E-4	48.2992	
demographic.popSize132	90.499	139.3512	47.9888	1.0761E-4	308.3572	1731.2934	1.0761E-4	47.9888	
demographic.popSize133	89.6905	134.446	47.5465	1.6081E-4	306.5584	1750.9102	2.8366E-3	47.5465	
demographic.popSize134	88.1661	129.1076	47.6815	8.3523E-4	305.4999	1738.4514	4.6341E-3	47.6847	
demographic.popSize135	90.3036	138.9615	48.1167	5.947E-3	311.8219	1745.0909	0.0155	48.1175	
demographic.popSize136	89.6738	134.8639	47.2459	9.1167E-3	310.14	1679.7086	4.1889E-3	47.2459	
demographic.popSize137	88.5785	134.5307	48.0773	1.9863E-3	304.8328	1827.8172	4.384E-3	48.0776	
demographic.popSize138	88.6435	127.1598	47.9181	8.3807E-4	305.7543	1842.1365	0.0183	47.9248	
demographic.popSize139	89.0296	133.5581	47.096	1.7916E-3	308.0287	1911.7695	1.7916E-3	47.096	
demographic.popSize140	88.6872	130.5781	47.6476	1.6568E-3	306.4093	1721.1881	1.6568E-3	47.6476	
demographic.popSize141	89.0957	133.5859	48.1691	1.9656E-4	303.1507	1775.9876	1.9656E-4	48.1691	
demographic.popSize142	89.9555	133.9611	47.7463	1.635E-3	316.7411	1716.2515	4.88E-3	47.7492	
demographic.popSize143	90.0179	139.0244	47.8758	1.5591E-3	311.1194	1818.0647	0.0133	47.8799	
demographic.popSize144	88.9772	130.559	47.7915	1.0086E-3	312.7532	1830.8787	1.0086E-3	47.7915	
demographic.popSize145	90.6869	134.8199	48.2508	3.4748E-3	315.5127	1710.9018	8.765E-4	48.2508	
demographic.popSize146	88.6728	136.6692	47.0662	2.8671E-3	301.0131	1735.749	2.8394E-3	47.0662	
demographic.popSize147	88.0449	128.2479	47.2626	4.7788E-3	302.5235	1738.9148	4.7788E-3	47.2626	
demographic.popSize148	89.2135	137.0222	47.9692	7.9106E-3	303.6616	1730.8341	7.9106E-3	47.9692	
demographic.popSize149	90.1847	141.0491	47.9563	1.3577E-3	312.1458	1759.3797	3.8357E-3	47.9567	
demographic.popSize150	91.1791	145.648	47.2029	0.0111	318.6261	1781.8453	2.7758E-5	47.2029	
demographic.popSize151	88.3112	130.91	47.4286	7.1816E-4	305.919	1803.8283	2.0351E-4	47.4286	
demographic.popSize152	88.2782	133.4661	47.4408	0.0184	305.4524	1687.42	2.6861E-3	47.4408	
demographic.popSize153	89.8527	134.3679	48.4738	6.8173E-5	306.4157	1742.0066	6.8173E-5	48.4738	
demographic.popSize154	88.4885	129.6399	47.6126	2.4677E-3	305.2781	1637.2257	6.3183E-3	47.6126	
demographic.popSize155	87.6761	125.7839	47.5664	2.6764E-3	299.8034	1853.3062	0.0739	47.5974	
demographic.popSize156	89.538	131.4417	48.2441	5.9301E-3	312.063	1896.1632	0.01	48.2465	
demographic.popSize157	90.2104	135.3896	47.6557	5.3615E-4	313.9115	1704.4049	7.0057E-4	47.6557	
demographic.popSize158	87.8998	134.3731	46.9279	6.5065E-4	300.0959	1789.3814	6.5065E-4	46.9279	
demographic.popSize159	89.5082	132.4487	47.8572	2.7897E-4	307.4853	1836.8393	0.0114	47.8635	
demographic.popSize160	88.987	136.4675	48.0164	0.0101	305.6203	1830.0229	0.0101	48.0211	
demographic.popSize161	89.0643	132.9804	48.4171	2.3464E-3	308.5922	1895.5884	2.3464E-3	48.4171	
demographic.popSize162	88.1108	131.9319	47.865	3.3209E-4	301.9658	1967.8235	2.3863E-3	47.865	
demographic.popSize163	88.3468	129.7478	47.5042	1.5316E-3	303.5513	1744.106	1.5316E-3	47.5042	
demographic.popSize164	88.7668	130.8176	47.3813	1.5187E-3	305.8332	1734.3742	3.404E-3	47.3813	
demographic.popSize165	89.3338	138.6454	47.4985	4.6219E-4	308.0643	1819.4268	4.6219E-4	47.4985	
demographic.popSize166	89.2877	132.7386	48.0264	3.2825E-3	309.1752	2020.2051	0.0157	48.0345	
demographic.popSize167	88.2893	129.6097	46.3274	6.8258E-4	307.4526	1839.9573	0.0353	46.3459	
demographic.popSize168	89.0547	135.1604	47.6178	2.3966E-3	305.2891	1765.1663	1.4548E-3	47.6178	
demographic.popSize169	88.2654	130.7665	47.3534	8.201E-5	305.771	1884.3827	3.4068E-3	47.3543	
demographic.popSize170	89.0661	131.796	47.9036	5.4776E-3	308.3473	1767.4543	9.5873E-3	47.905	
demographic.popSize171	87.8564	129.5507	47.1886	6.5437E-4	306.1112	1842.2782	0.0128	47.1977	
demographic.popSize172	88.4873	132.1544	47.1828	1.6099E-4	308.8142	1736.6326	9.264E-3	47.1898	
demographic.popSize173	89.256	136.8947	46.8181	8.381E-3	313.3621	1886.976	0.0113	46.819	
demographic.popSize174	87.7206	126.9178	46.8251	1.477E-3	300.1426	1744.4843	6.7123E-3	46.8251	
demographic.popSize175	89.0961	130.746	47.9498	1.9325E-3	307.7613	1821.2006	7.4294E-3	47.9554	
demographic.popSize176	87.8591	124.6716	47.8114	2.4373E-3	304.5529	1895.7164	3.141E-3	47.8118	
demographic.popSize177	90.2596	136.7465	47.5877	4.8223E-3	310.9935	1723.4262	2.5587E-4	47.5877	
demographic.popSize178	90.8952	138.4634	47.5946	3.8459E-3	315.4974	1697.5067	8.5669E-3	47.5988	
demographic.popSize179	88.4835	128.0658	47.9089	2.3887E-3	310.6438	1697.6017	3.0035E-3	47.9093	
demographic.popSize180	89.5568	140.7728	47.221	7.5533E-3	307.5414	1755.7572	1.8122E-3	47.221	
demographic.popSize181	89.0402	135.5988	46.3983	0.0107	311.259	1721.4523	0.0192	46.4043	
demographic.popSize182	87.6411	130.9934	46.069	3.6612E-5	300.6533	1820.7084	0.0146	46.0801	
demographic.popSize183	89.4731	135.5021	47.2207	4.4225E-4	312.1544	1753.0266	4.4225E-4	47.2207	
demographic.popSize184	88.3839	130.1943	46.8385	5.298E-3	308.0513	1761.9525	7.0113E-4	46.8385	
demographic.popSize185	89.5185	136.1531	48.1279	2.6089E-4	311.4379	1803.9478	2.6089E-4	48.1279	
demographic.popSize186	89.2039	136.4756	47.2779	4.5578E-4	309.1025	1749.9925	4.5578E-4	47.2779	
demographic.popSize187	88.4682	130.5645	47.5312	6.5486E-4	302.9808	1798.9855	1.5304E-3	47.5312	
demographic.popSize188	88.3448	135.1805	46.9234	1.275E-3	301.5199	1638.9741	1.1408E-3	46.9234	
demographic.popSize189	90.3472	143.0001	47.899	7.0114E-4	308.8082	1820.981	7.0114E-4	47.899	
demographic.popSize190	88.7677	131.5574	47.3082	1.5006E-3	309.3132	1755.0798	1.5006E-3	47.3082	
demographic.popSize191	87.8954	129.4684	47.1444	7.6161E-4	304.7101	1713.3776	5.0567E-3	47.147	
demographic.popSize192	89.1269	139.3356	47.2586	4.7646E-3	309.5294	1667.0416	6.3911E-3	47.2586	
demographic.popSize193	88.871	129.1345	47.2911	6.69E-4	308.4852	1809.2002	3.5674E-3	47.2934	
demographic.popSize194	88.8071	133.0202	47.0833	1.0262E-4	307.6144	1823.5116	0.0133	47.0839	
demographic.popSize195	89.2347	132.3497	47.2379	1.0221E-3	314.2256	1784.792	1.0221E-3	47.2379	
demographic.popSize196	88.849	134.839	46.0903	6.4073E-3	312.9573	1714.1835	0.0216	46.1033	
demographic.popSize197	87.4875	131.2143	45.8265	9.2007E-4	309.0012	1816.9324	9.2007E-4	45.8265	
demographic.popSize198	86.459	133.422	44.7166	2.3464E-3	300.4085	1860.1042	2.3464E-3	44.7166	
demographic.popSize199	85.3736	127.9868	43.2069	1.9772E-6	307.6835	1761.0636	1.9772E-6	43.2069	
demographic.popSize200	85.2229	138.1754	42.4505	6.3141E-4	300.2566	1775.8784	6.3141E-4	42.4505	
demographic.indicators1	2.9687E-3	0.0544	0	0	0	25689.3409	0	0	
demographic.indicators2	9.2E-3	0.0955	0	0	0	492.1915	0	0	
demographic.indicators3	0.0143	0.1188	0	0	0	641.2817	0	0	
demographic.indicators4	0.0117	0.1075	0	0	0	711.5336	0	0	
demographic.indicators5	0.0305	0.172	0	0	0	467.7297	0	0	
demographic.indicators6	0.0128	0.1126	0	0	0	515.1672	0	0	
demographic.indicators7	0.0306	0.1722	0	0	0	447.2722	0	0	
demographic.indicators8	0.0485	0.2148	0	0	0	416.7078	0	0	
demographic.indicators9	0.0531	0.2243	0	0	1	455.6435	0	0	
demographic.indicators10	0.0669	0.2498	0	0	1	422.86	0	0	
demographic.indicators11	0.0202	0.1408	0	0	0	656.1072	0	0	
demographic.indicators12	0.0531	0.2243	0	0	1	434.6459	0	0	
demographic.indicators13	0.0405	0.1971	0	0	0	538.345	0	0	
demographic.indicators14	0.0179	0.1326	0	0	0	589.0315	0	0	
demographic.indicators15	0.0543	0.2266	0	0	1	484.0742	0	0	
demographic.indicators16	0.0248	0.1556	0	0	0	558.424	0	0	
demographic.indicators17	0.1228	0.3282	0	0	1	418.5319	0	0	
demographic.indicators18	0.0389	0.1933	0	0	0	457.491	0	0	
demographic.indicators19	0.0311	0.1736	0	0	0	558.4405	0	0	
demographic.indicators20	0.0537	0.2253	0	0	1	496.4645	0	0	
demographic.indicators21	0.1023	0.303	0	0	1	417.2941	0	0	
demographic.indicators22	0.0476	0.2128	0	0	0	493.2804	0	0	
demographic.indicators23	0.0253	0.1571	0	0	0	588.502	0	0	
demographic.indicators24	0.0236	0.1517	0	0	0	560.5578	0	0	
demographic.indicators25	0.028	0.165	0	0	0	524.1441	0	0	
demographic.indicators26	0.0184	0.1344	0	0	0	616.3938	0	0	
demographic.indicators27	3.5987E-3	0.0599	0	0	0	1931.2057	0	0	
demographic.indicators28	4.6947E-3	0.0684	0	0	0	1905.4094	0	0	
demographic.indicators29	3.5147E-3	0.0592	0	0	0	1162.8589	0	0	
demographic.indicators30	4.6213E-3	0.0678	0	0	0	1398.5731	0	0	
demographic.indicators31	3.8207E-3	0.0617	0	0	0	3212.1913	0	0	
demographic.indicators32	6.0587E-3	0.0776	0	0	0	795.6351	0	0	
demographic.indicators33	1.6793E-3	0.0409	0	0	0	40430.4112	0	0	
demographic.indicators34	2.488E-3	0.0498	0	0	0	7719.275	0	0	
demographic.indicators35	4.4287E-3	0.0664	0	0	0	1563.9862	0	0	
demographic.indicators36	2.0093E-3	0.0448	0	0	0	25406.111	0	0	
demographic.indicators37	1.7893E-3	0.0423	0	0	0	64505.5375	0	0	
demographic.indicators38	2.3167E-3	0.0481	0	0	0	7450.0118	0	0	
demographic.indicators39	1.7333E-3	0.0416	0	0	0	31128.534	0	0	
demographic.indicators40	5.1127E-3	0.0713	0	0	0	2930.0321	0	0	
demographic.indicators41	2.87E-3	0.0535	0	0	0	6268.8894	0	0	
demographic.indicators42	9.0467E-3	0.0947	0	0	0	947.015	0	0	
demographic.indicators43	3.7953E-3	0.0615	0	0	0	6358.6556	0	0	
demographic.indicators44	2.5693E-3	0.0506	0	0	0	9699.9653	0	0	
demographic.indicators45	3.7473E-3	0.0611	0	0	0	7069.8014	0	0	
demographic.indicators46	2.8233E-3	0.0531	0	0	0	7500.3292	0	0	
demographic.indicators47	5.7467E-3	0.0756	0	0	0	3766.539	0	0	
demographic.indicators48	5.2253E-3	0.0721	0	0	0	3675.1272	0	0	
demographic.indicators49	5.48E-3	0.0738	0	0	0	1875.2009	0	0	
demographic.indicators50	4.7047E-3	0.0684	0	0	0	3805.4133	0	0	
demographic.indicators51	9.74E-3	0.0982	0	0	0	848.1329	0	0	
demographic.indicators52	6.5727E-3	0.0808	0	0	0	1777.1248	0	0	
demographic.indicators53	7.4067E-3	0.0857	0	0	0	2798.092	0	0	
demographic.indicators54	6.0793E-3	0.0777	0	0	0	2032.0752	0	0	
demographic.indicators55	8.7947E-3	0.0934	0	0	0	1217.7525	0	0	
demographic.indicators56	9.51E-3	0.0971	0	0	0	956.3889	0	0	
demographic.indicators57	0.0109	0.1038	0	0	0	1454.2589	0	0	
demographic.indicators58	4.4633E-3	0.0667	0	0	0	4008.4092	0	0	
demographic.indicators59	0.013	0.1135	0	0	0	1123.6004	0	0	
demographic.indicators60	9.19E-3	0.0954	0	0	0	1530.6126	0	0	
demographic.indicators61	8.2207E-3	0.0903	0	0	0	2135.3345	0	0	
demographic.indicators62	0.0108	0.1033	0	0	0	1306.2942	0	0	
demographic.indicators63	7.482E-3	0.0862	0	0	0	1945.9663	0	0	
demographic.indicators64	7.4687E-3	0.0861	0	0	0	1680.8159	0	0	
demographic.indicators65	6.4073E-3	0.0798	0	0	0	2925.004	0	0	
demographic.indicators66	0.0142	0.1183	0	0	0	1166.3724	0	0	
demographic.indicators67	0.0132	0.1143	0	0	0	1210.1538	0	0	
demographic.indicators68	0.0128	0.1122	0	0	0	1357.3298	0	0	
demographic.indicators69	0.0119	0.1084	0	0	0	2113.0302	0	0	
demographic.indicators70	0.0171	0.1298	0	0	0	979.8292	0	0	
demographic.indicators71	0.0165	0.1275	0	0	0	915.7523	0	0	
demographic.indicators72	0.0173	0.1305	0	0	0	1426.6096	0	0	
demographic.indicators73	0.014	0.1173	0	0	0	1571.64	0	0	
demographic.indicators74	0.0122	0.1096	0	0	0	1525.5669	0	0	
demographic.indicators75	0.0162	0.1264	0	0	0	1219.3284	0	0	
demographic.indicators76	0.0191	0.1367	0	0	0	1225.604	0	0	
demographic.indicators77	0.0148	0.1207	0	0	0	1314.0658	0	0	
demographic.indicators78	8.2407E-3	0.0904	0	0	0	1839.2204	0	0	
demographic.indicators79	0.0197	0.1388	0	0	0	1308.4043	0	0	
demographic.indicators80	0.0143	0.1186	0	0	0	1713.2531	0	0	
demographic.indicators81	0.0213	0.1443	0	0	0	1043.2345	0	0	
demographic.indicators82	0.0159	0.1252	0	0	0	1400.6178	0	0	
demographic.indicators83	0.0199	0.1397	0	0	0	1000.7266	0	0	
demographic.indicators84	0.0194	0.1378	0	0	0	987.7599	0	0	
demographic.indicators85	0.0147	0.1203	0	0	0	1258.4165	0	0	
demographic.indicators86	0.0204	0.1412	0	0	0	1354.8008	0	0	
demographic.indicators87	0.0157	0.1243	0	0	0	1652.0578	0	0	
demographic.indicators88	0.0144	0.1192	0	0	0	1431.4503	0	0	
demographic.indicators89	0.0141	0.118	0	0	0	2338.638	0	0	
demographic.indicators90	0.0126	0.1114	0	0	0	1828.6505	0	0	
demographic.indicators91	0.0206	0.1421	0	0	0	1098.0021	0	0	
demographic.indicators92	0.016	0.1254	0	0	0	1420.29	0	0	
demographic.indicators93	0.0225	0.1483	0	0	0	1020.6413	0	0	
demographic.indicators94	0.0172	0.1302	0	0	0	2065.8948	0	0	
demographic.indicators95	0.0162	0.1264	0	0	0	1816.0217	0	0	
demographic.indicators96	0.0208	0.1428	0	0	0	763.6797	0	0	
demographic.indicators97	0.0167	0.1281	0	0	0	994.2304	0	0	
demographic.indicators98	0.0127	0.112	0	0	0	1756.2841	0	0	
demographic.indicators99	0.0175	0.1312	0	0	0	1115.4014	0	0	
demographic.indicators100	0.0124	0.1105	0	0	0	1255.8992	0	0	
demographic.indicators101	0.0147	0.1203	0	0	0	1192.9137	0	0	
demographic.indicators102	0.0163	0.1266	0	0	0	1610.9085	0	0	
demographic.indicators103	0.0119	0.1083	0	0	0	1490.6979	0	0	
demographic.indicators104	0.0151	0.122	0	0	0	1200.9743	0	0	
demographic.indicators105	0.0161	0.1257	0	0	0	1166.6395	0	0	
demographic.indicators106	0.0159	0.1249	0	0	0	1471.4753	0	0	
demographic.indicators107	0.0106	0.1023	0	0	0	1597.355	0	0	
demographic.indicators108	0.0209	0.143	0	0	0	808.7534	0	0	
demographic.indicators109	0.0218	0.1461	0	0	0	844.3401	0	0	
demographic.indicators110	0.0138	0.1167	0	0	0	1566.2693	0	0	
demographic.indicators111	0.0147	0.1202	0	0	0	1131.4228	0	0	
demographic.indicators112	0.0155	0.1234	0	0	0	1582.997	0	0	
demographic.indicators113	0.0105	0.1018	0	0	0	1927.6716	0	0	
demographic.indicators114	0.0141	0.1177	0	0	0	1248.5481	0	0	
demographic.indicators115	0.0133	0.1144	0	0	0	1382.3064	0	0	
demographic.indicators116	0.0116	0.107	0	0	0	1970.6511	0	0	
demographic.indicators117	8.56E-3	0.0921	0	0	0	2399.0562	0	0	
demographic.indicators118	0.0149	0.121	0	0	0	1337.5588	0	0	
demographic.indicators119	0.0114	0.1061	0	0	0	1030.9941	0	0	
demographic.indicators120	9.9413E-3	0.0992	0	0	0	1671.6281	0	0	
demographic.indicators121	0.0153	0.1227	0	0	0	1128.4989	0	0	
demographic.indicators122	8.1747E-3	0.09	0	0	0	1567.8714	0	0	
demographic.indicators123	8.898E-3	0.0939	0	0	0	1426.708	0	0	
demographic.indicators124	0.0143	0.1188	0	0	0	1314.9399	0	0	
demographic.indicators125	0.013	0.1133	0	0	0	1432.6248	0	0	
demographic.indicators126	7.5513E-3	0.0866	0	0	0	2953.5757	0	0	
demographic.indicators127	0.0116	0.107	0	0	0	1242.9142	0	0	
demographic.indicators128	8.2647E-3	0.0905	0	0	0	2503.2126	0	0	
demographic.indicators129	9.4387E-3	0.0967	0	0	0	1198.9875	0	0	
demographic.indicators130	0.0114	0.106	0	0	0	1400.6241	0	0	
demographic.indicators131	8.8E-3	0.0934	0	0	0	1726.5364	0	0	
demographic.indicators132	0.0131	0.1139	0	0	0	1096.6146	0	0	
demographic.indicators133	9.836E-3	0.0987	0	0	0	1250.5202	0	0	
demographic.indicators134	0.0114	0.1061	0	0	0	1730.7515	0	0	
demographic.indicators135	4.964E-3	0.0703	0	0	0	3773.2296	0	0	
demographic.indicators136	6.8387E-3	0.0824	0	0	0	2188.7693	0	0	
demographic.indicators137	6.8827E-3	0.0827	0	0	0	2282.6309	0	0	
demographic.indicators138	9.3413E-3	0.0962	0	0	0	1127.6719	0	0	
demographic.indicators139	6.1107E-3	0.0779	0	0	0	3564.7522	0	0	
demographic.indicators140	6.252E-3	0.0788	0	0	0	2163.1115	0	0	
demographic.indicators141	5.9047E-3	0.0766	0	0	0	2515.9204	0	0	
demographic.indicators142	6.946E-3	0.0831	0	0	0	1402.1038	0	0	
demographic.indicators143	6.3527E-3	0.0795	0	0	0	3902.0096	0	0	
demographic.indicators144	5.7353E-3	0.0755	0	0	0	2589.3983	0	0	
demographic.indicators145	6.146E-3	0.0782	0	0	0	1438.9688	0	0	
demographic.indicators146	6.7387E-3	0.0818	0	0	0	3110.7215	0	0	
demographic.indicators147	8.6667E-3	0.0927	0	0	0	1190.5751	0	0	
demographic.indicators148	8.888E-3	0.0939	0	0	0	1941.9217	0	0	
demographic.indicators149	5.562E-3	0.0744	0	0	0	2428.7881	0	0	
demographic.indicators150	6.1173E-3	0.078	0	0	0	4266.9159	0	0	
demographic.indicators151	6.546E-3	0.0806	0	0	0	3425.7352	0	0	
demographic.indicators152	4.9087E-3	0.0699	0	0	0	4203.9617	0	0	
demographic.indicators153	5.9553E-3	0.0769	0	0	0	5111.9423	0	0	
demographic.indicators154	6.904E-3	0.0828	0	0	0	2471.3076	0	0	
demographic.indicators155	6.868E-3	0.0826	0	0	0	2566.3441	0	0	
demographic.indicators156	4.3487E-3	0.0658	0	0	0	6209.1857	0	0	
demographic.indicators157	5.486E-3	0.0739	0	0	0	3498.5017	0	0	
demographic.indicators158	8.138E-3	0.0898	0	0	0	1514.3118	0	0	
demographic.indicators159	7.5847E-3	0.0868	0	0	0	1060.2993	0	0	
demographic.indicators160	8.038E-3	0.0893	0	0	0	3521.7936	0	0	
demographic.indicators161	4.7027E-3	0.0684	0	0	0	5340.8651	0	0	
demographic.indicators162	6.0193E-3	0.0774	0	0	0	4997.2254	0	0	
demographic.indicators163	5.9927E-3	0.0772	0	0	0	3554.4075	0	0	
demographic.indicators164	6.688E-3	0.0815	0	0	0	1800.1198	0	0	
demographic.indicators165	6.3853E-3	0.0797	0	0	0	3331.3142	0	0	
demographic.indicators166	4.0967E-3	0.0639	0	0	0	8937.3897	0	0	
demographic.indicators167	6.1747E-3	0.0783	0	0	0	5478.3647	0	0	
demographic.indicators168	5.8787E-3	0.0764	0	0	0	5286.9587	0	0	
demographic.indicators169	9.7387E-3	0.0982	0	0	0	1915.7587	0	0	
demographic.indicators170	9.7893E-3	0.0985	0	0	0	1797.0346	0	0	
demographic.indicators171	5.904E-3	0.0766	0	0	0	1980.3008	0	0	
demographic.indicators172	5.5907E-3	0.0746	0	0	0	4927.4265	0	0	
demographic.indicators173	6.8787E-3	0.0827	0	0	0	2784.4721	0	0	
demographic.indicators174	7.4107E-3	0.0858	0	0	0	3719.2872	0	0	
demographic.indicators175	5.136E-3	0.0715	0	0	0	5949.7312	0	0	
demographic.indicators176	4.276E-3	0.0653	0	0	0	8677.844	0	0	
demographic.indicators177	5.356E-3	0.073	0	0	0	8858.5765	0	0	
demographic.indicators178	7.3073E-3	0.0852	0	0	0	4310.6026	0	0	
demographic.indicators179	5.4973E-3	0.0739	0	0	0	7756.7413	0	0	
demographic.indicators180	5.7673E-3	0.0757	0	0	0	9013.7645	0	0	
demographic.indicators181	6.9147E-3	0.0829	0	0	0	3861.7923	0	0	
demographic.indicators182	5.3047E-3	0.0726	0	0	0	9596.5234	0	0	
demographic.indicators183	8.2973E-3	0.0907	0	0	0	6331.2594	0	0	
demographic.indicators184	8.368E-3	0.0911	0	0	0	3203.24	0	0	
demographic.indicators185	7.768E-3	0.0878	0	0	0	4641.2871	0	0	
demographic.indicators186	7.3033E-3	0.0851	0	0	0	8386.3007	0	0	
demographic.indicators187	8.3333E-3	0.0909	0	0	0	4689.092	0	0	
demographic.indicators188	8.208E-3	0.0902	0	0	0	1544.0671	0	0	
demographic.indicators189	7.772E-3	0.0878	0	0	0	7425.4185	0	0	
demographic.indicators190	0.0116	0.1069	0	0	0	6754.7262	0	0	
demographic.indicators191	0.0113	0.1059	0	0	0	5982.1801	0	0	
demographic.indicators192	0.0106	0.1026	0	0	0	8223.019	0	0	
demographic.indicators193	0.0148	0.1209	0	0	0	4382.8084	0	0	
demographic.indicators194	0.0164	0.1271	0	0	0	5845.7622	0	0	
demographic.indicators195	0.0268	0.1615	0	0	0	2400.5057	0	0	
demographic.indicators196	0.0304	0.1716	0	0	0	2469.0696	0	0	
demographic.indicators197	0.0398	0.1956	0	0	0	2897.2387	0	0	
demographic.indicators198	0.0556	0.2291	0	0	1	2236.7973	0	0	
demographic.indicators199	0.0655	0.2473	0	0	1	2849.4926	0	0	
kappa	2.2197	0.1473	2.2151	1.9364	2.5124	46088.4149	2.1079	2.3053	
frequencies1	0.2774	0.0103	0.2773	0.2568	0.2971	26315.9959	0.2702	0.2841	
frequencies2	0.2112	8.9934E-3	0.2111	0.1939	0.229	22908.2482	0.2053	0.2175	
frequencies3	0.1951	8.7607E-3	0.1949	0.1784	0.2128	28822.5003	0.1884	0.2002	
frequencies4	0.3164	0.0109	0.3163	0.2955	0.3385	24195.7757	0.3089	0.3238	
alpha	0.6059	0.0536	0.6031	0.5039	0.713	52633.2602	0.5628	0.6339	
default.ucld.mean	1.4157E-3	4.1948E-4	1.3385E-3	7.4671E-4	2.2566E-3	462.1713	1.0068E-3	1.4807E-3	
default.ucld.stdev	8.9586E-3	5.8348E-3	7.362E-3	2.2799E-3	0.0199	548.6506	3.5736E-3	7.975E-3	
host_groups.ucld.mean	0.0117	2.8324E-3	0.0115	6.6402E-3	0.0174	885.0048	9.1862E-3	0.0129	
host_groups.ucld.stdev	0.012	0.0108	9.252E-3	7.9725E-8	0.0325	1321.6543	5.1617E-7	9.2522E-3	
default.meanRate	1.0554E-3	1.8827E-4	1.0409E-3	7.0515E-4	1.4272E-3	478.1073	8.9165E-4	1.146E-3	
default.coefficientOfVariation	2.8585	0.5259	2.7441	2.0257	3.9635	616.9221	2.3397	2.8892	
default.covariance	0.0109	0.0481	6.0487E-5	-0.062	0.1089	2563.4244	-0.0335	0.0125	
host_groups.meanRate	0.0124	3.3308E-3	0.012	6.5803E-3	0.019	981.8352	9.3697E-3	0.0135	
host_groups.coefficientOfVariation	0.9416	0.6891	0.8125	1.024E-5	2.2647	1126.1102	3.3794E-5	0.8125	
host_groups.covariance	-0.0052	0.0483	-0.0087	-0.095	0.0934	34209.2099	-0.0446	0.0182	
host_groups.rates.Amaranthaceae.Brassicaceae	0.7624	0.8304	0.4946	3.1925E-7	2.4091	16880.4431	3.1925E-7	0.4946	
host_groups.rates.Amaranthaceae.Fabaceae	1.3256	0.7493	1.1924	0.1235	2.8236	10871.4144	0.5774	1.4394	
host_groups.rates.Amaranthaceae.Poaceae	0.7874	0.7462	0.5809	3.1536E-5	2.2067	19575.5198	0.0539	0.6267	
host_groups.rates.Amaranthaceae.Solanaceae	1.4886	0.7414	1.3553	0.299	2.9581	15685.9869	0.7336	1.5891	
host_groups.rates.Brassicaceae.Fabaceae	0.8431	0.8714	0.5736	9.3175E-6	2.5629	19936.734	5.3536E-5	0.5736	
host_groups.rates.Brassicaceae.Poaceae	1.3115	0.8316	1.1463	0.019	2.9065	5509.435	0.4376	1.3621	
host_groups.rates.Brassicaceae.Solanaceae	0.869	0.9043	0.5889	2.0291E-6	2.6588	18443.6001	3.1315E-6	0.5889	
host_groups.rates.Fabaceae.Poaceae	1.3058	0.7599	1.1651	0.0875	2.8138	5364.4192	0.5396	1.407	
host_groups.rates.Fabaceae.Solanaceae	0.8955	0.9435	0.592	1.4863E-5	2.791	16947.7843	6.1501E-5	0.5921	
host_groups.rates.Poaceae.Solanaceae	0.8829	0.8649	0.6329	2.6618E-5	2.5644	17801.2172	5.772E-5	0.633	
host_groups.rates.Brassicaceae.Amaranthaceae	0.8004	0.9132	0.4851	4.3502E-5	2.6467	12183.6835	8.3796E-5	0.4852	
host_groups.rates.Fabaceae.Amaranthaceae	0.7894	0.7968	0.5592	4.59E-5	2.3319	16133.7892	1.2635E-3	0.5603	
host_groups.rates.Poaceae.Amaranthaceae	0.7978	0.9063	0.4853	1.4331E-5	2.6372	15265.7759	1.4331E-5	0.4853	
host_groups.rates.Solanaceae.Amaranthaceae	0.8529	0.9429	0.5346	1.4384E-5	2.7531	16362.543	6.547E-5	0.5346	
host_groups.rates.Fabaceae.Brassicaceae	0.9188	0.9213	0.6435	2.2428E-5	2.735	18923.494	9.5178E-5	0.6436	
host_groups.rates.Poaceae.Brassicaceae	1.3021	0.8293	1.1419	1.7017E-4	2.8725	4458.9074	0.454	1.3785	
host_groups.rates.Solanaceae.Brassicaceae	0.8391	0.6376	0.6965	6.0135E-4	2.005	17778.4013	0.2033	0.8227	
host_groups.rates.Poaceae.Fabaceae	0.8829	0.9365	0.5798	1.3765E-5	2.7557	18963.5768	1.5867E-5	0.5798	
host_groups.rates.Solanaceae.Fabaceae	1.3447	0.7434	1.2066	0.1726	2.8133	11812.7065	0.5949	1.4424	
host_groups.rates.Solanaceae.Poaceae	0.8514	0.8079	0.6292	4.367E-5	2.4147	19265.5291	1.6039E-3	0.6305	
host_groups.indicators.Amaranthaceae.Brassicaceae	0.4535	0.4978	0	0	1	4283.1265	0	0	
host_groups.indicators.Amaranthaceae.Fabaceae	0.9729	0.1623	1	1	1	5210.6219	1	1	
host_groups.indicators.Amaranthaceae.Poaceae	0.6096	0.4878	1	0	1	2917.5931	1	1	
host_groups.indicators.Amaranthaceae.Solanaceae	0.9999	9.1648E-3	1	1	1	73451.6256	1	1	
host_groups.indicators.Brassicaceae.Fabaceae	0.3763	0.4845	0	0	1	4600.5125	0	0	
host_groups.indicators.Brassicaceae.Poaceae	0.9432	0.2315	1	0	1	1526.5547	1	1	
host_groups.indicators.Brassicaceae.Solanaceae	0.2988	0.4577	0	0	1	2576.0539	0	0	
host_groups.indicators.Fabaceae.Poaceae	0.9719	0.1652	1	1	1	3846.3075	1	1	
host_groups.indicators.Fabaceae.Solanaceae	0.1849	0.3882	0	0	1	17066.5588	0	0	
host_groups.indicators.Poaceae.Solanaceae	0.4123	0.4922	0	0	1	2121.8563	0	0	
host_groups.indicators.Brassicaceae.Amaranthaceae	0.3059	0.4608	0	0	1	7673.9838	0	0	
host_groups.indicators.Fabaceae.Amaranthaceae	0.5435	0.4981	1	0	1	2690.5159	1	1	
host_groups.indicators.Poaceae.Amaranthaceae	0.3003	0.4584	0	0	1	10196.4874	0	0	
host_groups.indicators.Solanaceae.Amaranthaceae	0.1932	0.3948	0	0	1	20501.009	0	0	
host_groups.indicators.Fabaceae.Brassicaceae	0.2745	0.4463	0	0	1	2610.0752	0	0	
host_groups.indicators.Poaceae.Brassicaceae	0.9329	0.2503	1	0	1	1502.1266	1	1	
host_groups.indicators.Solanaceae.Brassicaceae	0.8413	0.3654	1	0	1	1377.7247	1	1	
host_groups.indicators.Poaceae.Fabaceae	0.2101	0.4073	0	0	1	13760.3038	0	0	
host_groups.indicators.Solanaceae.Fabaceae	0.9974	0.0508	1	1	1	27445.1074	1	1	
host_groups.indicators.Solanaceae.Poaceae	0.5043	0.5	1	0	1	2322.4853	1	1	
host_groups.nonZeroRates	11.3266	1.6881	11	8	14	3149.7911	9	11	
default.treeLikelihood	-7109.9214	13.3085	-7109.5459	-7136.6042	-7084.3258	1644.2228	-7117.983	-7100.1257	
default.branchRates	-2382.6079	0	0	0	0	NaN	0	0	
host_groups.branchRates	-2382.6079	0	0	0	0	NaN	0	0	
c_host_groups.count[1]	46.9716	4.532	46	38	55	2258.7439	42	47	
c_allTransitions[1]	46.9716	4.5334	46	38	55	2260.5282	42	47	
coalescent	-1137.8084	39.591	-1138.6878	-1211.7434	-1062.2165	454.4494	-1169.6544	-1113.1587	

