burnIn   <= 0,   maxState  = 150000200
statistic	mean	stdErr	median	hpdLower	hpdUpper	ESS	50hpdLower	50hpdUpper
joint	-15204.0437	140.3799	-15197.5118	-15474.2674	-14934.8624	495.5277	-15280.5259	-15091.747	
prior	-7117.1953	139.195	-7110.1967	-7381.0644	-6847.351	492.0017	-7193.3903	-7005.204	
likelihood	-8086.8484	18.4637	-8087.1862	-8122.8276	-8050.1042	1395.3583	-8099.9305	-8075.316	
treeModel.rootHeight	212.5691	63.9308	202.842	107.426	336.496	592.6664	151.1136	228.4056	
age(root)	1810.4309	63.9308	1820.158	1686.504	1915.574	592.6664	1794.5944	1871.8864	
treeLength	2728.1357	490.1008	2644.1189	1886.3401	3699.0701	438.6089	2239.1744	2809.6539	
tmrca(ingroup)	212.5691	63.9308	202.842	107.426	336.496	592.6664	151.1136	228.4056	
age(ingroup)	1810.4309	63.9308	1820.158	1686.504	1915.574	592.6664	1794.5944	1871.8864	
demographic.populationSizeChanges	2.5686	0.6713	2	2	4	1134.9692	2	2	
demographic.populationMean	115.5875	100.8844	89.1818	16.3819	273.3203	528.5481	35.3198	97.1861	
demographic.popSize1	81.4569	60.4655	68.8663	0.6826	192.3264	485.6269	32.7915	95.8416	
demographic.popSize2	113.8406	172.4785	60.2952	2.7467E-3	394.3541	1653.6228	2.7467E-3	60.2952	
demographic.popSize3	117.8911	185.363	60.9786	5.8058E-3	409.3779	1616.0906	5.8058E-3	60.9786	
demographic.popSize4	115.4504	185.5162	60.4521	2.6365E-3	400.7416	1522.4795	2.6365E-3	60.4521	
demographic.popSize5	114.3567	192.1392	60.86	1.3851E-3	393.5954	1787.0996	5.6826E-4	60.86	
demographic.popSize6	115.9554	180.9955	60.1448	4.1256E-4	406.8718	1572.5428	0.013	60.1514	
demographic.popSize7	114.3542	181.9242	60.1136	1.1791E-3	391.3798	1681.7751	2.0908E-3	60.1136	
demographic.popSize8	115.1024	172.5127	61.2761	2.1296E-3	396.1292	1713.3851	2.1296E-3	61.2761	
demographic.popSize9	115.8594	189.7395	60.6925	1.6115E-3	398.1825	1487.1202	8.5102E-3	60.6966	
demographic.popSize10	115.9163	184.6064	60.6414	1.0849E-4	403.1897	1656.076	1.0849E-4	60.6414	
demographic.popSize11	112.6941	185.6004	59.2684	9.2644E-4	387.6623	1628.9949	0.0149	59.2748	
demographic.popSize12	115.1693	178.9837	60.4669	1.6471E-6	394.4676	1704.2795	1.6471E-6	60.4669	
demographic.popSize13	116.2199	184.1671	60.9703	3.8059E-3	395.7907	1548.0289	0.0207	60.9826	
demographic.popSize14	112.7995	179.0019	58.9791	0.0102	390.6405	1596.2978	0.0752	59.033	
demographic.popSize15	114.2074	172.0702	60.3856	3.6167E-4	396.7873	1661.3216	3.6167E-4	60.3856	
demographic.popSize16	115.1861	178.1818	59.8098	2.8107E-3	405.5784	1611.004	5.7428E-3	59.8122	
demographic.popSize17	114.1893	187.7191	57.4935	1.6365E-3	404.8157	1556.5107	1.6365E-3	57.4935	
demographic.popSize18	102.7941	158.5867	53.3954	2.5112E-3	358.8632	1720.644	2.1753E-3	53.3954	
demographic.popSize19	103.3413	184.6794	50.3517	1.0606E-4	368.5226	1493.4963	1.0606E-4	50.3517	
demographic.popSize20	111.0087	169.526	57.5779	5.7051E-3	390.2364	1659.4223	5.7051E-3	57.5779	
demographic.popSize21	113.5454	177.2063	59.3529	0.0171	390.2892	1701.726	0.0234	59.359	
demographic.popSize22	99.8848	179.875	45.1283	3.9105E-3	371.3475	1419.4228	3.9105E-3	45.1283	
demographic.popSize23	111.4933	181.9037	57.0458	3.2068E-3	392.5035	1480.4149	3.2068E-3	57.0458	
demographic.popSize24	105.3567	175.1516	50.574	1.0389E-3	387.9423	1341.1658	9.9404E-3	50.5768	
demographic.popSize25	96.808	178.8824	42.4569	2.0949E-3	362.6029	1277.2278	7.9123E-3	42.4569	
demographic.popSize26	108.5095	170.9948	54.8489	1.9175E-3	391.9786	1463.9302	1.9175E-3	54.8489	
demographic.popSize27	113.0738	195.7077	58.7494	4.1956E-3	390.3716	1598.0662	4.1956E-3	58.7494	
demographic.popSize28	102.0016	178.4211	50.5857	2.7749E-3	372.8675	1558.5896	0.0508	50.6136	
demographic.popSize29	116.5692	170.2116	66.2512	2.8262E-3	389.2208	1688.2221	0.0176	66.2624	
demographic.popSize30	117.8796	171.4767	68.5678	5.0057E-3	390.9781	1605.4309	5.0057E-3	68.5688	
demographic.popSize31	119.5607	189.6815	67.423	6.7318E-4	391.0951	1551.4728	1.4652E-4	67.423	
demographic.popSize32	115.9353	173.5287	64.7821	7.2974E-4	387.5442	1681.6863	7.2974E-4	64.7821	
demographic.popSize33	115.3094	168.5207	66.1421	7.7327E-4	380.4361	1884.315	7.7327E-4	66.1421	
demographic.popSize34	117.9133	179.2763	64.8178	4.4828E-3	392.4065	1636.7815	4.4828E-3	64.8178	
demographic.popSize35	116.7367	172.2867	65.8441	3.5181E-5	395.5125	1615.6142	0.0203	65.8525	
demographic.popSize36	117.4191	182.0046	63.7563	3.047E-3	395.8319	1559.5411	3.5652E-3	63.7563	
demographic.popSize37	116.9125	176.9004	64.5047	4.5761E-4	393.1352	1649.2741	8.4156E-3	64.5073	
demographic.popSize38	116.5439	184.0002	62.1841	0.0114	395.9473	1599.8423	0.0492	62.2148	
demographic.popSize39	115.1693	175.1364	62.4667	3.5126E-3	403.2427	1691.9981	4.5833E-3	62.4667	
demographic.popSize40	117.9402	192.7171	62.2503	1.083E-3	405.1144	1693.0505	1.083E-3	62.2503	
demographic.popSize41	114.6581	173.2801	63.0856	3.9748E-4	381.2923	1771.3871	3.9748E-4	63.0856	
demographic.popSize42	116.4516	174.9281	62.4329	0.0102	401.1981	1588.9262	0.0102	62.4329	
demographic.popSize43	113.7335	176.7064	61.0429	3.0613E-4	390.073	1808.773	3.0613E-4	61.0429	
demographic.popSize44	116.2853	178.6705	61.9221	8.7609E-4	395.4509	1596.2913	7.2279E-3	61.9254	
demographic.popSize45	115.2	184.9791	61.835	3.0675E-3	384.6801	1651.611	0.0155	61.84	
demographic.popSize46	115.7289	182.5747	62.0265	1.4266E-3	390.1868	1514.0275	5.2146E-3	62.0265	
demographic.popSize47	115.5633	178.423	62.6113	3.6482E-4	395.2639	1660.39	3.6482E-4	62.6113	
demographic.popSize48	117.8424	181.4321	63.6138	2.746E-3	395.1687	1630.9658	6.4527E-3	63.6156	
demographic.popSize49	115.7528	175.7294	62.5698	6.2787E-4	394.9918	1621.4248	0.0196	62.573	
demographic.popSize50	117.8333	207.5832	63.3517	1.9401E-3	391.5525	1743.3731	1.9401E-3	63.3517	
demographic.popSize51	114.6385	173.7149	61.8564	6.9869E-3	388.5799	1685.7036	9.4604E-4	61.8564	
demographic.popSize52	116.6452	182.982	61.2315	3.9393E-3	402.22	1467.8232	5.0515E-3	61.232	
demographic.popSize53	118.8525	192.3662	61.6933	1.9368E-3	402.3617	1470.062	1.9368E-3	61.6933	
demographic.popSize54	114.8115	176.2157	60.6074	2.8013E-3	393.7516	1630.9062	2.8013E-3	60.6074	
demographic.popSize55	115.0314	174.711	61.7001	9.8209E-4	390.2273	1628.6627	2.5905E-3	61.7001	
demographic.popSize56	116.3051	189.3724	61.6147	1.5942E-3	394.0921	1672.6604	1.5942E-3	61.6147	
demographic.popSize57	116.8812	185.6939	61.4646	5.3325E-5	395.6493	1651.7013	5.3325E-5	61.4646	
demographic.popSize58	115.9172	181.9216	61.8167	5.1833E-3	394.1725	1556.151	0.0149	61.8238	
demographic.popSize59	114.8206	179.738	60.8107	6.2686E-3	388.0166	1768.2488	2.4955E-3	60.8107	
demographic.popSize60	115.281	174.8806	61.2834	7.615E-4	391.3029	1827.3646	7.615E-4	61.2834	
demographic.popSize61	116.5109	204.4922	61.6091	4.8505E-4	391.8345	1679.8237	3.383E-3	61.6091	
demographic.popSize62	117.383	180.449	61.9504	1.5701E-3	400.162	1628.5205	0.0175	61.9536	
demographic.popSize63	115.9322	178.1666	61.5058	2.3394E-3	395.1989	1600.2655	2.3394E-3	61.5058	
demographic.popSize64	116.3201	177.243	62.2776	0.012	394.0963	1572.9093	0.0212	62.2779	
demographic.popSize65	115.4463	179.58	61.0558	1.3302E-3	385.7266	1540.2408	0.0241	61.0768	
demographic.popSize66	115.4801	173.2305	61.1979	3.97E-3	394.634	1693.9236	3.97E-3	61.1979	
demographic.popSize67	115.3033	173.5177	62.0955	4.6E-3	397.1317	1564.4419	4.6E-3	62.0955	
demographic.popSize68	116.2947	191.707	61.4996	4.1566E-4	392.8023	1678.4983	4.1566E-4	61.4996	
demographic.popSize69	117.6515	186.8625	62.3332	9.8E-4	397.237	1524.7906	3.0424E-3	62.3332	
demographic.popSize70	114.5264	178.3849	60.716	1.3199E-3	393.7771	1579.4026	0.0131	60.7194	
demographic.popSize71	115.9079	175.6083	61.8848	2.2269E-3	396.3001	1601.1904	0.0139	61.8903	
demographic.popSize72	116.6383	186.6848	60.3893	1.7021E-3	395.9839	1507.7713	1.7021E-3	60.3893	
demographic.popSize73	115.7388	179.5781	60.7343	1.2247E-3	406.1337	1543.5725	0.0329	60.7371	
demographic.popSize74	115.9914	183.8052	60.879	1.5025E-3	397.8181	1544.3305	6.7853E-3	60.8804	
demographic.popSize75	115.2921	185.636	61.6563	1.8016E-3	390.53	1494.0136	1.8016E-3	61.6563	
demographic.popSize76	115.8106	176.9712	61.1965	9.845E-3	394.0145	1675.3155	1.7124E-3	61.1965	
demographic.popSize77	117.0256	183.8708	60.8988	0.0139	402.3825	1702.4346	0.0214	60.8988	
demographic.popSize78	117.1164	180.3764	63.1615	4.3711E-3	388.5675	1626.3472	4.3711E-3	63.1615	
demographic.popSize79	116.8694	184.4975	61.7447	4.2923E-3	400.1541	1603.5589	9.7065E-3	61.7447	
demographic.popSize80	115.1982	173.7869	61.9262	2.1496E-3	393.263	1758.7052	2.1496E-3	61.9262	
demographic.popSize81	115.9598	179.0432	61.9879	0.0104	396.1016	1523.224	0.0104	61.9879	
demographic.popSize82	115.9786	178.7249	62.1776	1.5447E-3	397.0908	1674.628	1.5447E-3	62.1776	
demographic.popSize83	117.7694	182.3033	61.8635	8.1465E-3	411.828	1571.8858	0.0109	61.8635	
demographic.popSize84	116.5339	183.4782	61.5938	4.4523E-4	400.1449	1497.2895	0.0158	61.6047	
demographic.popSize85	114.9244	177.263	61.8437	7.6579E-4	392.4242	1677.2031	0.0225	61.8585	
demographic.popSize86	116.2452	186.4502	60.8502	1.0447E-3	394.0133	1642.4112	1.0447E-3	60.8502	
demographic.popSize87	116.4233	194.1536	61.3204	2.9115E-4	397.4649	1700.2187	2.9115E-4	61.3204	
demographic.popSize88	115.3279	190.9405	61.1143	6.2211E-3	390.1875	1613.7056	5.7983E-3	61.1143	
demographic.popSize89	117.2801	185.4428	61.5687	2.1786E-3	403.6909	1568.4096	6.4743E-3	61.5687	
demographic.popSize90	114.369	170.2353	60.5097	2.4061E-3	392.076	1683.9764	0.0217	60.5106	
demographic.popSize91	116.1477	188.3617	61.3851	5.7136E-3	399.0295	1682.9021	5.4689E-3	61.3851	
demographic.popSize92	116.3741	183.1001	61.5167	2.4527E-4	397.6435	1611.3685	5.7982E-3	61.5169	
demographic.popSize93	116.675	185.9038	59.9356	3.3443E-3	404.1472	1484.3179	3.3443E-3	59.9356	
demographic.popSize94	116.5037	181.9184	61.5017	0.0199	398.3705	1570.7635	0.0188	61.5071	
demographic.popSize95	116.7094	185.1234	61.866	2.1393E-3	397.533	1725.9777	2.1393E-3	61.866	
demographic.popSize96	115.6577	180.1598	61.1897	4.2052E-4	394.9493	1515.4024	4.2052E-4	61.1897	
demographic.popSize97	115.639	177.9025	61.5332	3.8256E-3	403.376	1718.2705	3.8256E-3	61.5332	
demographic.popSize98	116.9155	182.3724	61.7275	5.7963E-3	394.6209	1539.4514	5.7641E-3	61.7275	
demographic.popSize99	115.0617	175.7775	61.2415	2.1567E-3	391.5552	1699.8326	0.0164	61.252	
demographic.popSize100	115.2756	188.6429	60.1638	1.0678E-3	392.2789	1525.0058	8.7323E-4	60.1638	
demographic.popSize101	116.3487	177.8352	60.7811	6.6452E-3	404.9097	1663.8474	9.9896E-3	60.7837	
demographic.popSize102	114.6593	169.8564	61.2295	2.9974E-3	398.0099	1628.7965	4.963E-3	61.2295	
demographic.popSize103	115.0392	178.3932	60.5791	5.5965E-3	398.003	1606.8976	5.5965E-3	60.582	
demographic.popSize104	117.0853	187.6319	62.0198	2.2745E-3	399.6446	1632.4571	2.2745E-3	62.0198	
demographic.popSize105	115.1911	177.5204	60.8771	0.0287	395.7657	1686.2559	0.0225	60.8798	
demographic.popSize106	115.6415	185.0311	61.2131	1.7106E-3	396.5823	1597.5139	5.2797E-3	61.2146	
demographic.popSize107	114.651	186.7769	60.4238	2.2837E-3	391.0903	1584.8764	2.1659E-3	60.4238	
demographic.popSize108	116.6915	199.0666	61.9033	3.0926E-3	396.4515	1687.7722	0.0155	61.9125	
demographic.popSize109	117.422	189.289	60.9966	4.8747E-3	404.728	1607.2412	8.1627E-3	60.9966	
demographic.popSize110	114.8468	188.1097	60.2963	9.5207E-4	387.2851	1582.6451	7.7457E-3	60.3012	
demographic.popSize111	115.0173	178.0313	61.5558	1.4332E-3	394.6659	1705.3186	0.0143	61.5604	
demographic.popSize112	115.2417	182.7262	60.4631	6.8039E-4	386.8701	1538.7085	6.8039E-4	60.4631	
demographic.popSize113	116.1586	181.3848	60.349	2.1062E-3	403.2885	1619.8195	0.0247	60.3575	
demographic.popSize114	116.4573	175.6553	61.8843	1.2491E-3	400.5886	1515.074	0.0282	61.9066	
demographic.popSize115	113.8784	177.9059	59.8123	4.9129E-4	394.3026	1650.6113	9.8056E-4	59.8123	
demographic.popSize116	113.0956	184.016	59.9325	3.1908E-4	385.0905	1700.8126	2.8627E-3	59.9333	
demographic.popSize117	113.9608	173.937	61.1722	7.7197E-4	392.8462	1599.8247	8.8486E-3	61.1722	
demographic.popSize118	116.4772	181.2893	61.3141	1.5929E-3	402.8198	1639.587	1.5929E-3	61.3141	
demographic.popSize119	115.8669	184.1617	60.9555	2.9039E-3	393.2041	1675.5581	2.7766E-3	60.9555	
demographic.popSize120	116.1301	179.5412	61.129	1.553E-3	403.8245	1623.8015	1.193E-3	61.129	
demographic.popSize121	114.9846	181.129	61.2782	5.8178E-3	395.0299	1683.2754	1.5439E-3	61.2782	
demographic.popSize122	116.9237	187.9893	61.8697	5.1591E-3	401.2321	1673.8921	9.6992E-3	61.8756	
demographic.popSize123	115.1294	183.7647	60.8278	6.4801E-4	399.3611	1692.7737	6.4801E-4	60.8278	
demographic.popSize124	116.3191	179.9784	61.2374	3.6128E-3	393.9683	1544.3698	3.6128E-3	61.2374	
demographic.popSize125	117.1061	180.7648	61.8437	3.0269E-3	401.4653	1627.4028	0.0269	61.853	
demographic.popSize126	116.3094	190.2321	60.4374	2.4705E-3	401.6462	1561.6495	2.4705E-3	60.4374	
demographic.popSize127	115.633	180.955	60.7021	2.7298E-3	396.7793	1581.3152	4.4431E-3	60.7021	
demographic.popSize128	116.84	187.507	61.5167	9.2705E-4	404.7991	1619.3494	0.0123	61.5221	
demographic.popSize129	116.5938	185.2071	61.9627	0.0106	409.2214	1638.4094	0.0163	61.9627	
demographic.popSize130	114.1224	186.9145	59.6212	6.7016E-3	382.5671	1692.2885	0.0132	59.6265	
demographic.popSize131	115.0154	182.969	61.2749	6.752E-3	395.5575	1698.2452	0.019	61.2836	
demographic.popSize132	117.575	192.9409	61.3744	4.9009E-4	402.5755	1550.5593	3.7193E-3	61.3744	
demographic.popSize133	115.4543	190.3404	60.925	1.9378E-3	399.0369	1682.0152	4.6113E-3	60.925	
demographic.popSize134	114.9444	178.2924	60.8824	3.0729E-3	394.5262	1720.063	8.202E-3	60.8869	
demographic.popSize135	116.2373	193.2926	60.9544	2.1833E-3	400.3326	1689.6355	0.0144	60.957	
demographic.popSize136	115.5032	179.4655	61.4008	2.0415E-3	395.374	1716.8682	2.0415E-3	61.4008	
demographic.popSize137	115.1666	182.4604	60.5384	1.2312E-3	399.797	1689.7278	1.2312E-3	60.5384	
demographic.popSize138	115.2797	180.9874	59.9854	1.1158E-3	405.7514	1646.0355	0.02	60.0032	
demographic.popSize139	115.8624	183.7306	60.9614	2.7891E-3	396.2092	1628.03	2.7891E-3	60.9614	
demographic.popSize140	116.7187	184.9289	61.1154	5.2413E-4	403.5934	1584.3409	5.9378E-3	61.1186	
demographic.popSize141	114.7059	177.3425	61.6767	4.3027E-3	390.4433	1680.0272	4.8699E-3	61.6767	
demographic.popSize142	116.0554	187.618	59.6124	4.0728E-4	396.085	1714.3685	0.0201	59.6231	
demographic.popSize143	115.1446	182.2703	60.1324	2.339E-3	398.4861	1596.7557	2.339E-3	60.1324	
demographic.popSize144	115.2586	184.4074	60.7678	9.8228E-3	403.0749	1578.3682	0.02	60.7682	
demographic.popSize145	114.6456	176.8194	60.4195	6.6926E-4	392.2035	1670.8395	4.6218E-4	60.4195	
demographic.popSize146	114.5882	175.9449	60.8548	2.9533E-3	398.6498	1703.9059	2.9533E-3	60.8548	
demographic.popSize147	115.5499	182.2349	61.3602	1.3809E-5	394.7204	1655.3886	1.3809E-5	61.3602	
demographic.popSize148	115.5235	182.8478	60.2723	3.1451E-3	398.0969	1559.0833	3.1451E-3	60.2723	
demographic.popSize149	114.8023	173.2304	61.811	1.1104E-3	393.1916	1657.6367	5.5438E-3	61.811	
demographic.popSize150	115.891	186.1834	60.2896	7.2586E-3	401.3271	1699.9188	0.0158	60.2903	
demographic.popSize151	115.8569	192.2897	61.0213	2.0021E-3	398.045	1657.1549	1.2419E-3	61.0213	
demographic.popSize152	115.0336	186.1089	59.7789	7.6832E-3	394.3146	1564.1702	0.0197	59.7901	
demographic.popSize153	115.3956	174.9497	60.8024	2.651E-3	400.2302	1539.3273	2.651E-3	60.8027	
demographic.popSize154	116.1428	183.4948	61.3045	7.3104E-3	399.4177	1562.5492	3.5428E-3	61.3045	
demographic.popSize155	116.5674	184.5153	61.1702	2.1279E-3	396.5528	1507.3169	2.1279E-3	61.1702	
demographic.popSize156	114.8732	180.6386	60.6002	2.344E-3	395.4273	1528.0607	2.344E-3	60.6002	
demographic.popSize157	114.6889	181.7409	60.501	7.6982E-4	395.5703	1598.5637	0.0635	60.5527	
demographic.popSize158	115.7715	177.6815	61.1649	4.505E-3	407.2165	1654.8872	0.0254	61.1764	
demographic.popSize159	114.1989	184.7339	59.8883	9.1142E-4	385.9958	1715.0275	0.0313	59.9133	
demographic.popSize160	115.0838	180.223	60.3674	6.6477E-3	396.8747	1773.3164	0.0103	60.3696	
demographic.popSize161	117.1375	190.8268	60.591	2.43E-3	401.8546	1503.3583	4.6613E-3	60.591	
demographic.popSize162	115.7587	183.0584	60.9055	9.6437E-4	395.8419	1622.8592	4.7163E-4	60.9055	
demographic.popSize163	116.5369	210.8215	60.0812	1.2259E-3	401.107	1719.0165	1.2259E-3	60.0812	
demographic.popSize164	114.9915	181.03	60.4353	1.416E-3	388.3934	1606.7733	0.0107	60.4404	
demographic.popSize165	116.53	181.6016	62.1809	1.8878E-3	401.8601	1593.2543	1.8878E-3	62.1809	
demographic.popSize166	117.0925	197.2646	61.3746	1.4023E-4	406.8246	1664.1595	5.0967E-3	61.3757	
demographic.popSize167	116.4139	187.4635	61.292	4.0746E-3	403.0482	1675.7994	4.0746E-3	61.292	
demographic.popSize168	114.8492	182.3844	60.6523	7.6218E-4	396.3921	1715.0945	7.3623E-3	60.6569	
demographic.popSize169	116.1181	183.713	60.8045	3.0909E-3	400.09	1657.2194	3.9562E-3	60.805	
demographic.popSize170	115.507	178.1841	61.0563	5.3785E-3	397.4018	1637.6261	1.0384E-3	61.0563	
demographic.popSize171	114.5825	177.6889	60.8811	4.1183E-4	396.166	1787.0268	4.1183E-4	60.8811	
demographic.popSize172	116.4146	183.276	61.1966	3.9365E-3	399.93	1685.0429	0.0391	61.2304	
demographic.popSize173	117.0544	185.9723	61.5065	5.6366E-3	407.043	1780.4388	3.1177E-4	61.5065	
demographic.popSize174	116.0029	175.517	61.2858	6.0022E-3	407.786	1632.3723	6.6918E-3	61.2858	
demographic.popSize175	115.0614	181.3179	60.0363	6.8531E-4	402.864	1658.6553	5.7941E-5	60.0363	
demographic.popSize176	115.1384	180.7696	60.4063	6.268E-3	403.3689	1640.0732	0.017	60.4088	
demographic.popSize177	115.7848	183.7789	61.4695	5.8816E-4	394.5319	1811.8543	0.0183	61.4751	
demographic.popSize178	115.0453	204.8835	59.3339	8.6468E-5	385.3728	1643.8232	8.6468E-5	59.3339	
demographic.popSize179	116.2992	179.2518	61.4027	9.1345E-3	401.5578	1598.322	6.935E-3	61.4027	
demographic.popSize180	115.0923	179.8029	60.4526	4.0909E-3	396.5	1548.2772	0.0615	60.4853	
demographic.popSize181	116.1829	183.7509	60.7121	6.0466E-4	399.6218	1506.6809	6.9657E-3	60.7121	
demographic.popSize182	114.4661	169.615	61.831	1.4933E-3	388.6872	1635.6832	9.7456E-4	61.831	
demographic.popSize183	114.6542	176.7189	61.1074	0.01	393.1431	1702.9558	0.0158	61.1136	
demographic.popSize184	114.9724	186.9978	59.5595	8.991E-4	393.0433	1668.6114	8.991E-4	59.5595	
demographic.popSize185	116.5876	195.107	61.1026	9.8985E-4	398.8728	1566.2302	9.8985E-4	61.1026	
demographic.popSize186	117.0512	193.0515	60.8684	1.6122E-3	404.6675	1697.8658	0.0237	60.8878	
demographic.popSize187	114.6441	181.1212	61.0616	1.0551E-3	387.7426	1698.6371	1.0551E-3	61.0616	
demographic.popSize188	117.6988	188.2779	60.9496	5.6925E-4	405.3589	1693.7429	5.5662E-3	60.9496	
demographic.popSize189	115.045	184.9158	60.3858	0.0102	392.9218	1753.9484	8.2206E-3	60.3858	
demographic.popSize190	115.9189	187.0508	61.4353	7.3907E-4	396.4102	1514.2579	7.3907E-4	61.4353	
demographic.popSize191	114.9057	181.2817	61.2623	8.4043E-4	397.3587	1593.2874	8.4043E-4	61.2623	
demographic.popSize192	113.5507	176.5858	60.513	2.3484E-3	382.7108	1709.4786	4.1906E-3	60.513	
demographic.popSize193	115.2424	178.7372	60.2034	0.0101	401.329	1553.5359	0.0121	60.2102	
demographic.popSize194	117.5784	198.366	61.4129	2.2481E-3	401.5888	1582.349	4.4185E-3	61.4129	
demographic.popSize195	115.2885	175.2673	60.69	3.4274E-3	402.1704	1690.7597	7.8193E-3	60.6922	
demographic.popSize196	115.3401	179.8647	60.3572	4.6165E-3	396.888	1419.9559	0.0179	60.3689	
demographic.popSize197	114.0206	181.7839	60.1912	1.1712E-3	389.2496	1726.3282	1.1712E-3	60.1912	
demographic.popSize198	113.2129	177.5828	58.2918	5.012E-3	391.1748	1649.6964	7.2968E-3	58.2918	
demographic.popSize199	112.7619	184.1901	58.1309	2.9804E-3	391.5424	1681.7201	3.0409E-3	58.1309	
demographic.popSize200	111.4585	177.14	56.1248	5.3394E-3	389.2517	1703.4144	9.8325E-3	56.1276	
demographic.indicators1	2.5993E-3	0.0509	0	0	0	5742.2168	0	0	
demographic.indicators2	5.36E-4	0.0231	0	0	0	57857.6409	0	0	
demographic.indicators3	1.2247E-3	0.035	0	0	0	5395.5614	0	0	
demographic.indicators4	9.3667E-4	0.0306	0	0	0	2472.6987	0	0	
demographic.indicators5	4.7667E-4	0.0218	0	0	0	66807.8212	0	0	
demographic.indicators6	1.1633E-3	0.0341	0	0	0	1614.9233	0	0	
demographic.indicators7	2.8E-4	0.0167	0	0	0	99603.3847	0	0	
demographic.indicators8	3.86E-4	0.0196	0	0	0	66632.4682	0	0	
demographic.indicators9	2.2667E-4	0.0151	0	0	0	1.0118E5	0	0	
demographic.indicators10	0.0191	0.1367	0	0	0	431.3023	0	0	
demographic.indicators11	4.8067E-4	0.0219	0	0	0	18186.5861	0	0	
demographic.indicators12	3.5067E-4	0.0187	0	0	0	29627.7129	0	0	
demographic.indicators13	0.0277	0.1642	0	0	0	399.5564	0	0	
demographic.indicators14	1.6373E-3	0.0404	0	0	0	1223.4571	0	0	
demographic.indicators15	8.028E-3	0.0892	0	0	0	796.7068	0	0	
demographic.indicators16	0.0358	0.1858	0	0	0	392.2742	0	0	
demographic.indicators17	0.064	0.2447	0	0	1	388.7746	0	0	
demographic.indicators18	0.0886	0.2842	0	0	1	400.019	0	0	
demographic.indicators19	0.0272	0.1625	0	0	0	413.9458	0	0	
demographic.indicators20	0.0233	0.1509	0	0	0	459.0059	0	0	
demographic.indicators21	0.1407	0.3477	0	0	1	390.8514	0	0	
demographic.indicators22	0.042	0.2006	0	0	0	419.941	0	0	
demographic.indicators23	0.1136	0.3174	0	0	1	402.087	0	0	
demographic.indicators24	0.1758	0.3807	0	0	1	389.3998	0	0	
demographic.indicators25	0.0768	0.2663	0	0	1	417.8284	0	0	
demographic.indicators26	0.0625	0.2421	0	0	1	468.2843	0	0	
demographic.indicators27	0.1244	0.3301	0	0	1	421.7562	0	0	
demographic.indicators28	0.058	0.2337	0	0	1	632.4682	0	0	
demographic.indicators29	0.0571	0.232	0	0	1	618.0899	0	0	
demographic.indicators30	0.0653	0.247	0	0	1	666.662	0	0	
demographic.indicators31	0.0447	0.2066	0	0	0	1007.7607	0	0	
demographic.indicators32	0.0524	0.2228	0	0	1	798.7754	0	0	
demographic.indicators33	0.0391	0.1938	0	0	0	881.6534	0	0	
demographic.indicators34	0.0395	0.1949	0	0	0	806.5024	0	0	
demographic.indicators35	0.0291	0.1681	0	0	0	1031.9792	0	0	
demographic.indicators36	0.0358	0.1857	0	0	0	862.6441	0	0	
demographic.indicators37	0.0222	0.1473	0	0	0	907.8709	0	0	
demographic.indicators38	0.0236	0.1518	0	0	0	1142.5817	0	0	
demographic.indicators39	0.0205	0.1418	0	0	0	1078.4298	0	0	
demographic.indicators40	0.021	0.1433	0	0	0	969.532	0	0	
demographic.indicators41	0.0152	0.1223	0	0	0	1365.6161	0	0	
demographic.indicators42	0.0168	0.1287	0	0	0	1372.0643	0	0	
demographic.indicators43	0.0148	0.1208	0	0	0	1695.1527	0	0	
demographic.indicators44	0.015	0.1217	0	0	0	2039.3178	0	0	
demographic.indicators45	0.0144	0.1192	0	0	0	1186.5776	0	0	
demographic.indicators46	0.0198	0.1392	0	0	0	1110.2881	0	0	
demographic.indicators47	0.0228	0.1491	0	0	0	939.6555	0	0	
demographic.indicators48	0.0153	0.1229	0	0	0	1514.754	0	0	
demographic.indicators49	0.0148	0.1209	0	0	0	1197.3464	0	0	
demographic.indicators50	0.0117	0.1076	0	0	0	1155.7352	0	0	
demographic.indicators51	8.96E-3	0.0942	0	0	0	1538.0389	0	0	
demographic.indicators52	0.0124	0.1106	0	0	0	1406.8294	0	0	
demographic.indicators53	7.1813E-3	0.0844	0	0	0	2537.9142	0	0	
demographic.indicators54	0.0121	0.1092	0	0	0	1240.1059	0	0	
demographic.indicators55	0.0107	0.1028	0	0	0	1268.5461	0	0	
demographic.indicators56	5.8587E-3	0.0763	0	0	0	2549.6436	0	0	
demographic.indicators57	0.0126	0.1115	0	0	0	2324.6127	0	0	
demographic.indicators58	8.7947E-3	0.0934	0	0	0	1666.2764	0	0	
demographic.indicators59	0.0101	0.1001	0	0	0	1699.2036	0	0	
demographic.indicators60	0.0101	0.0998	0	0	0	1317.6318	0	0	
demographic.indicators61	0.0144	0.119	0	0	0	1844.1323	0	0	
demographic.indicators62	0.0105	0.1018	0	0	0	1661.4869	0	0	
demographic.indicators63	6.9247E-3	0.0829	0	0	0	1559.3116	0	0	
demographic.indicators64	0.014	0.1176	0	0	0	1021.4276	0	0	
demographic.indicators65	9.2867E-3	0.0959	0	0	0	1364.5298	0	0	
demographic.indicators66	5.4867E-3	0.0739	0	0	0	2895.7448	0	0	
demographic.indicators67	0.011	0.1044	0	0	0	1106.1679	0	0	
demographic.indicators68	0.011	0.1042	0	0	0	1234.4402	0	0	
demographic.indicators69	7.282E-3	0.085	0	0	0	1473.1892	0	0	
demographic.indicators70	6.596E-3	0.0809	0	0	0	1550.0322	0	0	
demographic.indicators71	7.3133E-3	0.0852	0	0	0	1723.2462	0	0	
demographic.indicators72	5.936E-3	0.0768	0	0	0	2443.9294	0	0	
demographic.indicators73	5.6473E-3	0.0749	0	0	0	2597.6624	0	0	
demographic.indicators74	5.95E-3	0.0769	0	0	0	2398.89	0	0	
demographic.indicators75	0.0105	0.1022	0	0	0	1435.158	0	0	
demographic.indicators76	6.1813E-3	0.0784	0	0	0	2261.9385	0	0	
demographic.indicators77	0.0173	0.1305	0	0	0	1091.2807	0	0	
demographic.indicators78	6.442E-3	0.08	0	0	0	1569.4065	0	0	
demographic.indicators79	6.326E-3	0.0793	0	0	0	1956.6515	0	0	
demographic.indicators80	7.2787E-3	0.085	0	0	0	2016.7221	0	0	
demographic.indicators81	4.3747E-3	0.066	0	0	0	2717.6195	0	0	
demographic.indicators82	4.048E-3	0.0635	0	0	0	1899.6362	0	0	
demographic.indicators83	6.5807E-3	0.0809	0	0	0	2074.7515	0	0	
demographic.indicators84	4.8827E-3	0.0697	0	0	0	2694.0728	0	0	
demographic.indicators85	6.248E-3	0.0788	0	0	0	1510.1937	0	0	
demographic.indicators86	5.2647E-3	0.0724	0	0	0	3540.5696	0	0	
demographic.indicators87	2.9747E-3	0.0545	0	0	0	2958.2133	0	0	
demographic.indicators88	5.6853E-3	0.0752	0	0	0	1180.1457	0	0	
demographic.indicators89	5.4887E-3	0.0739	0	0	0	1923.8645	0	0	
demographic.indicators90	5.368E-3	0.0731	0	0	0	3759.3956	0	0	
demographic.indicators91	4.2633E-3	0.0652	0	0	0	3065.6714	0	0	
demographic.indicators92	3.0053E-3	0.0547	0	0	0	6023.293	0	0	
demographic.indicators93	6.7427E-3	0.0818	0	0	0	1515.3825	0	0	
demographic.indicators94	4.2653E-3	0.0652	0	0	0	1895.7496	0	0	
demographic.indicators95	2.934E-3	0.0541	0	0	0	3133.8441	0	0	
demographic.indicators96	7.3033E-3	0.0851	0	0	0	1241.3021	0	0	
demographic.indicators97	5.5253E-3	0.0741	0	0	0	2197.937	0	0	
demographic.indicators98	2.876E-3	0.0536	0	0	0	5997.5222	0	0	
demographic.indicators99	3.2933E-3	0.0573	0	0	0	3014.2745	0	0	
demographic.indicators100	3.0133E-3	0.0548	0	0	0	5256.1262	0	0	
demographic.indicators101	4.9007E-3	0.0698	0	0	0	1370.8698	0	0	
demographic.indicators102	4.1053E-3	0.0639	0	0	0	2017.5693	0	0	
demographic.indicators103	2.5813E-3	0.0507	0	0	0	6151.9456	0	0	
demographic.indicators104	3.532E-3	0.0593	0	0	0	2928.1377	0	0	
demographic.indicators105	7.1327E-3	0.0842	0	0	0	1618.1461	0	0	
demographic.indicators106	1.4727E-3	0.0383	0	0	0	7641.0438	0	0	
demographic.indicators107	4.872E-3	0.0696	0	0	0	2928.4128	0	0	
demographic.indicators108	2.1073E-3	0.0459	0	0	0	11069.9607	0	0	
demographic.indicators109	3.3027E-3	0.0574	0	0	0	4506.2299	0	0	
demographic.indicators110	2.6393E-3	0.0513	0	0	0	5144.1993	0	0	
demographic.indicators111	4.4967E-3	0.0669	0	0	0	3321.6156	0	0	
demographic.indicators112	2.1E-3	0.0458	0	0	0	11970.7856	0	0	
demographic.indicators113	6.97E-3	0.0832	0	0	0	1168.4508	0	0	
demographic.indicators114	2.9687E-3	0.0544	0	0	0	4658.6974	0	0	
demographic.indicators115	3.2327E-3	0.0568	0	0	0	4452.3368	0	0	
demographic.indicators116	4.618E-3	0.0678	0	0	0	3736.8379	0	0	
demographic.indicators117	4.5167E-3	0.0671	0	0	0	994.4137	0	0	
demographic.indicators118	4.4207E-3	0.0663	0	0	0	1863.7658	0	0	
demographic.indicators119	3.0953E-3	0.0555	0	0	0	7255.9183	0	0	
demographic.indicators120	4.7433E-3	0.0687	0	0	0	2139.0148	0	0	
demographic.indicators121	3.1967E-3	0.0564	0	0	0	3302.7399	0	0	
demographic.indicators122	3.92E-3	0.0625	0	0	0	1968.3143	0	0	
demographic.indicators123	3.6147E-3	0.06	0	0	0	1800.3543	0	0	
demographic.indicators124	3.9807E-3	0.063	0	0	0	3113.8896	0	0	
demographic.indicators125	3.304E-3	0.0574	0	0	0	6463.7235	0	0	
demographic.indicators126	4.4113E-3	0.0663	0	0	0	2837.4305	0	0	
demographic.indicators127	4.1373E-3	0.0642	0	0	0	3008.7126	0	0	
demographic.indicators128	4.4307E-3	0.0664	0	0	0	1769.7275	0	0	
demographic.indicators129	5.0447E-3	0.0708	0	0	0	2081.2111	0	0	
demographic.indicators130	2.978E-3	0.0545	0	0	0	3951.7258	0	0	
demographic.indicators131	3.0713E-3	0.0553	0	0	0	5276.4222	0	0	
demographic.indicators132	4.102E-3	0.0639	0	0	0	3072.4698	0	0	
demographic.indicators133	2.5127E-3	0.0501	0	0	0	5843.8361	0	0	
demographic.indicators134	1.7127E-3	0.0413	0	0	0	16513.2023	0	0	
demographic.indicators135	3.4773E-3	0.0589	0	0	0	2707.402	0	0	
demographic.indicators136	1.962E-3	0.0443	0	0	0	14436.4039	0	0	
demographic.indicators137	3.0227E-3	0.0549	0	0	0	3001.5633	0	0	
demographic.indicators138	4.3787E-3	0.066	0	0	0	2328.1697	0	0	
demographic.indicators139	3.994E-3	0.0631	0	0	0	5300.2703	0	0	
demographic.indicators140	3.5407E-3	0.0594	0	0	0	5200.0532	0	0	
demographic.indicators141	2.6707E-3	0.0516	0	0	0	8934.2493	0	0	
demographic.indicators142	3.3487E-3	0.0578	0	0	0	4139.4904	0	0	
demographic.indicators143	3.0053E-3	0.0547	0	0	0	2402.7901	0	0	
demographic.indicators144	3.3467E-3	0.0578	0	0	0	4984.95	0	0	
demographic.indicators145	2.206E-3	0.0469	0	0	0	7268.4919	0	0	
demographic.indicators146	3.6373E-3	0.0602	0	0	0	3567.4409	0	0	
demographic.indicators147	4.12E-3	0.0641	0	0	0	4362.9626	0	0	
demographic.indicators148	5.2747E-3	0.0724	0	0	0	2703.9575	0	0	
demographic.indicators149	2.2453E-3	0.0473	0	0	0	8622.8119	0	0	
demographic.indicators150	2.9107E-3	0.0539	0	0	0	5312.0482	0	0	
demographic.indicators151	1.7387E-3	0.0417	0	0	0	9257.6498	0	0	
demographic.indicators152	2.8473E-3	0.0533	0	0	0	8816.2345	0	0	
demographic.indicators153	2.834E-3	0.0532	0	0	0	9895.3506	0	0	
demographic.indicators154	2.8127E-3	0.053	0	0	0	7456.4403	0	0	
demographic.indicators155	3.66E-3	0.0604	0	0	0	8246.9783	0	0	
demographic.indicators156	2.532E-3	0.0503	0	0	0	11102.8634	0	0	
demographic.indicators157	3.7447E-3	0.0611	0	0	0	5347.5098	0	0	
demographic.indicators158	2.592E-3	0.0508	0	0	0	6933.6408	0	0	
demographic.indicators159	3.0233E-3	0.0549	0	0	0	6001.0454	0	0	
demographic.indicators160	3.0167E-3	0.0548	0	0	0	11581.1639	0	0	
demographic.indicators161	1.9487E-3	0.0441	0	0	0	16733.0236	0	0	
demographic.indicators162	3.1393E-3	0.0559	0	0	0	6932.3202	0	0	
demographic.indicators163	2.9233E-3	0.054	0	0	0	12861.7087	0	0	
demographic.indicators164	4.6513E-3	0.068	0	0	0	2808.0302	0	0	
demographic.indicators165	2.546E-3	0.0504	0	0	0	16844.938	0	0	
demographic.indicators166	2.7627E-3	0.0525	0	0	0	7164.8472	0	0	
demographic.indicators167	3.916E-3	0.0625	0	0	0	5690.1013	0	0	
demographic.indicators168	2.8233E-3	0.0531	0	0	0	11572.7651	0	0	
demographic.indicators169	4.5767E-3	0.0675	0	0	0	5245.7823	0	0	
demographic.indicators170	2.7607E-3	0.0525	0	0	0	14370.5029	0	0	
demographic.indicators171	3.3753E-3	0.058	0	0	0	9204.9627	0	0	
demographic.indicators172	2.732E-3	0.0522	0	0	0	6812.4992	0	0	
demographic.indicators173	3.1913E-3	0.0564	0	0	0	6709.9993	0	0	
demographic.indicators174	3.536E-3	0.0594	0	0	0	4713.1907	0	0	
demographic.indicators175	3.1573E-3	0.0561	0	0	0	14232.0069	0	0	
demographic.indicators176	3.1507E-3	0.056	0	0	0	15747.168	0	0	
demographic.indicators177	3.0333E-3	0.055	0	0	0	9214.6469	0	0	
demographic.indicators178	3.232E-3	0.0568	0	0	0	15691.7379	0	0	
demographic.indicators179	2.6227E-3	0.0511	0	0	0	18070.8156	0	0	
demographic.indicators180	3.0873E-3	0.0555	0	0	0	9261.963	0	0	
demographic.indicators181	3.516E-3	0.0592	0	0	0	5558.8464	0	0	
demographic.indicators182	3.924E-3	0.0625	0	0	0	8990.8328	0	0	
demographic.indicators183	4.3287E-3	0.0657	0	0	0	8432.5545	0	0	
demographic.indicators184	3.5687E-3	0.0596	0	0	0	14585.487	0	0	
demographic.indicators185	3.7733E-3	0.0613	0	0	0	15315.4601	0	0	
demographic.indicators186	5.6E-3	0.0746	0	0	0	4962.5172	0	0	
demographic.indicators187	5.2287E-3	0.0721	0	0	0	3587.839	0	0	
demographic.indicators188	4.8453E-3	0.0694	0	0	0	14120.7204	0	0	
demographic.indicators189	4.3287E-3	0.0657	0	0	0	17370.18	0	0	
demographic.indicators190	6.9387E-3	0.083	0	0	0	6303.8563	0	0	
demographic.indicators191	6.338E-3	0.0794	0	0	0	12385.7059	0	0	
demographic.indicators192	5.9313E-3	0.0768	0	0	0	16604.2622	0	0	
demographic.indicators193	7.4673E-3	0.0861	0	0	0	12244.3932	0	0	
demographic.indicators194	9.3133E-3	0.0961	0	0	0	13942.7106	0	0	
demographic.indicators195	0.0128	0.1124	0	0	0	5302.4248	0	0	
demographic.indicators196	0.0149	0.1212	0	0	0	6816.2057	0	0	
demographic.indicators197	0.0224	0.1479	0	0	0	4981.899	0	0	
demographic.indicators198	0.0381	0.1915	0	0	0	2593.0047	0	0	
demographic.indicators199	0.0551	0.2282	0	0	1	2660.0709	0	0	
kappa	2.549	0.1613	2.5444	2.2293	2.8594	42227.8982	2.4279	2.6447	
frequencies1	0.2856	9.9291E-3	0.2855	0.2664	0.3054	26373.2764	0.2786	0.292	
frequencies2	0.1988	8.4871E-3	0.1987	0.1823	0.2155	19606.4147	0.1929	0.2044	
frequencies3	0.2012	8.5568E-3	0.2011	0.1841	0.2177	26263.8209	0.1954	0.2068	
frequencies4	0.3144	0.0104	0.3145	0.2939	0.3347	23967.9073	0.3071	0.3211	
alpha	0.5383	0.0427	0.5365	0.457	0.6236	62277.1077	0.5048	0.5618	
default.ucld.mean	1.0615E-3	2.6997E-4	1.0259E-3	5.6731E-4	1.601E-3	502.85	8.2466E-4	1.1458E-3	
default.ucld.stdev	3.6989E-3	1.8599E-3	3.261E-3	1.0796E-3	7.3016E-3	632.1645	1.8975E-3	3.6439E-3	
host_groups.ucld.mean	7.7961E-3	1.935E-3	7.6245E-3	4.1909E-3	0.0116	989.8689	6.0729E-3	8.5925E-3	
host_groups.ucld.stdev	0.0105	0.0101	7.9018E-3	4.3873E-8	0.0292	1257.7064	1.2304E-6	7.9028E-3	
default.meanRate	8.3958E-4	1.4611E-4	8.3879E-4	5.5318E-4	1.1225E-3	482.368	7.4227E-4	9.4271E-4	
default.coefficientOfVariation	2.4091	0.4805	2.3396	1.5836	3.3748	638.5103	1.9076	2.5138	
default.covariance	0.0162	0.052	6.191E-3	-0.0664	0.1188	2193.504	-0.0313	0.022	
host_groups.meanRate	8.2461E-3	2.4363E-3	7.9282E-3	4.0629E-3	0.013	1115.7151	6.0605E-3	8.9383E-3	
host_groups.coefficientOfVariation	1.1683	0.8216	1.0373	4.8599E-6	2.7252	1065.9953	8.7371E-6	1.0373	
host_groups.covariance	-0.001	0.0492	-0.0057	-0.0909	0.1006	24847.5953	-0.0431	0.0182	
host_groups.rates.Amaranthaceae.Brassicaceae	0.8378	0.7661	0.6344	3.8359E-7	2.2858	17419.8401	0.0542	0.682	
host_groups.rates.Amaranthaceae.Fabaceae	1.8879	0.9619	1.7305	0.2852	3.7956	7862.9861	0.8991	2.0387	
host_groups.rates.Amaranthaceae.Poaceae	1.2427	0.7424	1.0979	0.0964	2.7258	8070.8718	0.4936	1.3218	
host_groups.rates.Amaranthaceae.Solanaceae	0.8687	0.9136	0.5767	1.9124E-5	2.6969	19481.4057	2.3295E-5	0.5768	
host_groups.rates.Brassicaceae.Fabaceae	0.8552	0.8674	0.5952	8.8062E-6	2.5627	20543.7919	8.8062E-6	0.5952	
host_groups.rates.Brassicaceae.Poaceae	1.1282	0.7273	0.9703	0.0679	2.5557	11472.7183	0.346	1.1211	
host_groups.rates.Brassicaceae.Solanaceae	1.2734	0.8498	1.1102	2.3274E-4	2.885	7551.8062	0.3967	1.3567	
host_groups.rates.Fabaceae.Poaceae	1.2082	0.7557	1.0628	5.8407E-4	2.6377	6076.766	0.4407	1.281	
host_groups.rates.Fabaceae.Solanaceae	0.8435	0.8449	0.5934	1.2991E-4	2.4986	18337.2145	1.1505E-3	0.5941	
host_groups.rates.Poaceae.Solanaceae	0.9585	0.7872	0.7736	1.6403E-4	2.4496	15484.4502	0.081	0.8504	
host_groups.rates.Brassicaceae.Amaranthaceae	0.8332	0.9189	0.5268	8.7819E-7	2.6866	16800.1925	8.7819E-7	0.5268	
host_groups.rates.Fabaceae.Amaranthaceae	0.821	0.8589	0.559	5.911E-5	2.5178	16689.2133	1.0716E-4	0.559	
host_groups.rates.Poaceae.Amaranthaceae	0.8373	0.9095	0.5389	5.2241E-5	2.6644	16620.5376	9.0378E-5	0.539	
host_groups.rates.Solanaceae.Amaranthaceae	0.7616	0.8679	0.4689	8.3065E-6	2.5014	15347.2644	1.0431E-5	0.4689	
host_groups.rates.Fabaceae.Brassicaceae	0.9811	0.7638	0.815	1.7143E-6	2.403	10559.9643	0.191	0.9713	
host_groups.rates.Poaceae.Brassicaceae	0.9338	0.791	0.7321	1.0185E-4	2.4529	8212.9002	0.0738	0.7931	
host_groups.rates.Solanaceae.Brassicaceae	0.9077	0.8773	0.6602	2.6977E-6	2.6154	15555.3552	2.6977E-6	0.6602	
host_groups.rates.Poaceae.Fabaceae	1.0435	0.9033	0.814	8.7223E-5	2.7925	8566.4517	1.7449E-3	0.8153	
host_groups.rates.Solanaceae.Fabaceae	0.835	0.8113	0.6034	1.6143E-5	2.4002	17270.9088	4.0068E-4	0.6036	
host_groups.rates.Solanaceae.Poaceae	0.8479	0.9057	0.5539	1.8639E-5	2.6625	18500.4474	3.4897E-5	0.5539	
host_groups.indicators.Amaranthaceae.Brassicaceae	0.6027	0.4893	1	0	1	2207.2134	1	1	
host_groups.indicators.Amaranthaceae.Fabaceae	0.9956	0.0664	1	1	1	8118.637	1	1	
host_groups.indicators.Amaranthaceae.Poaceae	0.9685	0.1746	1	1	1	3403.9738	1	1	
host_groups.indicators.Amaranthaceae.Solanaceae	0.2479	0.4318	0	0	1	4794.0151	0	0	
host_groups.indicators.Brassicaceae.Fabaceae	0.3939	0.4886	0	0	1	6208.9963	0	0	
host_groups.indicators.Brassicaceae.Poaceae	0.9888	0.1051	1	1	1	4589.7836	1	1	
host_groups.indicators.Brassicaceae.Solanaceae	0.9007	0.299	1	0	1	1258.3957	1	1	
host_groups.indicators.Fabaceae.Poaceae	0.9493	0.2193	1	0	1	4572.3954	1	1	
host_groups.indicators.Fabaceae.Solanaceae	0.4179	0.4932	0	0	1	3308.2076	0	0	
host_groups.indicators.Poaceae.Solanaceae	0.6859	0.4641	1	0	1	2146.8247	1	1	
host_groups.indicators.Brassicaceae.Amaranthaceae	0.2647	0.4412	0	0	1	19924.874	0	0	
host_groups.indicators.Fabaceae.Amaranthaceae	0.4013	0.4902	0	0	1	4374.0206	0	0	
host_groups.indicators.Poaceae.Amaranthaceae	0.3121	0.4634	0	0	1	15818.224	0	0	
host_groups.indicators.Solanaceae.Amaranthaceae	0.386	0.4868	0	0	1	10387.1235	0	0	
host_groups.indicators.Fabaceae.Brassicaceae	0.7272	0.4454	1	0	1	1125.8934	1	1	
host_groups.indicators.Poaceae.Brassicaceae	0.7223	0.4479	1	0	1	2764.2754	1	1	
host_groups.indicators.Solanaceae.Brassicaceae	0.429	0.4949	0	0	1	3490.5564	0	0	
host_groups.indicators.Poaceae.Fabaceae	0.5743	0.4945	1	0	1	2125.1403	1	1	
host_groups.indicators.Solanaceae.Fabaceae	0.5307	0.4991	1	0	1	4122.827	1	1	
host_groups.indicators.Solanaceae.Poaceae	0.2804	0.4492	0	0	1	7863.7857	0	0	
host_groups.nonZeroRates	11.7793	1.6653	12	9	15	5168.8144	10	12	
default.treeLikelihood	-7946.7878	13.1587	-7946.4886	-7972.697	-7921.1236	2403.7016	-7954.7289	-7937.0844	
default.branchRates	-2382.6079	0	0	0	0	NaN	0	0	
host_groups.branchRates	-2382.6079	0	0	0	0	NaN	0	0	
c_host_groups.count[1]	42.6888	4.7522	42	34	51	2923.8643	38	43	
c_allTransitions[1]	42.6887	4.7495	42	34	51	2918.077	38	43	
coalescent	-1202.6873	38.2222	-1201.155	-1274.5715	-1129.1919	446.4751	-1227.1431	-1175.1761	

