burnIn   <= 0,   maxState  = 150000200
statistic	mean	stdErr	median	hpdLower	hpdUpper	ESS	50hpdLower	50hpdUpper
joint	-14652.5268	167.9735	-14650.8553	-14974.7952	-14327.2994	448.6941	-14761.6377	-14530.232	
prior	-7078.434	166.5405	-7077.8762	-7396.1777	-6754.6831	446.4891	-7189.8007	-6960.2533	
likelihood	-7574.0929	19.1341	-7574.331	-7611.3702	-7535.8478	1219.0682	-7587.2831	-7561.7978	
treeModel.rootHeight	169.9815	50.1458	162.39	88.1091	271.3468	589.6547	120.3683	180.7737	
age(root)	1853.0185	50.1458	1860.61	1751.6532	1934.8909	589.6547	1842.2263	1902.6317	
treeLength	2274.6592	386.5323	2241.8978	1580.2682	3048.1749	441.023	1960.7425	2463.1789	
tmrca(ingroup)	169.9815	50.1458	162.39	88.1091	271.3468	589.6547	120.3683	180.7737	
age(ingroup)	1853.0185	50.1458	1860.61	1751.6532	1934.8909	589.6547	1842.2263	1902.6317	
demographic.populationSizeChanges	2.7639	0.7585	3	2	4	907.2217	2	3	
demographic.populationMean	107.2791	100.9834	79.6297	11.0988	277.3769	483.0701	25.2144	87.3914	
demographic.popSize1	91.9129	125.2214	45.8292	0.5372	321.2296	479.4089	0.5372	45.8292	
demographic.popSize2	107.4224	169.1829	52.164	2.6347E-4	392.1524	1499.0425	3.022E-4	52.164	
demographic.popSize3	107.0184	181.3365	50.3203	8.4939E-4	386.242	1405.3846	5.424E-3	50.3203	
demographic.popSize4	105.7615	179.9935	51.4196	4.0152E-3	390.2734	1485.9272	8.6583E-3	51.4238	
demographic.popSize5	103.8287	168.8215	49.9139	3.7604E-3	383.3847	1411.762	3.7604E-3	49.9139	
demographic.popSize6	105.235	176.6474	50.8829	5.3469E-4	373.5266	1368.7901	3.5861E-3	50.884	
demographic.popSize7	105.6725	177.1338	50.6578	1.8651E-3	380.5724	1351.4237	9.9977E-4	50.6578	
demographic.popSize8	100.4417	156.0993	49.5701	3.7803E-4	360.8173	1719.8458	3.7803E-4	49.5701	
demographic.popSize9	106.496	180.3581	50.4447	1.6585E-4	389.1977	1393.0356	3.3058E-3	50.4447	
demographic.popSize10	101.6851	164.2497	48.3555	2.4743E-3	369.0749	1428.7904	2.4743E-3	48.3555	
demographic.popSize11	93.3796	161.4373	42.9895	1.7429E-4	349.3981	1370.0033	1.7429E-4	42.9895	
demographic.popSize12	95.6506	179.3552	41.9467	1.0739E-3	355.1989	1279.0797	5.8078E-3	41.9501	
demographic.popSize13	102.535	178.9464	46.838	5.2244E-5	374.6841	1361.0443	7.5435E-3	46.8404	
demographic.popSize14	104.0329	183.3804	49.357	1.5905E-3	375.1734	1486.9058	0.0199	49.3579	
demographic.popSize15	96.2489	176.9411	41.7581	4.4305E-3	361.0555	1298.9969	4.4305E-3	41.7581	
demographic.popSize16	95.7066	170.6596	42.9376	2.5383E-3	350.2663	1331.0127	0.026	42.9566	
demographic.popSize17	102.4709	179.4542	48.4268	3.0196E-3	372.9702	1420.6112	0.0278	48.4402	
demographic.popSize18	102.8607	172.3636	47.8895	2.1989E-4	387.2667	1380.2798	6.9009E-3	47.8899	
demographic.popSize19	102.3175	178.0559	48.3292	4.5369E-3	370.4262	1503.33	5.1248E-3	48.3296	
demographic.popSize20	102.899	179.4985	47.0022	1.4404E-4	384.476	1373.4578	1.4404E-4	47.0022	
demographic.popSize21	97.8526	174.3326	44.951	1.9257E-4	361.2305	1348.4687	1.9257E-4	44.951	
demographic.popSize22	106.5796	193.7107	49.7954	1.8058E-4	379.0245	1356.8403	2.9389E-3	49.7967	
demographic.popSize23	105.67	176.7329	51.0184	1.475E-3	389.9233	1449.9735	1.475E-3	51.0184	
demographic.popSize24	107.9554	176.9811	54.1678	4.0195E-3	381.1151	1500.0911	4.9755E-4	54.1678	
demographic.popSize25	107.0172	176.8325	52.5125	1.4759E-4	390.6921	1267.0931	1.4759E-4	52.5125	
demographic.popSize26	105.6008	172.7812	53.1088	1.5073E-3	369.3925	1436.6339	5.8294E-3	53.111	
demographic.popSize27	108.8028	183.2534	54.8457	4.444E-6	381.8571	1355.1433	4.444E-6	54.8457	
demographic.popSize28	109.5841	176.6701	56.5981	4.8883E-4	384.3357	1375.0665	3.9682E-3	56.5981	
demographic.popSize29	108.2922	177.585	53.7774	7.9748E-3	390.3305	1418.0273	7.9748E-3	53.7774	
demographic.popSize30	106.3285	176.5464	53.1792	5.0022E-3	378.0143	1354.6109	6.9517E-3	53.1818	
demographic.popSize31	109.0438	181.2751	55.2162	2.1423E-3	382.441	1472.6004	2.3827E-3	55.2162	
demographic.popSize32	106.8149	177.4412	52.7623	3.0374E-4	385.9747	1459.3809	0.0205	52.7623	
demographic.popSize33	107.3733	185.5326	53.5075	6.7716E-3	375.319	1575.8444	6.7716E-3	53.5075	
demographic.popSize34	108.4883	181.425	54.4008	1.5924E-3	384.6779	1430.5381	2.3023E-3	54.4008	
demographic.popSize35	106.848	173.9626	54.2128	3.3221E-3	378.1863	1489.2669	1.8046E-3	54.2128	
demographic.popSize36	109.0733	181.6644	55.3712	3.8604E-3	385.4865	1479.4683	3.8604E-3	55.3712	
demographic.popSize37	108.9005	179.3885	54.3814	3.7641E-4	382.5731	1476.6826	3.7641E-4	54.3814	
demographic.popSize38	107.2772	181.3028	53.5486	7.403E-4	377.587	1481.1269	2.7334E-3	53.5492	
demographic.popSize39	106.8605	172.4512	54.4367	7.0483E-3	373.8523	1434.9858	8.7486E-3	54.4413	
demographic.popSize40	107.9858	182.5444	53.9819	4.8717E-4	379.6399	1396.0531	0.0135	53.9912	
demographic.popSize41	108.3973	179.5083	55.1703	3.3265E-3	382.218	1418.7132	0.0184	55.1802	
demographic.popSize42	107.2124	175.2953	52.9971	1.035E-4	389.3678	1377.0674	0.0141	53.0092	
demographic.popSize43	108.7827	177.6451	52.2906	8.7624E-4	386.9255	1370.03	8.8068E-3	52.2962	
demographic.popSize44	108.2398	183.0939	52.651	8.7529E-4	384.7111	1416.3172	3.0853E-3	52.651	
demographic.popSize45	106.0232	168.6426	54.115	3.3127E-3	373.997	1524.3332	3.3127E-3	54.115	
demographic.popSize46	108.8869	184.5554	53.9907	3.1315E-3	385.3608	1488.7789	3.1315E-3	53.9907	
demographic.popSize47	107.4558	183.9235	53.5034	2.9341E-4	369.6702	1492.5278	2.9341E-4	53.5034	
demographic.popSize48	108.3857	186.1976	52.7672	4.1906E-4	385.23	1423.362	0.0223	52.7782	
demographic.popSize49	109.7193	193.901	53.7743	5.9773E-3	389.035	1436.7895	0.0136	53.7743	
demographic.popSize50	106.863	169.8371	53.8649	4.4746E-4	377.371	1440.6204	9.1042E-3	53.8667	
demographic.popSize51	107.9828	179.8567	53.2738	5.4586E-3	384.213	1464.1044	0.0353	53.2873	
demographic.popSize52	106.9329	171.6803	53.5307	3.4238E-3	378.1396	1550.3578	3.4238E-3	53.5307	
demographic.popSize53	108.8184	187.4602	53.612	3.2565E-3	381.1757	1372.263	3.2565E-3	53.612	
demographic.popSize54	109.385	181.8513	53.3642	0.0102	379.5548	1363.7224	0.037	53.3828	
demographic.popSize55	107.6331	174.3593	53.3557	8.3594E-5	383.0844	1411.0993	3.6341E-3	53.3585	
demographic.popSize56	108.5176	179.496	53.6085	4.7366E-3	383.5668	1417.3285	9.3962E-3	53.6085	
demographic.popSize57	106.1652	177.1913	53.3922	6.94E-3	373.4195	1423.771	4.9326E-3	53.3922	
demographic.popSize58	108.9042	186.2935	53.0429	2.8975E-4	383.0971	1367.7023	2.8975E-4	53.0429	
demographic.popSize59	108.1096	179.9337	53.5074	5.9873E-4	380.8069	1509.2825	0.0138	53.5158	
demographic.popSize60	107.2213	175.9648	53.3382	4.8832E-3	376.9554	1438.2129	0.0156	53.3483	
demographic.popSize61	108.932	179.9166	53.7295	1.0327E-3	391.328	1399.6888	5.4478E-3	53.7313	
demographic.popSize62	108.7866	183.106	53.3747	0.0121	381.4189	1386.7348	0.013	53.3747	
demographic.popSize63	109.0393	172.2977	54.7234	2.9475E-3	391.8096	1473.8077	0.0102	54.7313	
demographic.popSize64	108.2477	172.6604	53.6918	1.9095E-3	385.2456	1399.965	1.9095E-3	53.6918	
demographic.popSize65	109.3833	182.6646	54.6854	7.8894E-5	386.0371	1430.1225	1.976E-3	54.6854	
demographic.popSize66	108.9273	182.745	52.8621	9.8805E-4	384.952	1477.0552	9.8805E-4	52.8621	
demographic.popSize67	109.2698	178.5947	53.9774	4.3511E-3	391.0292	1437.2229	4.3511E-3	53.9776	
demographic.popSize68	108.6048	181.886	52.8781	1.2127E-5	384.0827	1401.5932	1.2127E-5	52.8781	
demographic.popSize69	105.9919	177.3121	53.052	8.1602E-4	369.5138	1657.2279	8.1602E-4	53.052	
demographic.popSize70	107.0765	170.849	53.3982	7.0023E-3	377.4469	1362.2934	8.632E-3	53.3987	
demographic.popSize71	106.5117	177.9232	52.8388	1.2162E-3	364.4615	1490.7207	1.2162E-3	52.8388	
demographic.popSize72	109.4775	182.7133	53.1917	1.6639E-3	389.045	1395.7554	0.0127	53.1986	
demographic.popSize73	109.2486	182.8451	53.8986	1.3392E-3	387.1778	1387.6027	0.0106	53.9062	
demographic.popSize74	107.4548	169.5824	52.9325	1.1432E-4	383.7748	1392.8695	0.0104	52.9415	
demographic.popSize75	107.802	176.0183	53.0206	1.9645E-3	385.1378	1450.3565	2.2061E-3	53.0206	
demographic.popSize76	108.2397	173.464	53.855	4.839E-3	383.87	1485.5501	2.7774E-3	53.855	
demographic.popSize77	108.408	178.4769	52.7224	1.6336E-4	384.337	1414.6146	0.0408	52.7597	
demographic.popSize78	107.8495	178.6826	51.9513	3.957E-4	383.6292	1364.5049	2.82E-3	51.9519	
demographic.popSize79	106.9517	177.7868	52.9412	1.6714E-3	378.0044	1437.4716	1.6714E-3	52.9412	
demographic.popSize80	108.3248	178.6181	53.1402	7.2358E-3	387.5074	1505.8404	0.0112	53.1402	
demographic.popSize81	107.228	174.8286	52.9249	7.9808E-5	381.5279	1355.735	7.9808E-5	52.9249	
demographic.popSize82	109.8581	182.2313	53.3788	6.4531E-4	392.6805	1335.088	6.4531E-4	53.3788	
demographic.popSize83	108.5017	180.3929	53.2252	5.223E-3	385.6564	1389.9183	5.223E-3	53.2258	
demographic.popSize84	106.4976	172.2057	53.4009	4.0891E-5	374.6924	1361.2642	8.5651E-3	53.4025	
demographic.popSize85	107.8955	175.4485	52.3118	1.2297E-3	387.4522	1342.2994	7.9178E-3	52.3161	
demographic.popSize86	107.8441	183.417	52.6209	1.3E-3	377.1372	1486.7191	1.3E-3	52.6212	
demographic.popSize87	107.5136	174.2692	52.6516	1.0079E-3	384.9043	1484.9231	1.0079E-3	52.6516	
demographic.popSize88	107.8581	178.9447	52.5648	2.2022E-4	382.7817	1460.8656	2.2022E-4	52.5648	
demographic.popSize89	107.3069	168.8614	53.6015	7.8979E-5	384.884	1503.9084	6.842E-3	53.6044	
demographic.popSize90	109.0795	181.5968	52.2193	1.3747E-3	392.1229	1392.169	4.5404E-3	52.2198	
demographic.popSize91	109.1817	184.2867	53.4199	8.3685E-4	382.6316	1407.961	7.7537E-3	53.4249	
demographic.popSize92	108.4396	190.8171	52.8932	7.7278E-4	387.1889	1595.8009	6.0751E-3	52.8932	
demographic.popSize93	108.2035	177.6618	53.5631	3.3792E-3	382.4664	1509.1945	3.3792E-3	53.5631	
demographic.popSize94	105.2984	172.3466	52.2133	1.943E-3	373.36	1507.5647	1.943E-3	52.2133	
demographic.popSize95	108.1101	177.299	53.1321	0.0135	378.6071	1390.7676	0.0275	53.1401	
demographic.popSize96	106.4984	172.1324	52.7811	1.0943E-3	382.5163	1474.0358	2.083E-3	52.7811	
demographic.popSize97	105.2261	165.3991	52.7765	3.3837E-3	373.4501	1460.8135	7.322E-3	52.7765	
demographic.popSize98	107.6782	183.4077	52.3344	4.9537E-3	378.7426	1313.8176	0.0115	52.3344	
demographic.popSize99	109.0346	186.7431	53.1744	7.8427E-4	385.7012	1449.1514	7.8427E-4	53.1744	
demographic.popSize100	110.0519	181.0223	53.4373	5.7416E-3	395.6058	1420.0632	5.7416E-3	53.4373	
demographic.popSize101	106.1251	167.3318	52.4294	3.555E-3	376.9867	1423.6581	6.9411E-3	52.4294	
demographic.popSize102	107.7035	174.4149	52.4258	1.9602E-3	384.8719	1432.9562	1.9602E-3	52.4258	
demographic.popSize103	107.4471	185.7674	52.2823	3.2035E-4	384.2822	1381.0479	3.2035E-4	52.2823	
demographic.popSize104	108.0725	182.1531	52.89	3.8368E-3	389.5162	1433.482	1.5488E-4	52.89	
demographic.popSize105	108.0992	182.1768	52.6922	7.255E-3	382.2304	1427.5351	0.0101	52.6939	
demographic.popSize106	106.8732	179.3797	52.3597	7.1388E-3	378.4135	1435.7101	9.3494E-3	52.3597	
demographic.popSize107	109.3132	180.1555	53.5657	4.4575E-3	384.8366	1372.3934	0.0188	53.5753	
demographic.popSize108	106.2876	176.0075	51.6534	1.8841E-4	376.8304	1442.3455	3.4053E-3	51.6547	
demographic.popSize109	107.6484	183.2434	52.9163	2.3827E-3	383.0663	1466.6607	2.5955E-3	52.9163	
demographic.popSize110	107.3086	176.4421	52.5766	2.2828E-3	384.7404	1501.8539	8.3176E-3	52.5771	
demographic.popSize111	107.6561	171.4672	52.8361	3.8913E-5	384.4504	1426.3683	1.0824E-3	52.8361	
demographic.popSize112	106.0588	172.6416	52.8488	3.154E-3	373.4917	1464.4763	3.154E-3	52.8517	
demographic.popSize113	108.1986	175.4512	52.6629	1.3357E-3	388.5882	1443.2355	2.57E-3	52.6629	
demographic.popSize114	108.9974	191.259	52.2354	1.1956E-3	388.0293	1346.3329	0.0186	52.2385	
demographic.popSize115	105.9489	172.983	52.59	1.8514E-3	386.5558	1379.5956	6.4202E-4	52.59	
demographic.popSize116	105.8363	172.5848	52.0324	9.4241E-3	375.4058	1420.7833	0.0164	52.0369	
demographic.popSize117	108.3135	181.4098	53.2924	5.7024E-4	388.0501	1474.8746	5.7024E-4	53.2924	
demographic.popSize118	109.5624	187.9713	53.873	7.6562E-3	390.9135	1402.5349	0.0229	53.8829	
demographic.popSize119	106.9965	180.4796	53.2649	6.2108E-3	378.5582	1468.2699	1.5433E-3	53.2649	
demographic.popSize120	106.851	178.0612	51.7994	3.2246E-3	376.9778	1358.9403	2.5274E-3	51.7994	
demographic.popSize121	105.3658	168.2872	51.7395	1.6452E-3	376.54	1468.2578	1.6452E-3	51.7395	
demographic.popSize122	106.2521	171.4127	51.4198	3.2781E-3	382.1601	1416.9582	3.2781E-3	51.4198	
demographic.popSize123	107.0628	187.3102	51.9879	1.6242E-3	375.5921	1381.7467	1.6242E-3	51.9879	
demographic.popSize124	108.6389	181.4989	53.0268	1.9685E-3	389.9438	1435.7056	9.4565E-3	53.0268	
demographic.popSize125	108.4747	183.1945	53.1067	4.9305E-3	382.0086	1312.523	9.3127E-3	53.1084	
demographic.popSize126	107.5292	181.9308	51.7693	2.7126E-3	390.6666	1436.8441	8.3792E-3	51.7693	
demographic.popSize127	107.0366	176.0708	52.9027	2.5561E-3	382.0314	1381.4562	2.5561E-3	52.9027	
demographic.popSize128	106.469	176.88	51.1971	8.5473E-4	382.5194	1444.451	8.5473E-4	51.1971	
demographic.popSize129	108.2468	179.9253	52.8188	2.5126E-3	387.5753	1288.7287	2.5126E-3	52.8193	
demographic.popSize130	105.8121	176.4206	52.5922	8.0202E-3	376.6112	1479.9847	0.0162	52.5922	
demographic.popSize131	106.8342	172.5412	52.5438	1.6761E-4	386.2788	1366.4475	9.5327E-3	52.546	
demographic.popSize132	107.0838	174.3842	52.4771	1.8254E-3	383.885	1388.0206	1.8254E-3	52.4771	
demographic.popSize133	106.535	177.0734	52.6968	1.649E-4	377.8696	1421.5844	1.649E-4	52.6968	
demographic.popSize134	106.3058	168.6371	52.4411	2.5563E-3	382.6332	1428.2019	1.6048E-3	52.4411	
demographic.popSize135	107.4844	182.0037	52.3363	3.73E-3	382.1087	1513.1002	0.0136	52.3367	
demographic.popSize136	107.9085	190.7184	53.0896	9.4548E-4	389.8097	1456.4613	8.2666E-3	53.0959	
demographic.popSize137	107.3654	180.464	52.9044	7.9467E-4	383.1237	1462.8233	8.5638E-3	52.9048	
demographic.popSize138	108.5586	185.11	53.6572	4.3121E-3	387.6567	1377.1114	5.6116E-4	53.6572	
demographic.popSize139	107.2697	180.2554	52.741	7.2216E-6	382.8606	1424.3998	5.5156E-4	52.741	
demographic.popSize140	107.9799	180.7524	53.0493	3.2888E-3	387.5214	1361.6655	3.2888E-3	53.0493	
demographic.popSize141	106.2925	171.5647	52.8507	3.4758E-4	377.5569	1554.1855	2.1156E-3	52.8507	
demographic.popSize142	107.4725	173.8909	53.9366	1.2922E-3	383.2881	1409.8509	0.0105	53.9435	
demographic.popSize143	106.9651	172.9677	51.9784	4.3398E-4	382.7726	1374.9721	4.3398E-4	51.9784	
demographic.popSize144	108.2811	181.9025	52.7747	1.4699E-3	390.7005	1354.3768	0.0251	52.7954	
demographic.popSize145	107.0778	176.7177	53.4399	7.181E-4	380.6431	1478.0646	7.181E-4	53.4399	
demographic.popSize146	107.8429	175.1328	53.0756	7.4264E-3	387.9899	1353.9936	3.6293E-3	53.0756	
demographic.popSize147	104.2994	170.6284	51.6443	1.6741E-3	362.4588	1430.6267	1.6741E-3	51.6443	
demographic.popSize148	107.4442	177.5734	52.6166	4.9844E-3	388.0269	1387.8218	0.0324	52.6238	
demographic.popSize149	107.1142	175.8482	52.6008	1.5649E-3	388.767	1407.4084	0.0167	52.6052	
demographic.popSize150	107.2122	177.4033	51.7665	3.4888E-3	390.653	1540.8513	9.6203E-3	51.7721	
demographic.popSize151	107.6485	175.7277	52.5678	3.0634E-3	386.6269	1432.8991	3.0634E-3	52.5678	
demographic.popSize152	107.7129	178.0704	52.7204	1.1932E-3	392.715	1370.9723	0.015	52.7321	
demographic.popSize153	106.377	171.854	52.0995	3.0438E-4	381.5205	1437.8589	0.0263	52.1168	
demographic.popSize154	103.8764	164.8296	51.7915	4.5925E-4	373.2689	1441.9386	0.0593	51.8308	
demographic.popSize155	107.199	180.2907	53.1519	7.0109E-4	382.0018	1392.8255	7.0109E-4	53.1519	
demographic.popSize156	106.3123	174.007	53.0909	3.9589E-3	377.797	1475.1346	4.4198E-3	53.0932	
demographic.popSize157	107.1339	179.3338	52.4362	6.3016E-3	380.617	1350.9511	1.5273E-3	52.4362	
demographic.popSize158	105.7725	173.7194	51.6127	2.2924E-3	381.9313	1457.2969	2.2924E-3	51.6127	
demographic.popSize159	107.523	180.3116	52.2575	4.7882E-3	385.8973	1336.1871	4.6557E-3	52.2575	
demographic.popSize160	107.1054	181.1403	52.4877	1.8214E-6	386.1648	1402.4755	6.9551E-3	52.488	
demographic.popSize161	106.0238	177.8342	52.0777	2.9338E-3	379.0729	1493.1119	0.0128	52.0827	
demographic.popSize162	107.0045	177.0608	52.8441	5.0377E-3	382.1426	1402.283	5.7697E-4	52.8441	
demographic.popSize163	105.0594	171.7986	52.2261	4.768E-3	369.4038	1535.9508	4.768E-3	52.2261	
demographic.popSize164	107.0658	178.5325	52.8791	8.7519E-5	381.5451	1408.8376	8.5915E-3	52.883	
demographic.popSize165	108.2582	182.1812	53.1871	2.1781E-3	385.0835	1379.2603	0.0147	53.1925	
demographic.popSize166	106.8093	176.0357	53.527	3.0476E-3	382.0055	1504.0007	3.5815E-3	53.527	
demographic.popSize167	105.4828	171.4721	52.1072	1.3691E-3	379.2691	1464.2131	0.0258	52.1176	
demographic.popSize168	107.3538	175.9523	53.3048	1.7109E-4	383.6375	1485.6985	1.7109E-4	53.3048	
demographic.popSize169	106.2057	180.0798	52.3393	9.1875E-3	381.2111	1463.3822	9.1875E-3	52.3393	
demographic.popSize170	107.1899	174.5813	52.5198	2.1047E-3	386.9029	1461.6285	2.1047E-3	52.5198	
demographic.popSize171	108.8956	184.4718	52.8923	2.0872E-3	387.7069	1320.5818	8.0544E-3	52.8956	
demographic.popSize172	107.0508	178.6098	51.9773	5.9791E-4	387.4015	1356.3313	4.303E-3	51.9775	
demographic.popSize173	108.4351	180.511	52.8249	7.9966E-4	388.0327	1507.8805	1.3352E-3	52.8249	
demographic.popSize174	105.9054	171.8852	53.1476	9.2519E-4	374.2308	1463.9274	1.9795E-4	53.1476	
demographic.popSize175	106.9662	174.6959	52.9426	3.0813E-4	380.5757	1513.7285	1.9557E-4	52.9426	
demographic.popSize176	106.6563	172.5928	52.5257	4.441E-3	382.9154	1380.06	3.5063E-3	52.5257	
demographic.popSize177	105.9894	177.8986	51.897	2.3568E-3	379.5891	1401.3015	2.3568E-3	51.897	
demographic.popSize178	106.9268	175.1426	52.423	7.8706E-4	378.1061	1423.3006	3.2139E-4	52.423	
demographic.popSize179	108.464	181.7464	52.6904	4.5385E-3	391.2037	1510.984	4.5385E-3	52.6904	
demographic.popSize180	106.7255	175.4201	52.3732	1.1717E-3	383.1967	1421.1731	1.1717E-3	52.3732	
demographic.popSize181	107.8851	183.0618	52.616	4.1082E-3	379.5192	1519.783	4.1082E-3	52.616	
demographic.popSize182	106.9001	171.9837	52.8379	4.4799E-3	381.5358	1404.4682	4.4799E-3	52.8379	
demographic.popSize183	106.2412	175.661	52.9171	2.3419E-3	375.2313	1499.225	2.3419E-3	52.9171	
demographic.popSize184	107.0602	177.3015	52.5727	1.7395E-3	387.5258	1459.9969	0.0282	52.5933	
demographic.popSize185	106.1966	181.8418	51.4728	2.4655E-3	381.8595	1399.9748	0.031	51.4851	
demographic.popSize186	108.3711	178.9486	52.8939	1.3439E-4	385.0899	1380.6979	1.3439E-4	52.8939	
demographic.popSize187	107.8228	184.875	51.8329	1.3183E-3	385.0493	1522.4137	6.0475E-3	51.8343	
demographic.popSize188	106.9093	177.7591	53.0995	2.1116E-4	382.5673	1483.8642	2.1116E-4	53.0995	
demographic.popSize189	107.0383	170.5903	53.8516	2.4982E-3	381.0861	1447.5575	2.4982E-3	53.8516	
demographic.popSize190	107.2653	190.9922	51.2258	6.2152E-4	378.3803	1505.2106	6.2152E-4	51.2258	
demographic.popSize191	107.0602	176.1696	51.3437	8.1243E-3	386.6406	1421.6172	8.2801E-4	51.3437	
demographic.popSize192	106.6932	177.8723	51.7352	4.0356E-4	384.5539	1424.8278	0.0132	51.7464	
demographic.popSize193	106.1887	185.7822	51.4893	2.002E-3	369.0579	1464.2803	2.002E-3	51.4893	
demographic.popSize194	107.1434	178.257	51.8683	2.2754E-3	389.4592	1473.8773	7.062E-3	51.8683	
demographic.popSize195	106.9571	175.4165	51.9862	1.845E-3	383.2869	1385.6563	3.3806E-3	51.9862	
demographic.popSize196	106.6697	173.2905	51.3492	1.1807E-4	382.2317	1456.6113	0.0119	51.357	
demographic.popSize197	106.1703	176.1563	52.073	8.211E-4	374.9879	1507.8557	1.8753E-3	52.073	
demographic.popSize198	106.1081	180.7443	50.6272	2.6957E-4	381.5479	1417.6433	0.0357	50.662	
demographic.popSize199	105.9205	181.1536	49.5768	4.3658E-3	379.274	1445.6078	4.3658E-3	49.5768	
demographic.popSize200	103.3944	176.8287	48.7713	1.1499E-3	371.3927	1589.1573	1.1499E-3	48.7713	
demographic.indicators1	2.2813E-3	0.0477	0	0	0	67748.068	0	0	
demographic.indicators2	2.472E-3	0.0497	0	0	0	4145.1486	0	0	
demographic.indicators3	7.2413E-3	0.0848	0	0	0	746.1156	0	0	
demographic.indicators4	0.0288	0.1674	0	0	0	483.1735	0	0	
demographic.indicators5	0.0355	0.1851	0	0	0	496.8335	0	0	
demographic.indicators6	0.0247	0.1551	0	0	0	486.9935	0	0	
demographic.indicators7	0.0201	0.1403	0	0	0	535.533	0	0	
demographic.indicators8	0.0177	0.1319	0	0	0	603.8588	0	0	
demographic.indicators9	0.0417	0.1999	0	0	0	504.6138	0	0	
demographic.indicators10	0.0856	0.2798	0	0	1	420.7529	0	0	
demographic.indicators11	0.0941	0.292	0	0	1	406.4982	0	0	
demographic.indicators12	0.0529	0.2239	0	0	1	448.7436	0	0	
demographic.indicators13	0.0371	0.1889	0	0	0	452.099	0	0	
demographic.indicators14	0.0953	0.2937	0	0	1	430.292	0	0	
demographic.indicators15	0.0944	0.2924	0	0	1	430.1553	0	0	
demographic.indicators16	0.0514	0.2208	0	0	1	479.4755	0	0	
demographic.indicators17	0.0588	0.2352	0	0	1	442.1903	0	0	
demographic.indicators18	0.0466	0.2108	0	0	0	498.0711	0	0	
demographic.indicators19	0.0651	0.2468	0	0	1	461.8138	0	0	
demographic.indicators20	0.0789	0.2696	0	0	1	422.1892	0	0	
demographic.indicators21	0.0251	0.1564	0	0	0	563.545	0	0	
demographic.indicators22	0.0261	0.1593	0	0	0	605.358	0	0	
demographic.indicators23	0.0235	0.1515	0	0	0	767.0577	0	0	
demographic.indicators24	0.0521	0.2221	0	0	1	535.3508	0	0	
demographic.indicators25	0.0198	0.1392	0	0	0	1086.6107	0	0	
demographic.indicators26	0.0305	0.1719	0	0	0	752.4003	0	0	
demographic.indicators27	0.0354	0.1849	0	0	0	818.78	0	0	
demographic.indicators28	0.0122	0.11	0	0	0	1958.6939	0	0	
demographic.indicators29	0.0192	0.1371	0	0	0	1253.729	0	0	
demographic.indicators30	0.0311	0.1736	0	0	0	745.9605	0	0	
demographic.indicators31	0.0175	0.1311	0	0	0	1158.9027	0	0	
demographic.indicators32	0.021	0.1433	0	0	0	862.8289	0	0	
demographic.indicators33	0.0232	0.1506	0	0	0	797.2455	0	0	
demographic.indicators34	0.0179	0.1325	0	0	0	1128.791	0	0	
demographic.indicators35	0.0246	0.1549	0	0	0	736.8241	0	0	
demographic.indicators36	0.024	0.1532	0	0	0	1092.6756	0	0	
demographic.indicators37	0.0196	0.1386	0	0	0	935.632	0	0	
demographic.indicators38	0.0248	0.1554	0	0	0	974.9368	0	0	
demographic.indicators39	0.0109	0.1039	0	0	0	1357.4328	0	0	
demographic.indicators40	0.0255	0.1576	0	0	0	739.1983	0	0	
demographic.indicators41	0.0147	0.1203	0	0	0	1560.8718	0	0	
demographic.indicators42	9.2727E-3	0.0958	0	0	0	1749.8586	0	0	
demographic.indicators43	9.0147E-3	0.0945	0	0	0	2102.0997	0	0	
demographic.indicators44	0.0173	0.1303	0	0	0	1237.1009	0	0	
demographic.indicators45	0.0188	0.1357	0	0	0	915.4205	0	0	
demographic.indicators46	0.0141	0.1181	0	0	0	1102.2998	0	0	
demographic.indicators47	7.5087E-3	0.0863	0	0	0	1818.4919	0	0	
demographic.indicators48	0.0108	0.1036	0	0	0	1874.22	0	0	
demographic.indicators49	0.0139	0.1169	0	0	0	1106.3109	0	0	
demographic.indicators50	0.0119	0.1085	0	0	0	1676.052	0	0	
demographic.indicators51	0.0189	0.1363	0	0	0	1164.191	0	0	
demographic.indicators52	0.0151	0.1219	0	0	0	1381.539	0	0	
demographic.indicators53	0.0152	0.1224	0	0	0	1889.2913	0	0	
demographic.indicators54	0.0206	0.1421	0	0	0	1121.36	0	0	
demographic.indicators55	0.0146	0.12	0	0	0	1204.7443	0	0	
demographic.indicators56	9.3773E-3	0.0964	0	0	0	1389.8559	0	0	
demographic.indicators57	0.0148	0.1207	0	0	0	1401.9941	0	0	
demographic.indicators58	0.0151	0.1218	0	0	0	1015.9258	0	0	
demographic.indicators59	0.0148	0.1206	0	0	0	1827.8459	0	0	
demographic.indicators60	0.0134	0.1151	0	0	0	1532.0744	0	0	
demographic.indicators61	0.0131	0.1139	0	0	0	1175.9433	0	0	
demographic.indicators62	0.0183	0.1341	0	0	0	1040.9325	0	0	
demographic.indicators63	0.0176	0.1315	0	0	0	1127.1921	0	0	
demographic.indicators64	0.0153	0.1228	0	0	0	1500.0885	0	0	
demographic.indicators65	0.0111	0.1048	0	0	0	1878.4867	0	0	
demographic.indicators66	0.0137	0.1164	0	0	0	1228.5519	0	0	
demographic.indicators67	0.0156	0.1239	0	0	0	1269.9842	0	0	
demographic.indicators68	0.0101	0.0999	0	0	0	1471.0063	0	0	
demographic.indicators69	0.0166	0.1278	0	0	0	1410.889	0	0	
demographic.indicators70	0.0103	0.1009	0	0	0	1786.4352	0	0	
demographic.indicators71	9.464E-3	0.0968	0	0	0	1147.8056	0	0	
demographic.indicators72	0.0184	0.1344	0	0	0	1524.3526	0	0	
demographic.indicators73	0.0127	0.112	0	0	0	717.2272	0	0	
demographic.indicators74	9.9107E-3	0.0991	0	0	0	1564.8406	0	0	
demographic.indicators75	0.0142	0.1183	0	0	0	988.1931	0	0	
demographic.indicators76	0.01	0.0996	0	0	0	1285.0663	0	0	
demographic.indicators77	7.902E-3	0.0885	0	0	0	1926.0834	0	0	
demographic.indicators78	0.0108	0.1032	0	0	0	1521.4876	0	0	
demographic.indicators79	8.9713E-3	0.0943	0	0	0	1311.5098	0	0	
demographic.indicators80	7.1287E-3	0.0841	0	0	0	2254.3552	0	0	
demographic.indicators81	9.3053E-3	0.096	0	0	0	1037.7991	0	0	
demographic.indicators82	8.1913E-3	0.0901	0	0	0	1423.8732	0	0	
demographic.indicators83	0.0119	0.1083	0	0	0	970.6311	0	0	
demographic.indicators84	6.6147E-3	0.0811	0	0	0	2734.1968	0	0	
demographic.indicators85	7.3267E-3	0.0853	0	0	0	2260.8829	0	0	
demographic.indicators86	7.8347E-3	0.0882	0	0	0	1802.5748	0	0	
demographic.indicators87	9.2613E-3	0.0958	0	0	0	1251.958	0	0	
demographic.indicators88	7.062E-3	0.0837	0	0	0	1287.7732	0	0	
demographic.indicators89	6.6727E-3	0.0814	0	0	0	1995.4492	0	0	
demographic.indicators90	0.0106	0.1026	0	0	0	1378.6933	0	0	
demographic.indicators91	8.6733E-3	0.0927	0	0	0	1688.5747	0	0	
demographic.indicators92	8.2813E-3	0.0906	0	0	0	1506.3185	0	0	
demographic.indicators93	8.564E-3	0.0921	0	0	0	1607.3111	0	0	
demographic.indicators94	4.6287E-3	0.0679	0	0	0	3479.2609	0	0	
demographic.indicators95	5.7467E-3	0.0756	0	0	0	2519.6715	0	0	
demographic.indicators96	9.462E-3	0.0968	0	0	0	1716.0041	0	0	
demographic.indicators97	6.0747E-3	0.0777	0	0	0	2833.5443	0	0	
demographic.indicators98	4.9607E-3	0.0703	0	0	0	1840.5093	0	0	
demographic.indicators99	7.7107E-3	0.0875	0	0	0	1396.7263	0	0	
demographic.indicators100	4.7587E-3	0.0688	0	0	0	1698.8756	0	0	
demographic.indicators101	7.9913E-3	0.089	0	0	0	1743.8526	0	0	
demographic.indicators102	4.014E-3	0.0632	0	0	0	5039.6204	0	0	
demographic.indicators103	6.0827E-3	0.0778	0	0	0	1592.6368	0	0	
demographic.indicators104	5.8753E-3	0.0764	0	0	0	1351.3252	0	0	
demographic.indicators105	4.174E-3	0.0645	0	0	0	4098.1151	0	0	
demographic.indicators106	6.9193E-3	0.0829	0	0	0	1832.6345	0	0	
demographic.indicators107	5.154E-3	0.0716	0	0	0	2200.5999	0	0	
demographic.indicators108	6.364E-3	0.0795	0	0	0	2630.8533	0	0	
demographic.indicators109	7.6687E-3	0.0872	0	0	0	1353.9136	0	0	
demographic.indicators110	8.3687E-3	0.0911	0	0	0	1174.9697	0	0	
demographic.indicators111	6.4793E-3	0.0802	0	0	0	1117.6417	0	0	
demographic.indicators112	4.5147E-3	0.067	0	0	0	2052.157	0	0	
demographic.indicators113	2.216E-3	0.047	0	0	0	7022.5729	0	0	
demographic.indicators114	7.2907E-3	0.0851	0	0	0	1391.3728	0	0	
demographic.indicators115	6.6187E-3	0.0811	0	0	0	2249.0334	0	0	
demographic.indicators116	8.7653E-3	0.0932	0	0	0	1608.1016	0	0	
demographic.indicators117	4.612E-3	0.0678	0	0	0	1022.7829	0	0	
demographic.indicators118	5.1087E-3	0.0713	0	0	0	3047.3457	0	0	
demographic.indicators119	4.5307E-3	0.0672	0	0	0	2464.886	0	0	
demographic.indicators120	3.696E-3	0.0607	0	0	0	5108.9796	0	0	
demographic.indicators121	4.2107E-3	0.0648	0	0	0	1689.7045	0	0	
demographic.indicators122	3.866E-3	0.0621	0	0	0	3857.5751	0	0	
demographic.indicators123	3.2093E-3	0.0566	0	0	0	7140.5016	0	0	
demographic.indicators124	7.346E-3	0.0854	0	0	0	1592.1071	0	0	
demographic.indicators125	3.3367E-3	0.0577	0	0	0	5962.5664	0	0	
demographic.indicators126	3.2487E-3	0.0569	0	0	0	4186.1042	0	0	
demographic.indicators127	4.6587E-3	0.0681	0	0	0	3224.7869	0	0	
demographic.indicators128	5.1707E-3	0.0717	0	0	0	2285.1938	0	0	
demographic.indicators129	7.212E-3	0.0846	0	0	0	1808.4233	0	0	
demographic.indicators130	4.5933E-3	0.0676	0	0	0	3181.6631	0	0	
demographic.indicators131	8.9293E-3	0.0941	0	0	0	1208.5097	0	0	
demographic.indicators132	3.61E-3	0.06	0	0	0	3873.6401	0	0	
demographic.indicators133	4.486E-3	0.0668	0	0	0	3397.0318	0	0	
demographic.indicators134	4.6113E-3	0.0678	0	0	0	3793.6235	0	0	
demographic.indicators135	5.434E-3	0.0735	0	0	0	2248.1759	0	0	
demographic.indicators136	6.9047E-3	0.0828	0	0	0	2548.3796	0	0	
demographic.indicators137	3.23E-3	0.0567	0	0	0	4264.9761	0	0	
demographic.indicators138	4.922E-3	0.07	0	0	0	3454.6156	0	0	
demographic.indicators139	6.888E-3	0.0827	0	0	0	1610.3128	0	0	
demographic.indicators140	3.778E-3	0.0613	0	0	0	5845.1374	0	0	
demographic.indicators141	5.3713E-3	0.0731	0	0	0	1487.405	0	0	
demographic.indicators142	3.4453E-3	0.0586	0	0	0	4649.3714	0	0	
demographic.indicators143	7.182E-3	0.0844	0	0	0	2736.2169	0	0	
demographic.indicators144	4.43E-3	0.0664	0	0	0	3594.4451	0	0	
demographic.indicators145	6.2427E-3	0.0788	0	0	0	2148.9822	0	0	
demographic.indicators146	3.7553E-3	0.0612	0	0	0	4092.5491	0	0	
demographic.indicators147	4.0047E-3	0.0632	0	0	0	4434.3621	0	0	
demographic.indicators148	4.2173E-3	0.0648	0	0	0	4599.1957	0	0	
demographic.indicators149	4.514E-3	0.067	0	0	0	4921.0288	0	0	
demographic.indicators150	4.9987E-3	0.0705	0	0	0	3658.9358	0	0	
demographic.indicators151	3.2953E-3	0.0573	0	0	0	8911.1251	0	0	
demographic.indicators152	4.47E-3	0.0667	0	0	0	8087.6378	0	0	
demographic.indicators153	6.266E-3	0.0789	0	0	0	4214.3619	0	0	
demographic.indicators154	5.44E-3	0.0736	0	0	0	3627.0949	0	0	
demographic.indicators155	3.962E-3	0.0628	0	0	0	3577.0584	0	0	
demographic.indicators156	9.258E-3	0.0958	0	0	0	1511.8908	0	0	
demographic.indicators157	3.0347E-3	0.055	0	0	0	7898.3484	0	0	
demographic.indicators158	3.5153E-3	0.0592	0	0	0	4646.4841	0	0	
demographic.indicators159	3.998E-3	0.0631	0	0	0	6226.6497	0	0	
demographic.indicators160	5.8067E-3	0.076	0	0	0	3600.4561	0	0	
demographic.indicators161	5.464E-3	0.0737	0	0	0	4749.583	0	0	
demographic.indicators162	4.2987E-3	0.0654	0	0	0	4909.3689	0	0	
demographic.indicators163	4.856E-3	0.0695	0	0	0	3093.0448	0	0	
demographic.indicators164	4.2053E-3	0.0647	0	0	0	7019.1077	0	0	
demographic.indicators165	4.6333E-3	0.0679	0	0	0	4333.9678	0	0	
demographic.indicators166	3.9493E-3	0.0627	0	0	0	10473.3773	0	0	
demographic.indicators167	4.6213E-3	0.0678	0	0	0	5895.8384	0	0	
demographic.indicators168	5.0807E-3	0.0711	0	0	0	5883.1034	0	0	
demographic.indicators169	4.0007E-3	0.0631	0	0	0	8289.541	0	0	
demographic.indicators170	3.9333E-3	0.0626	0	0	0	5179.8627	0	0	
demographic.indicators171	4.5407E-3	0.0672	0	0	0	7543.8875	0	0	
demographic.indicators172	6.2427E-3	0.0788	0	0	0	4639.1832	0	0	
demographic.indicators173	6.036E-3	0.0775	0	0	0	4341.3446	0	0	
demographic.indicators174	7.214E-3	0.0846	0	0	0	2100.5537	0	0	
demographic.indicators175	6.2687E-3	0.0789	0	0	0	5054.4453	0	0	
demographic.indicators176	5.838E-3	0.0762	0	0	0	6589.3147	0	0	
demographic.indicators177	4.898E-3	0.0698	0	0	0	5776.1685	0	0	
demographic.indicators178	4.86E-3	0.0695	0	0	0	4861.8419	0	0	
demographic.indicators179	3.6693E-3	0.0605	0	0	0	6397.8748	0	0	
demographic.indicators180	6.0947E-3	0.0778	0	0	0	2175.7715	0	0	
demographic.indicators181	4.372E-3	0.066	0	0	0	10772.1387	0	0	
demographic.indicators182	7.146E-3	0.0842	0	0	0	3610.4479	0	0	
demographic.indicators183	6.1347E-3	0.0781	0	0	0	5302.6192	0	0	
demographic.indicators184	7.1807E-3	0.0844	0	0	0	4895.3797	0	0	
demographic.indicators185	4.22E-3	0.0648	0	0	0	8570.398	0	0	
demographic.indicators186	6.06E-3	0.0776	0	0	0	5459.9141	0	0	
demographic.indicators187	5.194E-3	0.0719	0	0	0	11082.3613	0	0	
demographic.indicators188	5.3147E-3	0.0727	0	0	0	15365.6409	0	0	
demographic.indicators189	6.414E-3	0.0798	0	0	0	6399.6104	0	0	
demographic.indicators190	7.3607E-3	0.0855	0	0	0	5607.8253	0	0	
demographic.indicators191	9.032E-3	0.0946	0	0	0	5744.6301	0	0	
demographic.indicators192	0.0107	0.1028	0	0	0	2489.8274	0	0	
demographic.indicators193	0.0101	0.0999	0	0	0	5878.0151	0	0	
demographic.indicators194	0.0117	0.1075	0	0	0	5439.8891	0	0	
demographic.indicators195	0.0155	0.1237	0	0	0	4164.0252	0	0	
demographic.indicators196	0.0169	0.1288	0	0	0	5245.4868	0	0	
demographic.indicators197	0.0274	0.1633	0	0	0	2936.4211	0	0	
demographic.indicators198	0.0351	0.184	0	0	0	3699.5788	0	0	
demographic.indicators199	0.0454	0.2081	0	0	0	3013.8127	0	0	
kappa	2.23	0.1448	2.2254	1.9542	2.5181	64440.4161	2.1233	2.3178	
frequencies1	0.2783	0.0106	0.2782	0.2573	0.2987	24870.0637	0.272	0.2862	
frequencies2	0.1982	9.1975E-3	0.1981	0.1804	0.2166	22633.6368	0.1915	0.2037	
frequencies3	0.1911	8.8266E-3	0.1909	0.1735	0.2082	28350.9176	0.1848	0.1966	
frequencies4	0.3324	0.0116	0.3324	0.3099	0.3553	21558.1279	0.3245	0.3401	
alpha	0.4294	0.0345	0.4281	0.3644	0.4989	69497.1466	0.4016	0.4477	
default.ucld.mean	1.3742E-3	3.5989E-4	1.3148E-3	7.6704E-4	2.1006E-3	492.1539	1.0232E-3	1.4429E-3	
default.ucld.stdev	5.9826E-3	3.2607E-3	5.1859E-3	1.7129E-3	0.0122	611.3859	2.8986E-3	5.8117E-3	
host_groups.ucld.mean	0.0103	2.5412E-3	0.0101	5.7638E-3	0.0155	849.1531	8.0118E-3	0.0113	
host_groups.ucld.stdev	0.0104	9.8214E-3	7.8379E-3	6.354E-7	0.0287	1215.9303	1.7529E-6	7.8385E-3	
default.meanRate	9.0086E-4	1.5778E-4	8.8826E-4	6.1005E-4	1.2222E-3	480.5415	7.6331E-4	9.7207E-4	
default.coefficientOfVariation	2.4703	0.5153	2.3649	1.6672	3.5567	572.9124	1.9267	2.5106	
default.covariance	0.0381	0.0527	0.0279	-0.0465	0.148	1225.4248	-0.0151	0.0435	
host_groups.meanRate	0.0109	2.9715E-3	0.0105	5.6384E-3	0.0168	944.7794	8.1159E-3	0.0117	
host_groups.coefficientOfVariation	0.9242	0.7045	0.7785	5.6918E-5	2.2924	1007.5001	2.59E-4	0.7787	
host_groups.covariance	-0.0035	0.0489	-0.0069	-0.0947	0.0957	31781.6563	-0.0448	0.0185	
host_groups.rates.Amaranthaceae.Brassicaceae	0.8425	0.6878	0.6799	7.3852E-5	2.1113	15593.2444	0.1619	0.7968	
host_groups.rates.Amaranthaceae.Fabaceae	1.323	0.769	1.1855	0.0947	2.8454	6127.7017	0.5373	1.4219	
host_groups.rates.Amaranthaceae.Poaceae	1.6958	0.8725	1.5452	0.272	3.4304	6622.0354	0.8127	1.8351	
host_groups.rates.Amaranthaceae.Solanaceae	0.8511	0.9033	0.5585	6.7087E-5	2.6664	19771.8259	4.7879E-4	0.5588	
host_groups.rates.Brassicaceae.Fabaceae	0.8921	0.9303	0.599	3.3338E-5	2.7482	18574.1914	1.9588E-4	0.5992	
host_groups.rates.Brassicaceae.Poaceae	0.8591	0.6442	0.7084	6.6996E-4	2.0824	9319.6205	0.1833	0.8206	
host_groups.rates.Brassicaceae.Solanaceae	1.2881	0.9294	1.1229	6.5081E-5	3.0291	5969.2136	0.2036	1.3067	
host_groups.rates.Fabaceae.Poaceae	0.9267	0.7311	0.7579	4.7094E-5	2.2981	12286.4621	0.1689	0.8866	
host_groups.rates.Fabaceae.Solanaceae	0.905	0.9609	0.5914	4.7235E-6	2.8329	17719.0999	5.2316E-6	0.5914	
host_groups.rates.Poaceae.Solanaceae	1.2668	0.7576	1.12	0.0928	2.7531	6609.8014	0.4824	1.3312	
host_groups.rates.Brassicaceae.Amaranthaceae	0.8278	0.9119	0.5227	2.2805E-5	2.6635	16817.2245	1.0353E-4	0.5227	
host_groups.rates.Fabaceae.Amaranthaceae	0.8207	0.871	0.5481	1.9073E-5	2.5444	16577.6251	2.1103E-5	0.5481	
host_groups.rates.Poaceae.Amaranthaceae	0.8037	0.8371	0.5481	5.5267E-5	2.4436	18559.2516	2.0497E-4	0.5481	
host_groups.rates.Solanaceae.Amaranthaceae	0.8345	0.9285	0.5202	1.6287E-5	2.7094	16795.1865	1.9327E-5	0.5202	
host_groups.rates.Fabaceae.Brassicaceae	0.7927	0.7289	0.5967	5.2191E-6	2.1625	12537.0127	0.0525	0.641	
host_groups.rates.Poaceae.Brassicaceae	1.2082	0.7532	1.0662	6.0278E-4	2.6331	7687.902	0.4546	1.3014	
host_groups.rates.Solanaceae.Brassicaceae	0.9245	0.8011	0.7295	2.0315E-5	2.4324	16657.111	2.5934E-3	0.7318	
host_groups.rates.Poaceae.Fabaceae	1.2128	0.9075	1.0265	9.1918E-6	2.9388	4845.6115	0.168	1.1739	
host_groups.rates.Solanaceae.Fabaceae	0.7945	0.5966	0.6565	3.2118E-4	1.9087	25417.4039	0.1849	0.76	
host_groups.rates.Solanaceae.Poaceae	0.8914	0.9456	0.5823	4.6011E-5	2.7974	18838.2182	7.1943E-5	0.5824	
host_groups.indicators.Amaranthaceae.Brassicaceae	0.7533	0.4311	1	0	1	2793.1693	1	1	
host_groups.indicators.Amaranthaceae.Fabaceae	0.9701	0.1704	1	1	1	4241.8724	1	1	
host_groups.indicators.Amaranthaceae.Poaceae	0.997	0.0547	1	1	1	12500.911	1	1	
host_groups.indicators.Amaranthaceae.Solanaceae	0.2997	0.4581	0	0	1	9770.6368	0	0	
host_groups.indicators.Brassicaceae.Fabaceae	0.2329	0.4227	0	0	1	20069.7316	0	0	
host_groups.indicators.Brassicaceae.Poaceae	0.9326	0.2508	1	0	1	4429.3749	1	1	
host_groups.indicators.Brassicaceae.Solanaceae	0.7361	0.4407	1	0	1	1535.4497	1	1	
host_groups.indicators.Fabaceae.Poaceae	0.7561	0.4294	1	0	1	2978.2988	1	1	
host_groups.indicators.Fabaceae.Solanaceae	0.1402	0.3472	0	0	1	31221.165	0	0	
host_groups.indicators.Poaceae.Solanaceae	0.9826	0.1308	1	1	1	5436.5009	1	1	
host_groups.indicators.Brassicaceae.Amaranthaceae	0.2831	0.4505	0	0	1	19252.8484	0	0	
host_groups.indicators.Fabaceae.Amaranthaceae	0.3918	0.4882	0	0	1	10271.3826	0	0	
host_groups.indicators.Poaceae.Amaranthaceae	0.4565	0.4981	0	0	1	7812.4591	0	0	
host_groups.indicators.Solanaceae.Amaranthaceae	0.2456	0.4305	0	0	1	21088.6768	0	0	
host_groups.indicators.Fabaceae.Brassicaceae	0.6969	0.4596	1	0	1	3480.6948	1	1	
host_groups.indicators.Poaceae.Brassicaceae	0.9451	0.2278	1	0	1	2384.4961	1	1	
host_groups.indicators.Solanaceae.Brassicaceae	0.6006	0.4898	1	0	1	2214.2202	1	1	
host_groups.indicators.Poaceae.Fabaceae	0.7423	0.4374	1	0	1	1507.017	1	1	
host_groups.indicators.Solanaceae.Fabaceae	0.9069	0.2906	1	0	1	5709.0601	1	1	
host_groups.indicators.Solanaceae.Poaceae	0.1658	0.3719	0	0	1	35654.4639	0	0	
host_groups.nonZeroRates	12.2354	1.6975	12	9	15	4960.9164	10	12	
default.treeLikelihood	-7421.5562	14.6989	-7420.9698	-7450.7029	-7393.3627	1358.0287	-7430.2262	-7410.3931	
default.branchRates	-2382.6079	0	0	0	0	NaN	0	0	
host_groups.branchRates	-2382.6079	0	0	0	0	NaN	0	0	
c_host_groups.count[1]	47.5239	4.9044	47	39	57	2523.9267	41	47	
c_allTransitions[1]	47.5446	4.9106	47	39	57	2521.0913	41	47	
coalescent	-1188.2936	38.0136	-1189.34	-1261.514	-1111.6211	452.9995	-1217.1313	-1167.0689	

