burnIn   <= 0,   maxState  = 150000200
statistic	mean	stdErr	median	hpdLower	hpdUpper	ESS	50hpdLower	50hpdUpper
joint	-15033.3795	158.7048	-15024.8573	-15353.2194	-14726.1438	467.313	-15110.207	-14903.2664	
prior	-7264.0159	157.694	-7255.2832	-7582.456	-6957.82	463.1495	-7345.0416	-7141.06	
likelihood	-7769.3636	18.7232	-7769.2982	-7806.0744	-7732.7009	1447.8781	-7782.1325	-7756.9757	
treeModel.rootHeight	69.0149	14.8107	67.3879	42.6364	96.8378	552.4774	56.6167	74.5677	
age(root)	1953.9851	14.8107	1955.6121	1926.1622	1980.3636	552.4774	1948.4323	1966.3833	
treeLength	1894.2674	317.463	1889.1094	1273.9543	2482.4301	407.0713	1667.9765	2097.3002	
tmrca(ingroup)	69.0149	14.8107	67.3879	42.6364	96.8378	552.4774	56.6167	74.5677	
age(ingroup)	1953.9851	14.8107	1955.6121	1926.1622	1980.3636	552.4774	1948.4323	1966.3833	
demographic.populationSizeChanges	3.383	0.6283	3	3	5	1587.7245	3	3	
demographic.populationMean	205.6045	199.0148	145.895	25.1012	570.6558	488.3774	53.3731	160.5604	
demographic.popSize1	201.4799	332.2809	109.6107	0.0307	685.6467	525.6351	1.169	110.4806	
demographic.popSize2	203.2137	345.296	100.3018	3.6433E-3	718.9526	1454.6383	3.6433E-3	100.3018	
demographic.popSize3	196.2288	335.4614	94.6513	0.0163	713.0632	1377.5807	0.0163	94.6513	
demographic.popSize4	204.0699	343.7199	97.1993	7.6922E-3	733.5	1351.3919	7.6922E-3	97.1993	
demographic.popSize5	203.889	343.4187	99.2826	1.8433E-3	728.4255	1384.1735	0.0248	99.2847	
demographic.popSize6	190.4609	317.8259	91.343	1.1154E-3	690.7715	1440.1812	1.1154E-3	91.343	
demographic.popSize7	188.4246	320.9649	88.2731	3.7198E-3	691.712	1327.44	0.016	88.2741	
demographic.popSize8	197.5045	349.3628	93.8346	8.1439E-4	707.759	1378.0674	5.98E-3	93.8394	
demographic.popSize9	198.012	351.0598	92.3456	9.3898E-3	722.3496	1403.3998	4.5664E-3	92.3456	
demographic.popSize10	198.0051	343.0515	90.5672	2.023E-3	728.5548	1360.4833	9.7261E-4	90.5672	
demographic.popSize11	193.8491	312.6981	94.0941	7.6199E-4	706.6622	1462.2905	6.9944E-3	94.0941	
demographic.popSize12	196.8512	359.9843	94.042	9.1533E-6	705.0975	1415.1291	2.1816E-3	94.042	
demographic.popSize13	193.7649	326.4454	92.8388	7.5451E-4	707.793	1331.1079	0.0127	92.8414	
demographic.popSize14	190.0134	327.0923	85.6738	4.4934E-4	707.0325	1340.3548	4.4934E-4	85.6738	
demographic.popSize15	199.0748	366.7556	91.8934	7.9867E-3	719.2347	1370.7838	5.37E-3	91.8934	
demographic.popSize16	190.7242	342.3439	85.8709	2.9191E-3	711.7201	1292.0247	2.9736E-3	85.8709	
demographic.popSize17	191.5859	338.0663	87.5732	0.0108	701.6986	1372.8114	0.0108	87.5812	
demographic.popSize18	187.6555	338.1964	83.8357	4.3567E-3	696.7419	1369.3666	0.0387	83.8459	
demographic.popSize19	194.972	333.0847	89.2597	2.9529E-3	725.8652	1308.2662	1.2302E-3	89.2597	
demographic.popSize20	198.7399	340.7995	94.1006	6.8307E-3	711.6456	1432.0886	0.0238	94.1051	
demographic.popSize21	202.3437	359.1521	94.5427	5.6747E-3	736.2353	1402.519	3.2331E-3	94.5427	
demographic.popSize22	197.4165	345.0827	92.8179	9.7032E-3	704.7361	1433.8933	7.4317E-3	92.8179	
demographic.popSize23	199.0359	336.0248	94.107	5.8832E-3	732.6522	1364.3936	0.0229	94.1094	
demographic.popSize24	204.872	360.8857	99.4051	1.113E-3	731.3652	1463.0518	1.113E-3	99.4051	
demographic.popSize25	202.5535	342.4799	97.1049	2.0596E-3	733.5672	1393.9682	2.8359E-3	97.1049	
demographic.popSize26	209.5414	365.4558	99.9399	2.9309E-4	742.5306	1439.0132	1.7087E-3	99.941	
demographic.popSize27	208.4106	353.087	101.2402	3.333E-3	735.3503	1319.7646	3.333E-3	101.2402	
demographic.popSize28	207.7171	364.0279	99.5205	0.0169	743.3107	1370.6991	0.0169	99.5205	
demographic.popSize29	206.1214	342.1842	99.2698	4.151E-3	742.2622	1376.9954	0.025	99.2726	
demographic.popSize30	207.4178	347.7293	100.0361	2.413E-3	754.2584	1403.2458	0.0441	100.0669	
demographic.popSize31	204.7883	348.3303	99.0785	3.5417E-3	746.2187	1449.7433	3.5417E-3	99.0785	
demographic.popSize32	206.1065	341.2982	100.6025	2.7133E-3	740.0274	1362.4022	4.9749E-3	100.6025	
demographic.popSize33	203.621	333.6092	99.7042	6.0424E-4	740.8368	1444.0824	1.9807E-3	99.7042	
demographic.popSize34	207.7879	357.7861	100.0443	5.6449E-4	739.4639	1413.4493	5.6449E-4	100.0443	
demographic.popSize35	206.0533	345.0067	100.409	4.1374E-3	738.1239	1441.2606	8.134E-3	100.409	
demographic.popSize36	207.2505	345.3797	102.2056	5.3869E-4	738.8899	1362.2111	8.9141E-3	102.206	
demographic.popSize37	210.1543	355.5266	101.2246	5.0393E-3	761.2303	1419.6502	0.0203	101.2357	
demographic.popSize38	205.4089	343.6496	99.0174	3.9605E-4	730.5734	1412.8151	3.9605E-4	99.0174	
demographic.popSize39	207.7772	336.5419	102.2256	2.0876E-3	742.4719	1406.5649	2.0876E-3	102.2256	
demographic.popSize40	205.3603	342.3857	101.1428	0.0148	735.0872	1452.8066	0.0148	101.1428	
demographic.popSize41	205.6322	348.494	100.3872	5.2209E-3	727.5	1376.3642	0.0187	100.3958	
demographic.popSize42	205.7489	350.5468	99.5062	1.3156E-3	747.2695	1377.8875	0.0311	99.5204	
demographic.popSize43	203.4815	333.1731	102.3083	6.5278E-3	711.1251	1459.0469	7.5843E-3	102.3083	
demographic.popSize44	207.6819	358.9102	100.0424	2.0289E-4	745.0076	1352.479	2.0289E-4	100.0424	
demographic.popSize45	208.7638	353.5158	102.1144	1.3397E-3	743.8286	1389.8611	1.3397E-3	102.1144	
demographic.popSize46	206.5232	357.0309	101.5106	8.2763E-4	724.4196	1373.0227	0.0139	101.5179	
demographic.popSize47	209.5859	353.9564	102.6995	0.0125	750.1968	1361.723	0.0213	102.7001	
demographic.popSize48	207.6161	351.6417	101.6853	1.5824E-3	730.2954	1419.206	0.0152	101.6871	
demographic.popSize49	211.9641	351.8216	102.0516	8.7794E-3	770.5161	1253.233	4.133E-3	102.0516	
demographic.popSize50	209.3635	368.6191	100.9099	5.6101E-3	734.3927	1391.4068	5.6101E-3	100.9099	
demographic.popSize51	214.8102	351.8895	104.4501	6.8753E-3	781.362	1347.3356	9.664E-3	104.4501	
demographic.popSize52	204.6029	332.2066	100.8764	8.2715E-3	732.3149	1329.4645	2.9423E-3	100.8764	
demographic.popSize53	213.5238	368.2903	102.9356	2.2273E-3	765.5641	1411.3979	6.4166E-3	102.9356	
demographic.popSize54	206.0817	326.3327	102.3187	7.5276E-3	737.2698	1369.1176	7.5276E-3	102.3187	
demographic.popSize55	207.2347	347.6681	102.0793	0.0114	724.9491	1409.312	0.0143	102.0809	
demographic.popSize56	205.6855	335.4983	101.2405	3.6839E-3	756.112	1411.7359	3.6839E-3	101.2405	
demographic.popSize57	213.8107	360.8489	104.0951	9.0571E-3	757.5161	1365.7106	2.8761E-3	104.0951	
demographic.popSize58	207.9534	350.2534	103.0665	7.6291E-4	745.9486	1340.0367	7.6291E-4	103.0665	
demographic.popSize59	209.8945	342.7235	103.906	3.4303E-3	734.0491	1389.1118	3.4303E-3	103.906	
demographic.popSize60	210.2656	344.7867	102.4346	6.7744E-3	748.4577	1348.3495	0.0145	102.4422	
demographic.popSize61	209.3222	358.1658	101.8148	1.7841E-3	729.0798	1339.5203	0.0377	101.8235	
demographic.popSize62	209.9165	338.8287	105.2931	0.0155	754.2173	1373.1206	0.0247	105.3	
demographic.popSize63	211.1432	348.1627	104.8308	5.5749E-3	740.2069	1418.1233	5.5749E-3	104.8308	
demographic.popSize64	207.2057	342.2427	102.7751	4.2246E-3	728.6093	1467.5904	5.3181E-3	102.7751	
demographic.popSize65	213.2231	332.0356	105.9099	0.0247	736.6025	1370.6296	0.0247	105.9099	
demographic.popSize66	211.7135	371.1297	102.6201	5.3103E-3	740.0361	1391.1032	0.0322	102.6201	
demographic.popSize67	204.1418	334.8921	101.2396	1.0429E-3	712.9779	1430.0959	3.1549E-3	101.2396	
demographic.popSize68	208.6893	344.5186	102.7116	1.9661E-3	731.3655	1439.2303	1.9661E-3	102.7116	
demographic.popSize69	211.5627	375.6559	102.824	7.2003E-3	738.3106	1385.719	7.2003E-3	102.824	
demographic.popSize70	207.9023	331.637	103.0984	0.0493	746.7179	1337.6689	0.0118	103.1041	
demographic.popSize71	205.153	346.1392	102.2515	2.2768E-3	737.6257	1410.1694	0.0136	102.2556	
demographic.popSize72	215.1309	351.9136	105.0798	6.6588E-3	801.5753	1321.1029	0.0212	105.0931	
demographic.popSize73	211.9354	348.4714	101.6198	0.0368	772.2082	1305.8574	4.9674E-3	101.6198	
demographic.popSize74	207.3828	353.6299	102.1792	2.0475E-3	728.6697	1400.2087	2.0475E-3	102.1792	
demographic.popSize75	206.4375	352.8073	102.4464	1.79E-3	720.6427	1344.3354	1.79E-3	102.4464	
demographic.popSize76	209.7872	373.2942	100.9499	5.8682E-3	747.3888	1375.1092	0.0119	100.9499	
demographic.popSize77	214.0162	359.4054	103.6921	3.2976E-3	766.1281	1334.2811	4.304E-3	103.6921	
demographic.popSize78	207.5761	334.3028	103.07	1.9235E-4	752.7946	1471.3239	0.0107	103.0761	
demographic.popSize79	213.5737	349.6485	104.0977	1.6533E-3	741.0866	1337.7242	5.7152E-3	104.0977	
demographic.popSize80	209.3166	357.0552	100.707	3.6357E-3	726.4828	1467.0034	0.0617	100.7673	
demographic.popSize81	205.8521	342.0172	101.2443	4.8829E-3	723.9072	1509.7845	4.8829E-3	101.2443	
demographic.popSize82	204.6685	334.1371	101.1319	0.011	719.5021	1430.0566	6.2239E-3	101.1319	
demographic.popSize83	204.8338	327.3355	101.302	3.2948E-3	739.2466	1408.0377	0.012	101.302	
demographic.popSize84	211.7939	356.3226	104.1557	9.6637E-3	753.9325	1386.3277	9.6637E-3	104.1557	
demographic.popSize85	207.0907	330.9783	104.6298	0.027	736.9616	1426.8911	5.6689E-5	104.6298	
demographic.popSize86	205.8884	338.0167	100.8515	2.9301E-3	725.082	1429.5461	7.0705E-3	100.8515	
demographic.popSize87	211.7839	356.3329	104.4673	0.0309	744.0982	1325.59	0.0187	104.4673	
demographic.popSize88	211.8854	356.6979	102.91	3.6494E-3	733.5979	1286.4987	0.0174	102.91	
demographic.popSize89	203.7746	343.159	100.7912	3.0417E-3	724.4516	1447.2058	3.0417E-3	100.7912	
demographic.popSize90	211.3211	352.4409	102.4891	5.7138E-3	756.6268	1278.6055	7.8058E-3	102.4891	
demographic.popSize91	207.4106	339.167	101.6969	5.5633E-3	735.5022	1428.6061	5.5633E-3	101.6969	
demographic.popSize92	210.7533	347.3449	103.5018	0.078	746.8157	1475.6583	4.8738E-4	103.5018	
demographic.popSize93	208.8115	348.8683	101.7106	3.4988E-5	737.4608	1422.1138	0.0277	101.7294	
demographic.popSize94	207.6505	334.0011	102.489	0.0146	736.9077	1398.5411	0.0146	102.489	
demographic.popSize95	209.8164	351.7673	101.6301	2.4737E-3	747.1946	1363.4667	7.5433E-3	101.6301	
demographic.popSize96	209.1713	347.5424	103.0518	0.0363	731.4085	1338.6084	4.2818E-3	103.0518	
demographic.popSize97	207.0286	341.7729	101.4064	0.0138	735.2403	1356.1102	0.0395	101.4285	
demographic.popSize98	207.8807	349.8543	101.1445	1.0302E-3	734.9879	1439.6194	1.0302E-3	101.1445	
demographic.popSize99	208.6099	354.0656	101.6868	7.4382E-3	734.8727	1435.7155	0.0207	101.6895	
demographic.popSize100	207.7248	340.4213	102.1994	3.5615E-3	748.8749	1306.308	1.3153E-3	102.1994	
demographic.popSize101	205.1722	345.3146	99.9358	1.709E-3	730.5497	1392.0978	2.4668E-3	99.9363	
demographic.popSize102	207.3176	343.7457	102.3694	2.3152E-4	735.211	1386.0824	5.6296E-3	102.3694	
demographic.popSize103	210.6291	359.9392	102.8901	5.974E-5	743.5297	1327.1169	5.974E-5	102.8901	
demographic.popSize104	206.0561	340.9707	101.5372	5.4222E-3	724.4712	1398.0626	3.5602E-4	101.5372	
demographic.popSize105	212.0004	361.9706	100.5079	8.2303E-3	761.9974	1330.5554	8.2303E-3	100.5079	
demographic.popSize106	205.7572	344.7672	101.9717	1.1015E-3	727.8691	1487.8838	1.1015E-3	101.9717	
demographic.popSize107	208.6361	359.77	101.6806	6.8406E-3	725.6895	1459.2544	6.8406E-3	101.6806	
demographic.popSize108	203.5354	334.9265	100.056	7.2006E-3	729.4083	1463.7387	7.2006E-3	100.056	
demographic.popSize109	206.8615	346.1873	100.2667	4.8286E-4	747.9917	1384.6856	9.6388E-3	100.2667	
demographic.popSize110	208.5108	345.9314	101.2941	9.9132E-4	740.5298	1337.0299	9.9132E-4	101.2941	
demographic.popSize111	208.5345	347.0793	101.6058	1.9761E-3	732.906	1389.8259	0.0114	101.607	
demographic.popSize112	207.1044	356.739	101.5882	1.6825E-3	728.3351	1391.7568	0.0315	101.5947	
demographic.popSize113	210.0818	354.5505	101.2236	6.0048E-4	753.7637	1396.933	0.0113	101.2236	
demographic.popSize114	205.3615	355.8122	100.0181	9.5016E-4	718.9293	1408.1881	0.0325	100.0283	
demographic.popSize115	204.4588	331.8448	99.045	4.8071E-3	736.9157	1472.9979	4.8071E-3	99.045	
demographic.popSize116	206.2531	361.5481	97.5992	0.0102	749.8526	1304.8969	0.0102	97.5992	
demographic.popSize117	206.1859	344.9622	96.5581	2.525E-3	742.3409	1338.2695	2.525E-3	96.5581	
demographic.popSize118	204.0868	340.3788	99.6787	1.979E-4	734.3468	1395.2692	1.979E-4	99.6787	
demographic.popSize119	202.8806	339.6089	99.8583	7.4008E-3	722.0121	1482.2675	7.4008E-3	99.8583	
demographic.popSize120	205.94	352.4109	99.1954	2.9084E-3	740.9042	1426.2039	2.9084E-3	99.1954	
demographic.popSize121	204.1948	347.5469	99.654	4.1153E-3	720.5825	1426.1214	9.0922E-4	99.654	
demographic.popSize122	206.0544	349.0537	99.3951	8.3874E-3	730.919	1490.3886	8.3874E-3	99.3951	
demographic.popSize123	204.7374	353.5169	98.4998	0.0103	729.969	1441.1731	0.0103	98.4998	
demographic.popSize124	203.4192	340.226	100.7455	8.7501E-3	721.796	1505.1089	8.6547E-3	100.7455	
demographic.popSize125	203.0116	343.9201	100.0763	3.4327E-4	724.446	1460.5991	3.4327E-4	100.0763	
demographic.popSize126	206.3762	361.479	99.2248	2.4722E-5	741.4804	1419.9104	0.0104	99.2248	
demographic.popSize127	199.4599	343.5663	97.357	2.7119E-3	710.7841	1449.9101	2.7119E-3	97.357	
demographic.popSize128	203.5664	338.427	98.0761	9.6191E-4	722.1318	1398.6027	0.0167	98.0895	
demographic.popSize129	204.6083	333.1895	97.776	6.4507E-3	745.1327	1385.6851	3.2031E-3	97.776	
demographic.popSize130	203.5302	352.1732	99.7386	2.7569E-3	719.8927	1531.6795	0.0171	99.7476	
demographic.popSize131	196.7998	325.6679	95.97	8.7573E-3	702.5213	1502.8804	9.7317E-3	95.97	
demographic.popSize132	191.3101	299.6895	95.2676	3.8185E-4	685.2193	1571.0388	0.0127	95.2743	
demographic.popSize133	203.1719	342.4513	98.8131	3.7381E-3	718.4475	1375.3283	5.1622E-3	98.8131	
demographic.popSize134	197.8272	338.2556	94.3901	0.0122	718.4057	1425.7564	0.0122	94.3901	
demographic.popSize135	200.9313	340.5106	97.3719	2.4141E-3	713.6062	1460.7231	6.5898E-3	97.3719	
demographic.popSize136	203.645	345.3796	98.7663	5.8801E-3	733.7608	1459.3082	9.3661E-3	98.7693	
demographic.popSize137	205.4911	348.2076	98.2581	1.3891E-4	736.7003	1412.8674	1.3891E-4	98.2581	
demographic.popSize138	205.5201	349.0355	99.1121	1.6013E-3	731.3537	1447.4607	1.6013E-3	99.1121	
demographic.popSize139	204.6803	346.7496	99.763	5.0828E-3	736.6078	1463.3046	5.0828E-3	99.763	
demographic.popSize140	201.2092	337.5694	96.7488	7.0229E-3	729.2647	1437.9249	0.0222	96.7553	
demographic.popSize141	198.872	345.5474	92.6631	4.9765E-3	721.1973	1430.3727	4.9765E-3	92.6631	
demographic.popSize142	203.3025	331.9127	99.5036	8.764E-3	732.783	1407.074	9.9192E-3	99.504	
demographic.popSize143	201.2011	340.1441	97.8577	1.8732E-3	719.2498	1471.5614	1.2632E-3	97.8577	
demographic.popSize144	203.1128	352.3175	98.3029	7.9579E-4	715.884	1305.1096	7.9579E-4	98.3029	
demographic.popSize145	203.7908	353.9989	98.1645	2.1582E-3	734.5302	1503.5774	8.72E-3	98.1645	
demographic.popSize146	204.5578	353.9043	98.3477	5.3431E-3	720.0186	1491.3587	5.3431E-3	98.3477	
demographic.popSize147	205.9507	350.2984	99.28	3.4016E-3	738.5381	1457.3052	3.4016E-3	99.28	
demographic.popSize148	201.4483	336.9848	97.0177	0.0107	724.5062	1427.2003	0.0293	97.0344	
demographic.popSize149	202.8256	349.9532	97.3033	3.0562E-3	716.4141	1410.5982	0.0164	97.3064	
demographic.popSize150	200.1789	348.7272	94.9119	3.171E-3	715.6669	1454.2031	2.4877E-3	94.9119	
demographic.popSize151	205.1706	347.2752	97.8589	4.2666E-3	739.4449	1376.6859	4.2666E-3	97.8589	
demographic.popSize152	203.6809	340.7798	95.8685	9.2169E-4	730.8414	1359.9231	9.2169E-4	95.8685	
demographic.popSize153	203.6143	340.5784	98.3003	1.0954E-3	720.3775	1393.8072	1.0954E-3	98.3003	
demographic.popSize154	202.1713	334.8251	96.4798	2.7594E-3	722.5885	1406.7305	0.0133	96.4798	
demographic.popSize155	202.2186	334.1019	97.3605	0.016	733.3918	1380.6972	0.016	97.3605	
demographic.popSize156	203.6091	349.6093	98.2101	4.4735E-3	732.4506	1327.059	2.1205E-3	98.2101	
demographic.popSize157	205.2011	344.3637	97.5469	3.7619E-3	747.4511	1401.1809	3.7619E-3	97.5469	
demographic.popSize158	202.0467	333.0815	97.7288	1.0979E-3	735.2653	1413.0373	0.0215	97.7355	
demographic.popSize159	204.2458	351.5333	97.3313	5.958E-3	744.3052	1422.2397	5.958E-3	97.3313	
demographic.popSize160	202.8972	342.5064	97.1598	1.0143E-3	720.6472	1368.0632	1.0143E-3	97.1598	
demographic.popSize161	201.5883	358.8154	96.119	7.4821E-3	714.0733	1444.1028	6.001E-3	96.119	
demographic.popSize162	204.5302	352.9158	97.8155	0.0142	724.2781	1387.7051	0.0142	97.8155	
demographic.popSize163	206.0663	345.8701	98.2963	5.1884E-3	747.2922	1412.3241	8.687E-3	98.2963	
demographic.popSize164	204.31	345.7131	98.0214	3.3328E-3	725.7923	1420.2552	0.0522	98.0655	
demographic.popSize165	203.6238	339.8401	96.4186	8.1005E-3	738.8667	1451.3961	0.0225	96.4192	
demographic.popSize166	198.6914	328.6124	95.8791	6.2063E-3	714.2379	1457.7577	6.2063E-3	95.8791	
demographic.popSize167	208.8574	350.4225	99.7009	1.5335E-3	758.9467	1321.6213	0.0107	99.7046	
demographic.popSize168	202.6758	350.2163	96.4456	7.5728E-3	734.5253	1413.888	8.3482E-3	96.4456	
demographic.popSize169	201.539	356.8872	96.4431	2.104E-4	726.7147	1431.713	0.0524	96.4712	
demographic.popSize170	201.8342	334.7626	97.4524	4.5203E-4	731.151	1341.4666	0.044	97.4726	
demographic.popSize171	201.5053	348.5716	96.5677	8.2113E-3	720.9662	1391.8762	8.2113E-3	96.5677	
demographic.popSize172	205.8273	357.2251	96.5689	1.3765E-4	753.8809	1319.4473	2.447E-3	96.57	
demographic.popSize173	203.5667	352.1481	97.0553	6.3333E-3	731.3125	1337.8265	4.682E-3	97.0553	
demographic.popSize174	196.6452	333.462	94.8736	0.012	702.8439	1480.6442	0.0206	94.8768	
demographic.popSize175	204.4281	354.4044	96.2703	9.217E-4	751.6383	1288.8835	7.0724E-4	96.2703	
demographic.popSize176	205.7695	364.219	97.8476	1.0787E-3	735.7801	1418.0511	1.0787E-3	97.8476	
demographic.popSize177	204.6045	349.3918	96.8877	7.7565E-3	738.6251	1344.0452	6.9732E-3	96.8877	
demographic.popSize178	204.0354	345.2875	97.5919	6.0319E-3	729.1549	1439.9892	6.9727E-3	97.5919	
demographic.popSize179	204.0405	341.1642	97.3032	0.0127	737.8521	1432.3569	8.2561E-3	97.3033	
demographic.popSize180	202.4723	345.8182	97.0025	0.0178	723.3415	1353.273	0.062	97.0302	
demographic.popSize181	205.2996	371.5454	95.0217	0.0123	738.3999	1278.522	0.0131	95.0217	
demographic.popSize182	199.7361	330.6851	96.9823	6.6717E-3	714.461	1419.8954	6.6717E-3	96.9823	
demographic.popSize183	201.4728	336.3299	95.9595	0.0158	736.4082	1412.6468	0.0157	95.9595	
demographic.popSize184	200.9158	334.8548	95.3138	5.3803E-4	732.3078	1418.9579	0.0144	95.3138	
demographic.popSize185	205.329	354.7633	97.0685	1.2484E-3	739.3173	1413.954	1.2484E-3	97.0685	
demographic.popSize186	203.7751	343.8513	97.8626	3.3129E-3	727.2827	1291.9476	3.3129E-3	97.8626	
demographic.popSize187	205.0222	377.7403	97.2086	2.9679E-3	730.7542	1495.3698	0.0108	97.2086	
demographic.popSize188	202.4063	341.9632	97.197	1.0838E-3	728.1877	1342.2302	1.0838E-3	97.197	
demographic.popSize189	203.6074	342.4584	98.1649	1.8173E-3	739.6136	1460.4491	1.8173E-3	98.1649	
demographic.popSize190	200.7256	348.4257	95.7917	6.9915E-3	730.7712	1403.8193	3.1074E-3	95.7917	
demographic.popSize191	202.8396	338.4128	98.8055	5.0655E-3	724.4008	1467.1038	9.8551E-4	98.8055	
demographic.popSize192	205.8494	348.196	98.3865	1.7967E-3	739.727	1384.5428	1.7967E-3	98.3865	
demographic.popSize193	201.9055	340.6274	98.3984	1.382E-3	723.5839	1443.0762	0.01	98.3984	
demographic.popSize194	200.3297	329.8609	96.013	1.5867E-3	720.7359	1387.6495	2.7068E-4	96.013	
demographic.popSize195	205.6556	350.8834	97.6636	3.7582E-3	730.5315	1312.4137	3.7582E-3	97.6636	
demographic.popSize196	206.4253	361.3303	97.7953	1.4956E-3	750.0787	1334.0411	0.0104	97.7953	
demographic.popSize197	205.7651	350.1294	97.8527	4.126E-4	746.3266	1456.2354	5.9349E-3	97.8527	
demographic.popSize198	199.062	332.2307	96.3417	5.6812E-3	724.0207	1437.9995	4.2201E-3	96.3417	
demographic.popSize199	204.1406	341.4432	99.1365	0.0107	740.8605	1337.6646	0.0326	99.1419	
demographic.popSize200	202.0296	348.6338	97.1876	1.6465E-3	710.0541	1476.9941	1.6465E-3	97.1876	
demographic.indicators1	4.1247E-3	0.0641	0	0	0	9070.3645	0	0	
demographic.indicators2	0.0346	0.1828	0	0	0	474.8403	0	0	
demographic.indicators3	0.0182	0.1336	0	0	0	802.5259	0	0	
demographic.indicators4	0.0112	0.1052	0	0	0	1092.5413	0	0	
demographic.indicators5	0.0472	0.212	0	0	0	472.8657	0	0	
demographic.indicators6	0.0518	0.2217	0	0	1	468.1988	0	0	
demographic.indicators7	0.035	0.1839	0	0	0	513.5529	0	0	
demographic.indicators8	0.0376	0.1903	0	0	0	518.9121	0	0	
demographic.indicators9	0.05	0.2179	0	0	0	532.7047	0	0	
demographic.indicators10	0.0306	0.1722	0	0	0	654.8967	0	0	
demographic.indicators11	0.0409	0.1981	0	0	0	644.2099	0	0	
demographic.indicators12	0.0494	0.2167	0	0	0	603.4005	0	0	
demographic.indicators13	0.0773	0.2671	0	0	1	526.5428	0	0	
demographic.indicators14	0.0486	0.215	0	0	0	603.2207	0	0	
demographic.indicators15	0.0683	0.2522	0	0	1	503.7293	0	0	
demographic.indicators16	0.0679	0.2517	0	0	1	535.1797	0	0	
demographic.indicators17	0.0871	0.282	0	0	1	505.6078	0	0	
demographic.indicators18	0.0645	0.2456	0	0	1	531.996	0	0	
demographic.indicators19	0.0315	0.1748	0	0	0	651.2964	0	0	
demographic.indicators20	0.0344	0.1822	0	0	0	592.7791	0	0	
demographic.indicators21	0.0383	0.192	0	0	0	522.2428	0	0	
demographic.indicators22	0.0486	0.215	0	0	0	486.5741	0	0	
demographic.indicators23	0.0117	0.1075	0	0	0	755.2694	0	0	
demographic.indicators24	0.0152	0.1225	0	0	0	539.6936	0	0	
demographic.indicators25	7.808E-3	0.088	0	0	0	1540.248	0	0	
demographic.indicators26	8.684E-3	0.0928	0	0	0	941.4093	0	0	
demographic.indicators27	6.0233E-3	0.0774	0	0	0	1821.0873	0	0	
demographic.indicators28	6.0453E-3	0.0775	0	0	0	1331.7538	0	0	
demographic.indicators29	5.8553E-3	0.0763	0	0	0	1805.487	0	0	
demographic.indicators30	2.5967E-3	0.0509	0	0	0	4798.5864	0	0	
demographic.indicators31	6.102E-3	0.0779	0	0	0	1630.0047	0	0	
demographic.indicators32	4.896E-3	0.0698	0	0	0	1196.6526	0	0	
demographic.indicators33	6.482E-3	0.0802	0	0	0	658.0696	0	0	
demographic.indicators34	7.2413E-3	0.0848	0	0	0	932.1561	0	0	
demographic.indicators35	9.2187E-3	0.0956	0	0	0	778.1819	0	0	
demographic.indicators36	4.2733E-3	0.0652	0	0	0	2320.4091	0	0	
demographic.indicators37	7.152E-3	0.0843	0	0	0	953.5008	0	0	
demographic.indicators38	6.5047E-3	0.0804	0	0	0	1017.9847	0	0	
demographic.indicators39	7.532E-3	0.0865	0	0	0	929.5278	0	0	
demographic.indicators40	7.4467E-3	0.086	0	0	0	1222.595	0	0	
demographic.indicators41	6.054E-3	0.0776	0	0	0	3343.7057	0	0	
demographic.indicators42	0.0104	0.1012	0	0	0	1031.2467	0	0	
demographic.indicators43	6.5847E-3	0.0809	0	0	0	1708.7465	0	0	
demographic.indicators44	0.0144	0.1192	0	0	0	830.648	0	0	
demographic.indicators45	0.0109	0.1037	0	0	0	1130.0584	0	0	
demographic.indicators46	0.0155	0.1234	0	0	0	752.3128	0	0	
demographic.indicators47	8.4073E-3	0.0913	0	0	0	1861.6634	0	0	
demographic.indicators48	0.0168	0.1287	0	0	0	684.4607	0	0	
demographic.indicators49	0.0151	0.122	0	0	0	915.595	0	0	
demographic.indicators50	0.0243	0.1539	0	0	0	717.5326	0	0	
demographic.indicators51	0.0135	0.1155	0	0	0	898.3395	0	0	
demographic.indicators52	0.0212	0.144	0	0	0	760.1342	0	0	
demographic.indicators53	0.0133	0.1147	0	0	0	1054.8777	0	0	
demographic.indicators54	0.0159	0.1252	0	0	0	954.2733	0	0	
demographic.indicators55	0.012	0.1091	0	0	0	1158.5091	0	0	
demographic.indicators56	0.0216	0.1452	0	0	0	700.8606	0	0	
demographic.indicators57	0.0162	0.1264	0	0	0	1008.1918	0	0	
demographic.indicators58	0.0177	0.1319	0	0	0	816.3157	0	0	
demographic.indicators59	0.0227	0.1488	0	0	0	703.3356	0	0	
demographic.indicators60	0.0157	0.1243	0	0	0	821.6953	0	0	
demographic.indicators61	0.023	0.1499	0	0	0	831.6234	0	0	
demographic.indicators62	0.0193	0.1375	0	0	0	774.2921	0	0	
demographic.indicators63	0.0141	0.1177	0	0	0	1291.1652	0	0	
demographic.indicators64	0.0418	0.2002	0	0	0	683.4573	0	0	
demographic.indicators65	0.0161	0.1257	0	0	0	981.252	0	0	
demographic.indicators66	6.7013E-3	0.0816	0	0	0	1876.2238	0	0	
demographic.indicators67	0.02	0.1402	0	0	0	820.5663	0	0	
demographic.indicators68	0.0168	0.1287	0	0	0	1221.9818	0	0	
demographic.indicators69	0.0187	0.1355	0	0	0	800.8283	0	0	
demographic.indicators70	0.0142	0.1184	0	0	0	1150.0394	0	0	
demographic.indicators71	0.0182	0.1338	0	0	0	822.1872	0	0	
demographic.indicators72	0.0202	0.1407	0	0	0	723.1511	0	0	
demographic.indicators73	0.0111	0.1048	0	0	0	1108.4013	0	0	
demographic.indicators74	0.0155	0.1234	0	0	0	919.6486	0	0	
demographic.indicators75	0.0107	0.1028	0	0	0	1315.6451	0	0	
demographic.indicators76	0.0225	0.1484	0	0	0	827.157	0	0	
demographic.indicators77	0.0166	0.1278	0	0	0	896.3363	0	0	
demographic.indicators78	0.0231	0.1503	0	0	0	841.5146	0	0	
demographic.indicators79	0.016	0.1256	0	0	0	939.3189	0	0	
demographic.indicators80	0.0112	0.1054	0	0	0	1439.3209	0	0	
demographic.indicators81	0.014	0.1173	0	0	0	815.6495	0	0	
demographic.indicators82	9.3933E-3	0.0965	0	0	0	1213.3234	0	0	
demographic.indicators83	0.0144	0.1192	0	0	0	870.7467	0	0	
demographic.indicators84	0.0142	0.1183	0	0	0	1176.4331	0	0	
demographic.indicators85	0.0118	0.1079	0	0	0	766.0841	0	0	
demographic.indicators86	0.0203	0.1409	0	0	0	701.7109	0	0	
demographic.indicators87	0.0172	0.1299	0	0	0	765.4792	0	0	
demographic.indicators88	9.1393E-3	0.0952	0	0	0	1020.7324	0	0	
demographic.indicators89	0.0192	0.1372	0	0	0	672.4969	0	0	
demographic.indicators90	0.0118	0.108	0	0	0	927.7283	0	0	
demographic.indicators91	0.0164	0.1268	0	0	0	971.0646	0	0	
demographic.indicators92	0.0186	0.1351	0	0	0	832.6326	0	0	
demographic.indicators93	0.0145	0.1196	0	0	0	773.5267	0	0	
demographic.indicators94	0.0201	0.1404	0	0	0	848.0672	0	0	
demographic.indicators95	0.0136	0.1156	0	0	0	843.3983	0	0	
demographic.indicators96	8.8013E-3	0.0934	0	0	0	1113.9283	0	0	
demographic.indicators97	0.0128	0.1125	0	0	0	1197.7071	0	0	
demographic.indicators98	8.2607E-3	0.0905	0	0	0	1763.5143	0	0	
demographic.indicators99	0.0164	0.1269	0	0	0	709.6557	0	0	
demographic.indicators100	5.6087E-3	0.0747	0	0	0	3237.03	0	0	
demographic.indicators101	0.0103	0.1008	0	0	0	1092.8989	0	0	
demographic.indicators102	0.0129	0.1131	0	0	0	790.2802	0	0	
demographic.indicators103	0.0136	0.1158	0	0	0	729.1986	0	0	
demographic.indicators104	4.966E-3	0.0703	0	0	0	2160.6058	0	0	
demographic.indicators105	7.7973E-3	0.088	0	0	0	1185.5205	0	0	
demographic.indicators106	0.0109	0.1039	0	0	0	971.491	0	0	
demographic.indicators107	8.1647E-3	0.09	0	0	0	1161.019	0	0	
demographic.indicators108	5.564E-3	0.0744	0	0	0	1749.782	0	0	
demographic.indicators109	0.0105	0.1019	0	0	0	903.0988	0	0	
demographic.indicators110	0.012	0.1088	0	0	0	757.1451	0	0	
demographic.indicators111	9.556E-3	0.0973	0	0	0	790.455	0	0	
demographic.indicators112	7.3227E-3	0.0853	0	0	0	1833.9598	0	0	
demographic.indicators113	4.7333E-3	0.0686	0	0	0	3620.4187	0	0	
demographic.indicators114	4.1353E-3	0.0642	0	0	0	5244.0925	0	0	
demographic.indicators115	0.0183	0.1342	0	0	0	550.1261	0	0	
demographic.indicators116	0.0107	0.1027	0	0	0	1067.256	0	0	
demographic.indicators117	9.1827E-3	0.0954	0	0	0	1124.3648	0	0	
demographic.indicators118	6.226E-3	0.0787	0	0	0	2903.816	0	0	
demographic.indicators119	8.014E-3	0.0892	0	0	0	869.8166	0	0	
demographic.indicators120	8.048E-3	0.0893	0	0	0	1746.4043	0	0	
demographic.indicators121	5.068E-3	0.071	0	0	0	3106.3423	0	0	
demographic.indicators122	3.55E-3	0.0595	0	0	0	9982.7621	0	0	
demographic.indicators123	0.0105	0.1018	0	0	0	1329.6726	0	0	
demographic.indicators124	0.0105	0.1022	0	0	0	1018.7938	0	0	
demographic.indicators125	6.5387E-3	0.0806	0	0	0	2917.7118	0	0	
demographic.indicators126	0.0172	0.1301	0	0	0	655.9925	0	0	
demographic.indicators127	7.748E-3	0.0877	0	0	0	1227.6349	0	0	
demographic.indicators128	9.7087E-3	0.0981	0	0	0	1081.0731	0	0	
demographic.indicators129	0.0115	0.1067	0	0	0	910.8691	0	0	
demographic.indicators130	0.0189	0.1363	0	0	0	725.9032	0	0	
demographic.indicators131	0.0249	0.1558	0	0	0	513.338	0	0	
demographic.indicators132	0.0135	0.1156	0	0	0	868.8493	0	0	
demographic.indicators133	0.0235	0.1515	0	0	0	590.5158	0	0	
demographic.indicators134	0.0161	0.126	0	0	0	678.6721	0	0	
demographic.indicators135	5.2093E-3	0.072	0	0	0	3369.0548	0	0	
demographic.indicators136	6.618E-3	0.0811	0	0	0	1988.1084	0	0	
demographic.indicators137	8.8113E-3	0.0935	0	0	0	819.6286	0	0	
demographic.indicators138	6.0187E-3	0.0773	0	0	0	1816.2083	0	0	
demographic.indicators139	0.014	0.1175	0	0	0	941.4082	0	0	
demographic.indicators140	0.0298	0.1699	0	0	0	600.7094	0	0	
demographic.indicators141	6.6233E-3	0.0811	0	0	0	1663.7579	0	0	
demographic.indicators142	0.0118	0.1081	0	0	0	1008.1072	0	0	
demographic.indicators143	0.0145	0.1196	0	0	0	749.6103	0	0	
demographic.indicators144	0.0106	0.1025	0	0	0	1399.0786	0	0	
demographic.indicators145	0.0147	0.1204	0	0	0	927.5005	0	0	
demographic.indicators146	9.7093E-3	0.0981	0	0	0	1060.0409	0	0	
demographic.indicators147	0.0166	0.1277	0	0	0	685.4382	0	0	
demographic.indicators148	0.01	0.0997	0	0	0	1006.5004	0	0	
demographic.indicators149	0.0286	0.1667	0	0	0	594.5631	0	0	
demographic.indicators150	0.0121	0.1092	0	0	0	1052.8318	0	0	
demographic.indicators151	0.0229	0.1497	0	0	0	607.315	0	0	
demographic.indicators152	7.0373E-3	0.0836	0	0	0	1389.3761	0	0	
demographic.indicators153	0.0116	0.1069	0	0	0	784.9875	0	0	
demographic.indicators154	0.0159	0.1251	0	0	0	1009.9134	0	0	
demographic.indicators155	6.936E-3	0.083	0	0	0	1628.921	0	0	
demographic.indicators156	0.0102	0.1003	0	0	0	1060.466	0	0	
demographic.indicators157	0.0109	0.104	0	0	0	1350.5967	0	0	
demographic.indicators158	0.0111	0.1047	0	0	0	1044.708	0	0	
demographic.indicators159	0.0178	0.1322	0	0	0	840.2664	0	0	
demographic.indicators160	0.0167	0.1281	0	0	0	832.2029	0	0	
demographic.indicators161	0.0135	0.1152	0	0	0	902.3745	0	0	
demographic.indicators162	7.0193E-3	0.0835	0	0	0	1218.4098	0	0	
demographic.indicators163	5.818E-3	0.0761	0	0	0	1854.7802	0	0	
demographic.indicators164	0.0143	0.1189	0	0	0	909.2917	0	0	
demographic.indicators165	0.0186	0.1349	0	0	0	828.823	0	0	
demographic.indicators166	8.0807E-3	0.0895	0	0	0	2024.3818	0	0	
demographic.indicators167	0.0207	0.1423	0	0	0	853.6514	0	0	
demographic.indicators168	0.0165	0.1275	0	0	0	859.202	0	0	
demographic.indicators169	0.0173	0.1305	0	0	0	956.6741	0	0	
demographic.indicators170	0.028	0.165	0	0	0	758.2215	0	0	
demographic.indicators171	0.0204	0.1414	0	0	0	620.2347	0	0	
demographic.indicators172	0.0171	0.1297	0	0	0	708.558	0	0	
demographic.indicators173	0.0205	0.1419	0	0	0	751.8712	0	0	
demographic.indicators174	0.0191	0.1367	0	0	0	854.6967	0	0	
demographic.indicators175	0.0127	0.1119	0	0	0	1072.3878	0	0	
demographic.indicators176	0.0202	0.1407	0	0	0	969.6617	0	0	
demographic.indicators177	0.0101	0.1	0	0	0	1269.0867	0	0	
demographic.indicators178	0.013	0.1134	0	0	0	1079.2423	0	0	
demographic.indicators179	0.0255	0.1577	0	0	0	819.4241	0	0	
demographic.indicators180	0.028	0.165	0	0	0	723.7622	0	0	
demographic.indicators181	0.0151	0.1221	0	0	0	1019.5172	0	0	
demographic.indicators182	0.031	0.1734	0	0	0	617.1606	0	0	
demographic.indicators183	0.0241	0.1535	0	0	0	804.4059	0	0	
demographic.indicators184	0.0182	0.1338	0	0	0	918.6283	0	0	
demographic.indicators185	0.0218	0.1459	0	0	0	836.5683	0	0	
demographic.indicators186	0.0171	0.1298	0	0	0	952.1667	0	0	
demographic.indicators187	0.0195	0.1383	0	0	0	608.4681	0	0	
demographic.indicators188	0.0167	0.1281	0	0	0	1209.3153	0	0	
demographic.indicators189	0.0264	0.1602	0	0	0	730.0702	0	0	
demographic.indicators190	9.592E-3	0.0975	0	0	0	1405.5148	0	0	
demographic.indicators191	9.4193E-3	0.0966	0	0	0	2228.0926	0	0	
demographic.indicators192	0.0139	0.1172	0	0	0	912.0916	0	0	
demographic.indicators193	0.0149	0.1211	0	0	0	916.3444	0	0	
demographic.indicators194	0.0144	0.119	0	0	0	1006.737	0	0	
demographic.indicators195	0.0135	0.1155	0	0	0	1713.8762	0	0	
demographic.indicators196	7.2667E-3	0.0849	0	0	0	4386.1053	0	0	
demographic.indicators197	0.0138	0.1165	0	0	0	1240.6855	0	0	
demographic.indicators198	0.0102	0.1004	0	0	0	2036.788	0	0	
demographic.indicators199	0.0119	0.1086	0	0	0	4716.4767	0	0	
kappa	2.2035	0.1421	2.1991	1.9224	2.4773	51847.094	2.0888	2.2792	
frequencies1	0.2808	0.0102	0.2806	0.2612	0.3011	23252.3803	0.2738	0.2874	
frequencies2	0.2155	8.9676E-3	0.2155	0.1979	0.2328	19596.0897	0.2092	0.2213	
frequencies3	0.1845	8.385E-3	0.1844	0.1681	0.201	26893.8762	0.1792	0.1905	
frequencies4	0.3192	0.0108	0.3191	0.2984	0.3406	25122.4639	0.3116	0.3262	
alpha	0.5826	0.0495	0.5804	0.4876	0.6809	41516.8705	0.542	0.6077	
default.ucld.mean	1.9259E-3	6.2656E-4	1.8194E-3	8.8473E-4	3.1542E-3	485.1923	1.2931E-3	2.0255E-3	
default.ucld.stdev	0.0319	0.0238	0.0254	4.9441E-3	0.0758	665.5229	0.0101	0.0278	
host.ucld.mean	0.0222	6.0064E-3	0.0213	0.012	0.0342	546.7956	0.0164	0.0237	
host.ucld.stdev	7.2274E-3	6.3418E-3	5.5642E-3	2.2818E-7	0.0196	1943.2777	7.7904E-7	5.5645E-3	
default.meanRate	1.0883E-3	1.974E-4	1.0592E-3	7.4726E-4	1.5064E-3	436.3447	8.9873E-4	1.1389E-3	
default.coefficientOfVariation	4.0115	1.1123	3.72	2.3413	6.2189	424.9365	2.7249	3.9314	
default.covariance	0.0557	0.0585	0.041	-0.0246	0.1709	495.7043	-0.0123	0.048	
host.meanRate	0.0225	6.1422E-3	0.0217	0.012	0.0347	555.639	0.0165	0.024	
host.coefficientOfVariation	0.3214	0.2561	0.2623	1.143E-5	0.8232	2378.2145	1.688E-5	0.2623	
host.covariance	-0.0027	0.0499	-0.0033	-0.0999	0.0957	37745.2044	-0.0374	0.0298	
host.rates.Amaranthaceae.Brassicaceae	1.0137	0.813	0.8338	2.9259E-4	2.5256	3820.5806	0.0473	0.8803	
host.rates.Amaranthaceae.Fabaceae	0.999	0.9531	0.7207	2.7795E-5	2.8417	3938.1241	1.1364E-4	0.7208	
host.rates.Amaranthaceae.Poaceae	0.9044	0.9266	0.6161	3.0852E-5	2.75	8271.1657	5.3675E-5	0.6162	
host.rates.Amaranthaceae.Solanaceae	0.9574	0.8004	0.7716	1.1527E-4	2.4623	5399.076	0.0471	0.818	
host.rates.Brassicaceae.Fabaceae	0.9253	0.9463	0.6323	1.9197E-5	2.7798	6951.9693	1.1709E-4	0.6323	
host.rates.Brassicaceae.Poaceae	0.902	0.8577	0.668	1.1707E-5	2.5664	7273.0966	1.1707E-5	0.668	
host.rates.Brassicaceae.Solanaceae	0.9638	0.8028	0.781	5.0608E-5	2.461	4755.2943	2.3863E-3	0.7831	
host.rates.Fabaceae.Poaceae	1.2992	0.7497	1.1923	5.2965E-6	2.6599	3064.0039	0.6273	1.5013	
host.rates.Fabaceae.Solanaceae	1.3294	0.7831	1.2174	1.4213E-4	2.7708	1868.3596	0.6008	1.5463	
host.rates.Poaceae.Solanaceae	1.0254	0.8762	0.818	1.1493E-5	2.6881	2995.4056	4.1573E-4	0.8184	
host.rates.Brassicaceae.Amaranthaceae	0.9523	0.8994	0.7109	2.0338E-5	2.6699	4152.6924	2.2583E-5	0.7109	
host.rates.Fabaceae.Amaranthaceae	1.2995	0.8208	1.1977	1.0658E-4	2.78	1834.6211	0.5309	1.5738	
host.rates.Poaceae.Amaranthaceae	0.8758	0.9133	0.5842	5.0729E-6	2.6633	4272.2681	5.0729E-6	0.5842	
host.rates.Solanaceae.Amaranthaceae	0.8281	0.8872	0.5428	5.2903E-5	2.5935	9257.7255	2.4971E-4	0.543	
host.rates.Fabaceae.Brassicaceae	1.1189	0.7463	0.9943	3.3923E-5	2.4734	3857.3696	0.4143	1.2714	
host.rates.Poaceae.Brassicaceae	0.9147	0.8403	0.6856	1.2155E-4	2.5279	3035.8436	2.6132E-3	0.6875	
host.rates.Solanaceae.Brassicaceae	0.8942	0.7797	0.7013	3.6287E-5	2.3645	6141.6361	6.0809E-5	0.7013	
host.rates.Poaceae.Fabaceae	0.9592	0.9415	0.6726	3.25E-5	2.7993	3047.829	3.1193E-5	0.6726	
host.rates.Solanaceae.Fabaceae	0.8761	0.951	0.5585	2.8486E-6	2.7849	10240.3042	2.8486E-6	0.5585	
host.rates.Solanaceae.Poaceae	0.9728	0.7782	0.8085	2.3322E-4	2.4164	6810.2072	0.1	0.9045	
host.indicators.Amaranthaceae.Brassicaceae	0.6732	0.469	1	0	1	1359.9418	1	1	
host.indicators.Amaranthaceae.Fabaceae	0.3193	0.4662	0	0	1	1236.5629	0	0	
host.indicators.Amaranthaceae.Poaceae	0.2717	0.4449	0	0	1	2020.6636	0	0	
host.indicators.Amaranthaceae.Solanaceae	0.6134	0.487	1	0	1	1327.8283	1	1	
host.indicators.Brassicaceae.Fabaceae	0.2706	0.4443	0	0	1	1772.195	0	0	
host.indicators.Brassicaceae.Poaceae	0.4263	0.4945	0	0	1	1658.9895	0	0	
host.indicators.Brassicaceae.Solanaceae	0.6356	0.4813	1	0	1	1368.4544	1	1	
host.indicators.Fabaceae.Poaceae	0.863	0.3438	1	0	1	589.173	1	1	
host.indicators.Fabaceae.Solanaceae	0.9109	0.2849	1	0	1	850.5103	1	1	
host.indicators.Poaceae.Solanaceae	0.5773	0.494	1	0	1	1424.5756	1	1	
host.indicators.Brassicaceae.Amaranthaceae	0.469	0.499	0	0	1	1625.9457	0	0	
host.indicators.Fabaceae.Amaranthaceae	0.8331	0.3729	1	0	1	776.4799	1	1	
host.indicators.Poaceae.Amaranthaceae	0.3774	0.4847	0	0	1	1437.1384	0	0	
host.indicators.Solanaceae.Amaranthaceae	0.3495	0.4768	0	0	1	3904.3603	0	0	
host.indicators.Fabaceae.Brassicaceae	0.7876	0.409	1	0	1	673.4506	1	1	
host.indicators.Poaceae.Brassicaceae	0.5828	0.4931	1	0	1	1557.7683	1	1	
host.indicators.Solanaceae.Brassicaceae	0.6496	0.4771	1	0	1	1442.0469	1	1	
host.indicators.Poaceae.Fabaceae	0.3644	0.4813	0	0	1	1200.1097	0	0	
host.indicators.Solanaceae.Fabaceae	0.1931	0.3947	0	0	1	6000.8859	0	0	
host.indicators.Solanaceae.Poaceae	0.6845	0.4647	1	0	1	1324.4509	1	1	
host.nonZeroRates	10.8523	1.7319	11	8	14	1443.4227	9	11	
default.treeLikelihood	-7464.7064	14.1528	-7464.2553	-7492.7665	-7437.3981	1436.8158	-7473.068	-7454.0124	
default.branchRates	-2382.6079	0	0	0	0	NaN	0	0	
host.branchRates	-2382.6079	0	0	0	0	NaN	0	0	
c_host.count[1]	105.5289	6.1849	105	94	117	1873.125	100	107	
c_allTransitions[1]	105.5284	6.1845	105	94	117	1879.9653	100	107	
coalescent	-1224.2385	37.8207	-1225.9677	-1297.8578	-1148.1813	436.9505	-1252.6682	-1203.3953	

