burnIn   <= 0,   maxState  = 150000200
statistic	mean	stdErr	median	hpdLower	hpdUpper	ESS	50hpdLower	50hpdUpper
joint	-15743.2519	143.9057	-15738.5203	-16040.3371	-15470.2257	483.837	-15828.4983	-15637.3639	
prior	-7578.3919	143.8155	-7574.6091	-7871.0444	-7303.2746	478.4077	-7666.3835	-7474.9048	
likelihood	-8164.8599	18.6153	-8164.479	-8201.6672	-8128.4946	1254.8187	-8176.133	-8151.3174	
treeModel.rootHeight	94.4016	29.2941	88.0783	48.6227	151.6498	526.2644	69.035	97.4921	
age(root)	1926.5984	29.2941	1932.9217	1869.3502	1972.3773	526.2644	1923.5079	1951.965	
treeLength	3249.0653	563.6833	3190.865	2198.5426	4381.2755	417.7594	2826.8587	3529.0766	
tmrca(ingroup)	94.4016	29.2941	88.0783	48.6227	151.6498	526.2644	69.035	97.4921	
age(ingroup)	1926.5984	29.2941	1932.9217	1869.3502	1972.3773	526.2644	1923.5079	1951.965	
demographic.populationSizeChanges	3.3133	0.5654	3	3	4	1558.3804	3	3	
demographic.populationMean	665.4225	592.9091	497.5824	84.4548	1726.4223	504.2454	173.3579	543.2651	
demographic.popSize1	437.1486	408.4061	284.0655	2.1115	1178.5166	518.5259	61.2967	338.4752	
demographic.popSize2	671.2697	1082.0277	331.873	4.7656E-4	2398.5907	1554.3374	4.7656E-4	331.873	
demographic.popSize3	659.5834	1044.318	333.895	1.4028E-3	2342.9102	1526.7826	1.4028E-3	333.895	
demographic.popSize4	646.2263	1084.4206	316.3051	1.9188E-3	2317.0334	1507.2687	1.9188E-3	316.3051	
demographic.popSize5	647.8177	1005.1751	327.4946	1.4619E-3	2329.0577	1488.763	0.0466	327.5028	
demographic.popSize6	576.9503	992.1621	261.5792	4.1363E-3	2166.4489	1313.1107	0.08	261.5903	
demographic.popSize7	659.1071	1009.5994	332.8909	0.024	2396.5995	1564.7721	0.024	332.8909	
demographic.popSize8	612.7368	986.1164	293.2069	0.0497	2225.7169	1367.2361	7.1632E-3	293.2069	
demographic.popSize9	476.5363	916.1276	194.0514	0.0157	1855.5812	1234.898	0.0254	194.0514	
demographic.popSize10	582.2835	949.8036	272.723	0.0579	2188.0335	1428.9319	0.0487	272.723	
demographic.popSize11	662.1198	1022.4744	331.9763	0.0264	2389.0269	1506.9961	0.0183	331.9763	
demographic.popSize12	644.6573	1065.2342	315.013	9.4614E-3	2291.9164	1361.3218	9.4614E-3	315.013	
demographic.popSize13	644.1282	1060.6085	312.8926	0.0172	2315.8342	1398.2341	0.0172	312.8926	
demographic.popSize14	656.8265	1112.231	322.8576	0.0156	2370.3237	1560.1696	0.1315	322.9384	
demographic.popSize15	636.4746	1030.2659	311.8264	2.9884E-3	2287.8802	1486.9533	2.9884E-3	311.8264	
demographic.popSize16	662.1375	1051.3931	333.1199	3.5784E-4	2359.2679	1592.2729	3.5784E-4	333.1199	
demographic.popSize17	648.6357	1068.1054	318.4245	3.5377E-3	2332.7894	1472.4217	0.1571	318.467	
demographic.popSize18	629.7866	1035.7374	298.9434	2.1486E-3	2345.3863	1391.0974	2.1486E-3	298.9434	
demographic.popSize19	650.8426	1008.857	331.0129	1.6749E-3	2318.4428	1554.7226	1.6749E-3	331.0129	
demographic.popSize20	672.8423	1038.3604	339.4421	8.8458E-3	2416.1037	1437.5159	8.8458E-3	339.4421	
demographic.popSize21	669.2995	1058.4211	332.1382	0.03	2389.5564	1516.4934	0.1264	332.1701	
demographic.popSize22	569.2473	1060.121	249.9358	2.5868E-4	2160.4676	1330.0458	2.5868E-4	249.9358	
demographic.popSize23	658.2631	1064.3613	333.1637	5.2421E-3	2353.8946	1564.4219	1.7859E-3	333.1637	
demographic.popSize24	666.6245	1033.9531	333.6154	6.5032E-3	2384.681	1541.5681	0.1111	333.6908	
demographic.popSize25	668.3552	1057.3052	339.6804	6.3728E-4	2374.9366	1439.791	0.0326	339.6956	
demographic.popSize26	668.8732	1088.9772	329.6237	0.0127	2417.3064	1516.9736	0.0127	329.6237	
demographic.popSize27	673.5913	1095.9416	334.4615	0.017	2357.4426	1581.9293	0.017	334.4615	
demographic.popSize28	668.3591	1080.3116	328.6529	5.4513E-3	2409.167	1506.369	3.6607E-3	328.6529	
demographic.popSize29	659.0947	1017.9171	335.5628	5.6803E-3	2343.6232	1527.6909	5.6803E-3	335.5628	
demographic.popSize30	663.6679	1099.4182	330.5043	0.0164	2367.9341	1525.2445	0.216	330.6633	
demographic.popSize31	663.8444	1062.1463	338.9075	8.7064E-3	2304.382	1523.7506	0.0181	338.9164	
demographic.popSize32	662.8981	1030.4839	335.0616	0.0112	2384.5157	1516.6002	6.2064E-3	335.0616	
demographic.popSize33	672.6924	1119.756	336.553	7.6411E-3	2396.2953	1497.9448	0.0168	336.5589	
demographic.popSize34	663.686	1106.5562	336.983	9.8045E-3	2354.8405	1615.4752	0.0559	336.989	
demographic.popSize35	667.5801	1085.4722	329.7641	0.0312	2411.5183	1554.2278	0.0312	329.7641	
demographic.popSize36	666.1672	1068.5966	333.2453	0.0138	2386.3725	1532.8141	0.0237	333.2453	
demographic.popSize37	674.7834	1092.6487	337.2332	0.0187	2396.3971	1524.5519	0.044	337.2332	
demographic.popSize38	667.7085	1060.3124	336.4196	0.0175	2372.6123	1520.7868	0.0175	336.4196	
demographic.popSize39	669.6175	1151.9098	333.7153	0.0338	2401.0981	1511.7544	0.0338	333.7153	
demographic.popSize40	675.7349	1116.9252	335.1324	0.0185	2443.4114	1456.182	0.0185	335.1353	
demographic.popSize41	666.8422	1089.6613	333.4492	0.0339	2355.1883	1614.1603	0.3025	333.6491	
demographic.popSize42	665.1425	1060.0546	326.8514	0.0133	2402.2845	1504.0923	0.0133	326.8514	
demographic.popSize43	660.835	1036.0798	340.7811	0.0197	2323.5583	1559.5103	0.0197	340.7852	
demographic.popSize44	660.5217	1110.6164	335.5615	0.0285	2301.2963	1535.4387	0.0384	335.5615	
demographic.popSize45	683.8357	1090.602	345.6746	9.6107E-3	2408.2262	1479.1601	0.084	345.6895	
demographic.popSize46	672.0971	1083.8651	334.0324	8.5915E-4	2396.3847	1534.7905	0.4888	334.0324	
demographic.popSize47	674.897	1060.308	346.7439	3.5142E-3	2410.1534	1416.4875	3.5142E-3	346.7439	
demographic.popSize48	686.533	1085.0784	339.6954	0.1094	2536.5495	1370.8244	0.2536	339.878	
demographic.popSize49	685.1185	1128.2016	337.0164	0.0474	2443.2413	1530.4631	0.0474	337.0164	
demographic.popSize50	676.9371	1064.2661	339.2658	0.0194	2338.5635	1471.1378	0.0205	339.2658	
demographic.popSize51	678.6415	1021.8856	347.9538	0.0187	2440.2646	1498.2783	0.0159	347.9538	
demographic.popSize52	696.4767	1075.0008	347.8365	7.6157E-3	2525.7934	1443.3873	7.6157E-3	347.8365	
demographic.popSize53	661.1675	1021.4013	342.8084	0.0758	2332.703	1566.6596	8.3005E-3	342.8084	
demographic.popSize54	668.7469	985.6942	342.7785	0.0795	2395.0469	1586.2387	5.9675E-3	342.7785	
demographic.popSize55	689.0782	1074.0662	342.808	2.2836E-3	2456.9105	1468.6529	0.066	342.8492	
demographic.popSize56	690.8319	1057.1775	350.3269	5.0135E-3	2493.5289	1386.6067	0.0139	350.3269	
demographic.popSize57	686.2016	1116.3359	345.2553	2.4442E-3	2354.3266	1515.3369	2.4442E-3	345.2553	
demographic.popSize58	702.0986	1044.3483	341.5965	0.0157	2501.1278	1330.9859	0.0534	341.6202	
demographic.popSize59	681.2663	1089.7709	347.6387	0.016	2359.2169	1474.0773	0.0198	347.6387	
demographic.popSize60	681.0426	1090.2271	337.0147	0.0579	2388.0794	1500.1649	0.0191	337.0147	
demographic.popSize61	679.6964	1059.025	346.142	0.0667	2359.9359	1417.9942	9.9574E-3	346.142	
demographic.popSize62	704.7095	1083.2852	356.2307	0.0141	2473.6528	1366.7361	0.0229	356.2307	
demographic.popSize63	689.8362	1040.2782	345.2814	9.1217E-4	2437.2864	1335.9008	9.1217E-4	345.2814	
demographic.popSize64	679.6875	1071.3055	343.1231	9.1413E-3	2479.0896	1520.1376	0.0687	343.1231	
demographic.popSize65	684.88	1061.4364	357.0467	0.145	2312.8955	1558.353	0.0548	357.0467	
demographic.popSize66	694.7966	1080.6106	348.2837	0.0225	2464.8457	1473.1127	0.0225	348.2837	
demographic.popSize67	678.6088	1064.4157	341.8105	0.3425	2356.9214	1454.6791	0.0324	341.8105	
demographic.popSize68	678.1161	1082.0591	349.623	0.0132	2374.1008	1507.7178	0.0415	349.6425	
demographic.popSize69	686.4398	1068.4223	350.9393	2.1834E-3	2426.3048	1434.6206	0.0352	350.9455	
demographic.popSize70	675.4115	1069.7133	344.2316	0.0845	2396.9851	1491.9058	0.0551	344.2316	
demographic.popSize71	681.9674	1070.3031	354.4412	0.0218	2354.5024	1563.0744	0.1034	354.457	
demographic.popSize72	691.9492	1077.0396	353.6877	1.7892E-4	2372.2545	1565.715	1.7892E-4	353.6877	
demographic.popSize73	673.3195	1094.4785	344.2183	2.4585E-3	2323.3314	1629.2793	0.0767	344.2313	
demographic.popSize74	692.8576	1195.0813	352.717	0.0107	2413.3908	1561.0874	0.0107	352.717	
demographic.popSize75	689.7979	1067.8673	350.2661	2.3884E-3	2455.6904	1401.7024	2.3884E-3	350.2661	
demographic.popSize76	688.5592	1020.3102	364.0059	0.0507	2290.489	1658.7338	0.1959	364.1239	
demographic.popSize77	689.9876	1113.6654	356.8967	0.0276	2411.8211	1478.9137	0.0779	356.8967	
demographic.popSize78	667.7508	1092.9488	348.4515	0.0218	2213.7194	1546.0979	0.0164	348.4515	
demographic.popSize79	668.2413	1107.2865	339.8824	0.0122	2334.125	1441.9687	0.0278	339.887	
demographic.popSize80	677.2338	1076.3682	340.6097	0.0142	2363.487	1445.4846	0.0142	340.6097	
demographic.popSize81	676.2958	1046.2764	344.0715	3.7854E-3	2383.912	1498.6169	0.2996	344.2442	
demographic.popSize82	680.6562	1105.1801	351.4519	4.7947E-4	2334.6658	1516.2777	4.7947E-4	351.4519	
demographic.popSize83	697.2845	1120.1053	348.0998	4.9543E-3	2464.2174	1466.0372	4.9543E-3	348.0998	
demographic.popSize84	664.4978	1034.8385	335.7858	0.0314	2334.3562	1577.3016	2.9498E-3	335.7858	
demographic.popSize85	673.2636	1055.9341	338.9935	0.0253	2351.3524	1517.4012	3.4767E-3	338.9935	
demographic.popSize86	676.2498	1045.5932	341.0831	4.2184E-3	2452.0683	1529.6249	4.2184E-3	341.0831	
demographic.popSize87	669.251	1047.5076	336.1987	0.0164	2324.2883	1553.2985	0.0578	336.1987	
demographic.popSize88	675.8916	1085.9361	336.7035	4.2592E-3	2381.7513	1499.0426	4.2592E-3	336.7035	
demographic.popSize89	667.1405	1056.3397	335.6355	0.0375	2376.2053	1589.2292	0.0388	335.6355	
demographic.popSize90	678.5936	1099.9459	340.3004	0.0203	2379.7008	1521.3384	1.5542E-3	340.3004	
demographic.popSize91	667.1073	1069.3168	334.1065	0.0324	2350.8597	1561.4401	0.0324	334.1081	
demographic.popSize92	675.5483	1103.0597	348.3629	0.0184	2310.205	1472.9092	0.0301	348.3778	
demographic.popSize93	680.4841	1098.9065	342.3973	1.9008E-3	2417.9909	1484.6934	0.0372	342.4263	
demographic.popSize94	670.4566	1118.4264	337.8527	5.8995E-3	2303.1208	1448.2676	0.1141	337.8937	
demographic.popSize95	676.3137	1051.9539	337.4883	0.0332	2367.8869	1429.0202	0.1726	337.5678	
demographic.popSize96	676.625	1063.5546	333.356	0.0412	2416.8894	1477.3192	0.0549	333.356	
demographic.popSize97	669.9328	1080.0657	336.6	0.0468	2357.6165	1624.0478	0.0468	336.6	
demographic.popSize98	667.4653	1194.3795	333.4756	0.0282	2348.0276	1692.4855	0.2237	333.6512	
demographic.popSize99	646.4037	1021.0718	322.5769	0.0204	2285.9748	1489.408	0.0204	322.5769	
demographic.popSize100	664.8971	1090.4811	333.6232	8.6676E-3	2352.696	1448.574	4.5407E-3	333.6232	
demographic.popSize101	665.8873	1047.6433	338.4942	0.0325	2374.6176	1540.2435	0.0998	338.5812	
demographic.popSize102	637.5014	1020.4424	314.3359	0.0268	2271.6462	1580.1411	0.0592	314.3397	
demographic.popSize103	660.1465	1057.7176	338.798	1.8582E-3	2316.7845	1595.8706	1.8582E-3	338.798	
demographic.popSize104	629.4631	1031.9207	311.3593	0.0135	2252.6396	1540.2583	0.0135	311.3593	
demographic.popSize105	666.704	1112.5335	336.261	8.8693E-4	2371.3774	1481.0551	8.8693E-4	336.261	
demographic.popSize106	660.9239	1045.9064	329.8664	3.3093E-3	2389.2863	1546.4766	3.3093E-3	329.8664	
demographic.popSize107	641.6113	1048.98	318.4592	0.0149	2311.5346	1477.1755	0.0149	318.4592	
demographic.popSize108	672.3266	1077.1859	332.903	0.0699	2407.4428	1498.3426	0.0277	332.903	
demographic.popSize109	653.019	1038.151	333.6886	5.6691E-3	2315.3851	1583.9948	0.2466	333.8991	
demographic.popSize110	651.657	1092.5555	323.7841	0.0145	2348.1926	1576.1452	0.0349	323.7841	
demographic.popSize111	656.0383	1020.2287	334.1325	5.3335E-3	2341.2154	1572.6191	5.3335E-3	334.1325	
demographic.popSize112	650.7489	1078.297	323.3554	3.1925E-3	2279.3604	1390.0623	3.1925E-3	323.3554	
demographic.popSize113	671.4185	1058.9958	335.2438	0.0202	2357.8478	1502.9492	0.0202	335.2438	
demographic.popSize114	656.0711	1059.8161	324.5235	6.9142E-3	2345.5581	1562.3595	0.0428	324.5235	
demographic.popSize115	659.4267	1022.6488	334.2689	0.0522	2340.8809	1640.6916	0.013	334.2689	
demographic.popSize116	662.1109	1145.9352	334.727	0.0123	2293.3966	1659.5114	0.0874	334.7592	
demographic.popSize117	659.0938	1100.1498	320.1068	0.0343	2367.0611	1587.6824	0.0439	320.1068	
demographic.popSize118	661.2285	1075.0047	326.9561	0.0484	2367.483	1627.3221	7.5205E-3	326.9561	
demographic.popSize119	664.8254	1047.4278	337.7367	0.0144	2368.483	1459.5132	0.2909	337.9625	
demographic.popSize120	655.9433	1033.1298	330.4946	0.0217	2306.1558	1520.0154	0.0217	330.4946	
demographic.popSize121	669.28	1081.968	335.9917	4.2873E-3	2361.202	1595.6457	4.2873E-3	335.9917	
demographic.popSize122	654.908	1048.5267	328.02	0.0139	2324.4622	1584.0774	0.0139	328.02	
demographic.popSize123	662.6206	1044.3599	331.7512	0.0154	2402.4038	1600.4196	0.0869	331.813	
demographic.popSize124	649.1964	992.5568	326.1545	5.1234E-3	2336.4274	1555.7482	0.0772	326.2235	
demographic.popSize125	649.0154	1064.2883	321.8588	8.4892E-3	2271.6997	1568.8973	0.1702	321.9491	
demographic.popSize126	657.5016	1059.5027	330.8686	8.8714E-3	2310.491	1482.7687	8.8714E-3	330.8686	
demographic.popSize127	651.1833	1092.0814	317.2455	0.0147	2327.6344	1444.0496	0.0495	317.2774	
demographic.popSize128	644.3961	1047.5491	316.2562	7.1663E-3	2303.4337	1459.4938	7.1663E-3	316.2562	
demographic.popSize129	654.2066	1032.0145	325.6239	0.0113	2323.5772	1552.4742	0.0113	325.6239	
demographic.popSize130	654.3448	1059.5974	323.3737	9.7821E-3	2325.8609	1631.965	9.7821E-3	323.3737	
demographic.popSize131	642.203	1023.4651	319.912	4.6327E-3	2302.3641	1519.8634	0.1215	320.0111	
demographic.popSize132	643.2872	1033.8221	315.6058	2.5719E-3	2322.6445	1562.9254	0.0668	315.6374	
demographic.popSize133	656.5684	1080.531	319.9314	6.7562E-3	2383.3513	1467.5296	0.0459	319.9398	
demographic.popSize134	643.6394	1072.1003	316.262	2.2322E-3	2282.9767	1587.7481	0.018	316.262	
demographic.popSize135	639.3241	1042.2011	317.005	0.0156	2293.6976	1530.8549	0.1103	317.0673	
demographic.popSize136	654.4295	1039.0696	325.1235	5.1927E-3	2355.6616	1487.5593	0.0358	325.1333	
demographic.popSize137	658.4025	1069.6895	326.4207	0.0543	2379.9196	1521.8374	0.0543	326.4207	
demographic.popSize138	658.9219	1025.4366	331.0231	6.0691E-3	2384.6614	1523.4691	6.0691E-3	331.0231	
demographic.popSize139	652.9111	1063.9096	321.5869	0.0906	2356.5176	1467.1055	0.0906	321.6507	
demographic.popSize140	652.6254	1049.0423	322.7416	0.0232	2327.6584	1555.2143	0.0601	322.7577	
demographic.popSize141	652.107	1047.1252	325.715	0.0749	2350.7611	1601.6319	0.1003	325.715	
demographic.popSize142	663.1708	1069.1	330.9751	0.0532	2383.2348	1421.7276	0.022	330.9751	
demographic.popSize143	664.6913	1084.442	323.3158	0.0127	2444.7759	1426.0832	0.0127	323.3158	
demographic.popSize144	629.6674	978.9241	314.1954	4.9005E-3	2290.6443	1635.4769	0.0267	314.2073	
demographic.popSize145	657.786	1088.7841	328.641	0.0143	2333.3781	1524.4973	0.0127	328.641	
demographic.popSize146	663.6315	1070.6081	323.9604	0.0157	2419.439	1518.0815	0.1351	324.0444	
demographic.popSize147	651.6307	1080.778	318.7729	0.0194	2368.6117	1463.0823	0.0153	318.7729	
demographic.popSize148	664.5967	1094.3701	329.267	3.5854E-3	2405.6705	1498.4107	0.0775	329.2783	
demographic.popSize149	630.1917	1027.0851	308.6102	1.1868E-4	2296.5278	1471.5674	1.1868E-4	308.6102	
demographic.popSize150	652.0709	1031.6833	322.4639	0.059	2346.3886	1535.9374	0.1438	322.4775	
demographic.popSize151	662.6918	1071.9581	323.9514	4.1669E-3	2379.7723	1546.3041	7.0793E-3	323.9514	
demographic.popSize152	663.2524	1065.6621	327.1459	0.0497	2366.7194	1481.5448	0.1019	327.1657	
demographic.popSize153	670.5561	1096.9212	331.1358	0.0222	2391.3693	1500.0554	0.1247	331.2206	
demographic.popSize154	663.4253	1118.6819	329.6413	0.0114	2310.089	1625.4506	0.0712	329.6748	
demographic.popSize155	656.3915	1027.9672	332.743	2.0107E-3	2334.7055	1596.6751	2.0107E-3	332.743	
demographic.popSize156	665.1383	1047.7303	332.8067	0.0274	2380.7916	1518.2791	0.0165	332.8067	
demographic.popSize157	663.9082	1095.1461	331.9979	0.0181	2391.0372	1590.7068	0.163	332.0121	
demographic.popSize158	651.6449	1055.3381	322.9932	4.1232E-3	2342.4668	1493.4648	4.1232E-3	322.9932	
demographic.popSize159	668.2873	1076.9067	332.6622	0.0335	2381.5486	1617.715	0.1295	332.7263	
demographic.popSize160	669.0087	1093.2176	330.4749	3.7783E-3	2387.4914	1469.057	0.0163	330.4749	
demographic.popSize161	660.3119	1079.8425	333.6688	0.0243	2395.3224	1573.0423	0.0243	333.6688	
demographic.popSize162	676.6795	1152.4397	334.848	0.0175	2397.6081	1411.5657	0.0519	334.8733	
demographic.popSize163	660.2939	1050.1456	333.9695	0.0145	2321.9208	1544.5594	0.0145	333.9695	
demographic.popSize164	658.2548	1045.2768	332.4114	0.0317	2367.7192	1608.5635	0.0125	332.4114	
demographic.popSize165	672.5945	1104.3628	335.6285	0.0204	2402.6887	1481.1041	0.0318	335.6285	
demographic.popSize166	669.8648	1135.8551	331.6183	5.7036E-3	2343.0647	1376.7912	0.0208	331.6183	
demographic.popSize167	678.5061	1123.1118	336.5824	0.0326	2389.9619	1363.7174	0.0759	336.5943	
demographic.popSize168	665.88	1047.3894	333.3174	2.795E-3	2357.259	1488.5366	2.795E-3	333.3174	
demographic.popSize169	666.1117	1070.7499	335.1706	0.0188	2355.8125	1565.8975	6.5836E-3	335.1706	
demographic.popSize170	663.4662	1097.5532	329.2221	0.0219	2320.7252	1402.9979	0.0427	329.2221	
demographic.popSize171	665.2323	1054.7791	329.5069	0.0115	2375.429	1524.671	0.0115	329.5069	
demographic.popSize172	664.7509	1041.4062	334.691	8.4448E-4	2392.8389	1494.2293	0.025	334.6971	
demographic.popSize173	668.1586	1080.5333	335.9652	4.9318E-3	2366.7685	1609.5272	4.9318E-3	335.9652	
demographic.popSize174	668.0497	1094.4124	331.1193	1.2122E-3	2366.6616	1521.1639	1.2122E-3	331.1193	
demographic.popSize175	674.4686	1110.566	333.7625	0.0242	2404.5967	1495.1827	0.0723	333.7658	
demographic.popSize176	660.7659	1057.064	332.7498	0.0333	2332.8509	1559.8631	0.0578	332.7699	
demographic.popSize177	664.0469	1036.0231	339.3146	0.0359	2375.2045	1617.8024	0.1326	339.4136	
demographic.popSize178	667.4513	1043.9283	335.3025	6.9806E-3	2385.0931	1540.4344	0.0498	335.3025	
demographic.popSize179	660.0708	1047.8325	338.5229	8.0047E-3	2308.3782	1521.6499	8.0047E-3	338.5229	
demographic.popSize180	670.7676	1085.4581	336.3417	9.5409E-4	2386.6034	1535.7424	0.0769	336.3811	
demographic.popSize181	667.5177	1084.671	335.9976	0.0391	2342.2532	1510.5592	0.0391	335.9976	
demographic.popSize182	665.9032	1041.271	331.8893	0.0173	2415.0845	1577.9191	0.0173	331.8893	
demographic.popSize183	656.7034	1091.0459	333.149	0.0317	2307.5463	1551.4772	0.0317	333.149	
demographic.popSize184	665.9047	1036.9483	339.8394	6.0521E-3	2366.1435	1427.1617	6.0521E-3	339.8394	
demographic.popSize185	655.1964	1073.0848	328.0657	6.0926E-3	2321.5551	1503.4232	6.0926E-3	328.0657	
demographic.popSize186	665.907	1013.5233	334.7511	0.0155	2403.7777	1570.5262	0.0155	334.7511	
demographic.popSize187	665.1989	1086.4442	331.724	0.0327	2355.4542	1495.5553	0.0327	331.7372	
demographic.popSize188	670.9097	1117.4545	334.4569	0.0111	2332.2168	1537.3765	0.0168	334.4569	
demographic.popSize189	670.2624	1061.8872	329.3589	0.0813	2389.9019	1509.3027	0.0813	329.3589	
demographic.popSize190	665.1443	1057.8584	333.3685	0.0421	2367.8018	1429.6169	0.0823	333.381	
demographic.popSize191	659.4771	1024.2228	337.4842	4.7831E-3	2324.8988	1597.3067	4.7831E-3	337.4842	
demographic.popSize192	670.4489	1061.9999	336.0007	7.5861E-3	2394.6809	1512.0656	7.3607E-3	336.0007	
demographic.popSize193	662.0156	1027.0996	336.8482	0.0359	2351.7563	1582.6738	0.0359	336.8519	
demographic.popSize194	667.259	1035.999	334.7321	0.0145	2389.0374	1577.0033	0.0436	334.7321	
demographic.popSize195	664.1324	1064.7208	336.9575	5.5936E-3	2363.2539	1645.3331	0.0645	336.9649	
demographic.popSize196	663.1986	1086.4845	330.737	0.0243	2375.3524	1548.9475	8.5474E-3	330.737	
demographic.popSize197	671.8628	1107.0277	327.7441	4.0274E-3	2356.4236	1541.8941	4.0274E-3	327.7441	
demographic.popSize198	661.3648	1061.8353	329.517	8.0918E-4	2357.3665	1543.8937	0.104	329.6145	
demographic.popSize199	659.1362	1054.482	329.3855	6.5893E-3	2371.7021	1455.1957	0.0582	329.3918	
demographic.popSize200	675.3736	1111.1268	333.9038	4.4664E-3	2397.0791	1507.9776	4.4664E-3	333.9038	
demographic.indicators1	2.1347E-3	0.0462	0	0	0	58223.2221	0	0	
demographic.indicators2	7.9067E-4	0.0281	0	0	0	72808.3586	0	0	
demographic.indicators3	0.0421	0.2007	0	0	0	408.0823	0	0	
demographic.indicators4	0.0175	0.1312	0	0	0	396.4812	0	0	
demographic.indicators5	0.1187	0.3235	0	0	1	382.9913	0	0	
demographic.indicators6	1.542E-3	0.0392	0	0	0	1292.5991	0	0	
demographic.indicators7	0.0609	0.2391	0	0	1	385.8119	0	0	
demographic.indicators8	0.2074	0.4055	0	0	1	387.496	0	0	
demographic.indicators9	0.1225	0.3278	0	0	1	385.4446	0	0	
demographic.indicators10	8.7013E-3	0.0929	0	0	0	448.6071	0	0	
demographic.indicators11	0.042	0.2007	0	0	0	397.3083	0	0	
demographic.indicators12	0.0464	0.2105	0	0	0	394.1561	0	0	
demographic.indicators13	8.3153E-3	0.0908	0	0	0	564.7961	0	0	
demographic.indicators14	0.0491	0.216	0	0	0	403.486	0	0	
demographic.indicators15	1.0813E-3	0.0329	0	0	0	1412.3329	0	0	
demographic.indicators16	0.0346	0.1828	0	0	0	396.7621	0	0	
demographic.indicators17	0.0783	0.2686	0	0	1	399.8588	0	0	
demographic.indicators18	0.0169	0.1288	0	0	0	433.2331	0	0	
demographic.indicators19	4.4473E-3	0.0665	0	0	0	842.6931	0	0	
demographic.indicators20	3.7007E-3	0.0607	0	0	0	906.7363	0	0	
demographic.indicators21	0.144	0.3511	0	0	1	382.7653	0	0	
demographic.indicators22	2.6733E-3	0.0516	0	0	0	2874.8436	0	0	
demographic.indicators23	3.2127E-3	0.0566	0	0	0	1673.0675	0	0	
demographic.indicators24	2.036E-3	0.0451	0	0	0	19216.1382	0	0	
demographic.indicators25	2.2353E-3	0.0472	0	0	0	44198.8858	0	0	
demographic.indicators26	2.1727E-3	0.0466	0	0	0	25554.7203	0	0	
demographic.indicators27	2.404E-3	0.049	0	0	0	12224.415	0	0	
demographic.indicators28	2.286E-3	0.0478	0	0	0	30694.3908	0	0	
demographic.indicators29	4.1767E-3	0.0645	0	0	0	3861.3795	0	0	
demographic.indicators30	2.6453E-3	0.0514	0	0	0	26486.5364	0	0	
demographic.indicators31	4.148E-3	0.0643	0	0	0	4581.184	0	0	
demographic.indicators32	2.2967E-3	0.0479	0	0	0	22322.2425	0	0	
demographic.indicators33	7.2967E-3	0.0851	0	0	0	1712.8788	0	0	
demographic.indicators34	3.0333E-3	0.055	0	0	0	3608.8813	0	0	
demographic.indicators35	3.4667E-3	0.0588	0	0	0	4152.8083	0	0	
demographic.indicators36	4.4813E-3	0.0668	0	0	0	2995.5421	0	0	
demographic.indicators37	4.2713E-3	0.0652	0	0	0	2878.5111	0	0	
demographic.indicators38	9.9467E-3	0.0992	0	0	0	867.9989	0	0	
demographic.indicators39	4.6587E-3	0.0681	0	0	0	2479.0392	0	0	
demographic.indicators40	3.5113E-3	0.0592	0	0	0	8150.2318	0	0	
demographic.indicators41	5.6827E-3	0.0752	0	0	0	1540.5793	0	0	
demographic.indicators42	5.9567E-3	0.0769	0	0	0	1813.4167	0	0	
demographic.indicators43	2.7853E-3	0.0527	0	0	0	5994.8745	0	0	
demographic.indicators44	9.0933E-3	0.0949	0	0	0	857.1925	0	0	
demographic.indicators45	9.5007E-3	0.097	0	0	0	1225.7228	0	0	
demographic.indicators46	6.5373E-3	0.0806	0	0	0	1699.1544	0	0	
demographic.indicators47	0.0144	0.1193	0	0	0	584.1557	0	0	
demographic.indicators48	0.0122	0.1096	0	0	0	725.5466	0	0	
demographic.indicators49	8.9087E-3	0.094	0	0	0	1136.9255	0	0	
demographic.indicators50	0.0198	0.1391	0	0	0	721.3576	0	0	
demographic.indicators51	0.0215	0.1451	0	0	0	625.5697	0	0	
demographic.indicators52	0.0192	0.1373	0	0	0	672.5029	0	0	
demographic.indicators53	0.0192	0.1373	0	0	0	678.7522	0	0	
demographic.indicators54	0.019	0.1367	0	0	0	701.2652	0	0	
demographic.indicators55	0.0188	0.136	0	0	0	666.2691	0	0	
demographic.indicators56	0.0104	0.1016	0	0	0	1516.4852	0	0	
demographic.indicators57	0.0303	0.1714	0	0	0	580.3401	0	0	
demographic.indicators58	0.0247	0.1553	0	0	0	685.2089	0	0	
demographic.indicators59	0.0125	0.1111	0	0	0	1062.8749	0	0	
demographic.indicators60	0.0193	0.1374	0	0	0	667.4042	0	0	
demographic.indicators61	0.0289	0.1674	0	0	0	699.9431	0	0	
demographic.indicators62	0.0316	0.1749	0	0	0	620.2691	0	0	
demographic.indicators63	0.0213	0.1444	0	0	0	725.7075	0	0	
demographic.indicators64	0.0366	0.1877	0	0	0	608.0048	0	0	
demographic.indicators65	0.0195	0.1382	0	0	0	799.071	0	0	
demographic.indicators66	0.0219	0.1463	0	0	0	730.7212	0	0	
demographic.indicators67	0.0252	0.1567	0	0	0	858.0249	0	0	
demographic.indicators68	0.0233	0.1509	0	0	0	795.2581	0	0	
demographic.indicators69	0.0225	0.1484	0	0	0	713.2907	0	0	
demographic.indicators70	0.0246	0.155	0	0	0	853.346	0	0	
demographic.indicators71	0.0286	0.1666	0	0	0	575.0463	0	0	
demographic.indicators72	0.0137	0.1163	0	0	0	960.3439	0	0	
demographic.indicators73	0.023	0.1499	0	0	0	753.2454	0	0	
demographic.indicators74	0.0255	0.1578	0	0	0	632.7379	0	0	
demographic.indicators75	0.0418	0.2002	0	0	0	636.675	0	0	
demographic.indicators76	0.0267	0.1613	0	0	0	834.0767	0	0	
demographic.indicators77	0.0287	0.167	0	0	0	698.7683	0	0	
demographic.indicators78	0.0105	0.1021	0	0	0	1345.2295	0	0	
demographic.indicators79	0.0179	0.1326	0	0	0	837.015	0	0	
demographic.indicators80	0.0135	0.1152	0	0	0	797.7498	0	0	
demographic.indicators81	0.0249	0.1559	0	0	0	784.8837	0	0	
demographic.indicators82	0.0233	0.1508	0	0	0	727.5494	0	0	
demographic.indicators83	0.0238	0.1523	0	0	0	586.4851	0	0	
demographic.indicators84	0.021	0.1434	0	0	0	659.6179	0	0	
demographic.indicators85	8.7467E-3	0.0931	0	0	0	889.9439	0	0	
demographic.indicators86	8.748E-3	0.0931	0	0	0	1490.3876	0	0	
demographic.indicators87	0.0176	0.1315	0	0	0	705.6882	0	0	
demographic.indicators88	0.013	0.1135	0	0	0	687.0657	0	0	
demographic.indicators89	8.9333E-3	0.0941	0	0	0	1365.5733	0	0	
demographic.indicators90	0.0107	0.1028	0	0	0	1157.8915	0	0	
demographic.indicators91	0.0262	0.1598	0	0	0	558.8375	0	0	
demographic.indicators92	7.15E-3	0.0843	0	0	0	1334.2234	0	0	
demographic.indicators93	0.0183	0.1339	0	0	0	652.4656	0	0	
demographic.indicators94	0.0235	0.1514	0	0	0	559.256	0	0	
demographic.indicators95	9.9993E-3	0.0995	0	0	0	1026.0313	0	0	
demographic.indicators96	3.4793E-3	0.0589	0	0	0	3156.756	0	0	
demographic.indicators97	6.764E-3	0.082	0	0	0	1341.2977	0	0	
demographic.indicators98	0.0259	0.1589	0	0	0	499.9213	0	0	
demographic.indicators99	0.0235	0.1515	0	0	0	477.3332	0	0	
demographic.indicators100	0.0134	0.1151	0	0	0	629.2714	0	0	
demographic.indicators101	0.0241	0.1533	0	0	0	513.7438	0	0	
demographic.indicators102	0.0183	0.1339	0	0	0	571.712	0	0	
demographic.indicators103	0.0238	0.1523	0	0	0	481.3654	0	0	
demographic.indicators104	5.8707E-3	0.0764	0	0	0	1427.6954	0	0	
demographic.indicators105	0.0119	0.1085	0	0	0	652.5105	0	0	
demographic.indicators106	0.0253	0.1571	0	0	0	465.3567	0	0	
demographic.indicators107	4.7087E-3	0.0685	0	0	0	1269.6063	0	0	
demographic.indicators108	4.52E-3	0.0671	0	0	0	3536.8165	0	0	
demographic.indicators109	0.0226	0.1485	0	0	0	482.933	0	0	
demographic.indicators110	8.2493E-3	0.0905	0	0	0	785.4118	0	0	
demographic.indicators111	0.0446	0.2064	0	0	0	473.027	0	0	
demographic.indicators112	0.0118	0.1079	0	0	0	570.5667	0	0	
demographic.indicators113	0.0153	0.1227	0	0	0	746.1901	0	0	
demographic.indicators114	4.2913E-3	0.0654	0	0	0	1744.6161	0	0	
demographic.indicators115	0.0109	0.104	0	0	0	556.7186	0	0	
demographic.indicators116	0.0217	0.1456	0	0	0	525.9385	0	0	
demographic.indicators117	0.014	0.1174	0	0	0	560.3741	0	0	
demographic.indicators118	5.6947E-3	0.0752	0	0	0	1153.233	0	0	
demographic.indicators119	9.082E-3	0.0949	0	0	0	776.3275	0	0	
demographic.indicators120	5.986E-3	0.0771	0	0	0	1314.0215	0	0	
demographic.indicators121	0.016	0.1256	0	0	0	610.0085	0	0	
demographic.indicators122	0.0137	0.1162	0	0	0	590.9397	0	0	
demographic.indicators123	0.0114	0.1063	0	0	0	777.1512	0	0	
demographic.indicators124	0.016	0.1255	0	0	0	581.934	0	0	
demographic.indicators125	0.0106	0.1025	0	0	0	632.2151	0	0	
demographic.indicators126	0.0331	0.179	0	0	0	472.3052	0	0	
demographic.indicators127	0.0239	0.1528	0	0	0	557.1971	0	0	
demographic.indicators128	0.0149	0.121	0	0	0	620.7482	0	0	
demographic.indicators129	6.226E-3	0.0787	0	0	0	1677.3809	0	0	
demographic.indicators130	0.0227	0.1489	0	0	0	619.0896	0	0	
demographic.indicators131	0.0357	0.1855	0	0	0	488.0123	0	0	
demographic.indicators132	0.0222	0.1474	0	0	0	601.5832	0	0	
demographic.indicators133	0.0208	0.1427	0	0	0	599.3996	0	0	
demographic.indicators134	0.0311	0.1736	0	0	0	581.7254	0	0	
demographic.indicators135	0.0186	0.135	0	0	0	518.8521	0	0	
demographic.indicators136	0.0144	0.1192	0	0	0	724.6786	0	0	
demographic.indicators137	0.0142	0.1184	0	0	0	662.9276	0	0	
demographic.indicators138	0.0261	0.1594	0	0	0	625.1702	0	0	
demographic.indicators139	0.0186	0.1353	0	0	0	624.8394	0	0	
demographic.indicators140	0.0172	0.13	0	0	0	738.5045	0	0	
demographic.indicators141	0.0179	0.1325	0	0	0	614.0232	0	0	
demographic.indicators142	0.0132	0.1139	0	0	0	863.0963	0	0	
demographic.indicators143	0.0253	0.1569	0	0	0	555.8052	0	0	
demographic.indicators144	0.0211	0.1438	0	0	0	653.4221	0	0	
demographic.indicators145	0.0184	0.1345	0	0	0	687.363	0	0	
demographic.indicators146	0.0264	0.1603	0	0	0	597.0593	0	0	
demographic.indicators147	0.0102	0.1005	0	0	0	787.4465	0	0	
demographic.indicators148	0.0408	0.1978	0	0	0	500.4598	0	0	
demographic.indicators149	0.0212	0.1442	0	0	0	615.3742	0	0	
demographic.indicators150	0.0177	0.132	0	0	0	637.6534	0	0	
demographic.indicators151	0.0114	0.1063	0	0	0	779.7343	0	0	
demographic.indicators152	9.6107E-3	0.0976	0	0	0	888.9163	0	0	
demographic.indicators153	0.0108	0.1032	0	0	0	679.3191	0	0	
demographic.indicators154	8.3127E-3	0.0908	0	0	0	847.9293	0	0	
demographic.indicators155	5.1327E-3	0.0715	0	0	0	1670.1406	0	0	
demographic.indicators156	0.0162	0.1264	0	0	0	602.9496	0	0	
demographic.indicators157	0.0373	0.1894	0	0	0	499.6574	0	0	
demographic.indicators158	9.548E-3	0.0972	0	0	0	738.8134	0	0	
demographic.indicators159	0.0101	0.0999	0	0	0	666.4218	0	0	
demographic.indicators160	8.284E-3	0.0906	0	0	0	1037.2884	0	0	
demographic.indicators161	0.0105	0.1022	0	0	0	697.4259	0	0	
demographic.indicators162	5.398E-3	0.0733	0	0	0	1259.2892	0	0	
demographic.indicators163	3.2847E-3	0.0572	0	0	0	1384.0972	0	0	
demographic.indicators164	1.944E-3	0.044	0	0	0	2086.2892	0	0	
demographic.indicators165	0.0111	0.1046	0	0	0	562.7538	0	0	
demographic.indicators166	6.1793E-3	0.0784	0	0	0	560.5919	0	0	
demographic.indicators167	7.0527E-3	0.0837	0	0	0	803.4402	0	0	
demographic.indicators168	3.582E-3	0.0597	0	0	0	1138.6612	0	0	
demographic.indicators169	1.1667E-3	0.0341	0	0	0	7613.4769	0	0	
demographic.indicators170	4.306E-3	0.0655	0	0	0	751.789	0	0	
demographic.indicators171	1.0207E-3	0.0319	0	0	0	4998.9762	0	0	
demographic.indicators172	1.606E-3	0.04	0	0	0	974.7204	0	0	
demographic.indicators173	1.4093E-3	0.0375	0	0	0	2677.469	0	0	
demographic.indicators174	1.5907E-3	0.0399	0	0	0	1319.3233	0	0	
demographic.indicators175	9.64E-4	0.031	0	0	0	5310.1642	0	0	
demographic.indicators176	8.82E-4	0.0297	0	0	0	6044.8958	0	0	
demographic.indicators177	1.0353E-3	0.0322	0	0	0	11066.1782	0	0	
demographic.indicators178	3.614E-3	0.06	0	0	0	772.3064	0	0	
demographic.indicators179	4.52E-4	0.0213	0	0	0	42070.2077	0	0	
demographic.indicators180	5.2467E-4	0.0229	0	0	0	73406.5947	0	0	
demographic.indicators181	4.6867E-4	0.0216	0	0	0	80179.5624	0	0	
demographic.indicators182	6.6E-4	0.0257	0	0	0	19363.8944	0	0	
demographic.indicators183	7.3867E-4	0.0272	0	0	0	35470.6573	0	0	
demographic.indicators184	1.1987E-3	0.0346	0	0	0	7291.012	0	0	
demographic.indicators185	9.0933E-4	0.0301	0	0	0	12649.5819	0	0	
demographic.indicators186	7.5867E-4	0.0275	0	0	0	66054.7825	0	0	
demographic.indicators187	1.106E-3	0.0332	0	0	0	11278.6921	0	0	
demographic.indicators188	1.0687E-3	0.0327	0	0	0	39476.9672	0	0	
demographic.indicators189	9.2667E-4	0.0304	0	0	0	37980.0287	0	0	
demographic.indicators190	1.1127E-3	0.0333	0	0	0	20620.8806	0	0	
demographic.indicators191	1.2107E-3	0.0348	0	0	0	36394.0619	0	0	
demographic.indicators192	1.586E-3	0.0398	0	0	0	17386.8972	0	0	
demographic.indicators193	2.1653E-3	0.0465	0	0	0	16286.6803	0	0	
demographic.indicators194	2.068E-3	0.0454	0	0	0	11369.0209	0	0	
demographic.indicators195	4.0887E-3	0.0638	0	0	0	1771.524	0	0	
demographic.indicators196	5.4487E-3	0.0736	0	0	0	1602.8855	0	0	
demographic.indicators197	4.068E-3	0.0637	0	0	0	10275.7074	0	0	
demographic.indicators198	0.0131	0.1137	0	0	0	661.6079	0	0	
demographic.indicators199	7.912E-3	0.0886	0	0	0	4505.1555	0	0	
kappa	2.3525	0.1472	2.3477	2.0718	2.6427	27712.8349	2.233	2.4311	
frequencies1	0.2778	0.01	0.2777	0.2585	0.2977	26055.9444	0.2712	0.2847	
frequencies2	0.219	9.0547E-3	0.2189	0.2013	0.2369	20133.1633	0.2135	0.2258	
frequencies3	0.1815	8.3605E-3	0.1814	0.1654	0.1981	29673.543	0.1761	0.1872	
frequencies4	0.3217	0.0108	0.3216	0.3004	0.3428	22926.541	0.3139	0.3285	
alpha	0.6356	0.0532	0.6335	0.5329	0.7405	65941.0019	0.5958	0.6666	
default.ucld.mean	1.3862E-3	4.4968E-4	1.299E-3	6.8823E-4	2.2921E-3	458.1315	8.9515E-4	1.4024E-3	
default.ucld.stdev	0.0202	0.015	0.0157	3.5839E-3	0.0498	550.1062	6.9826E-3	0.0174	
host.ucld.mean	0.0113	2.5866E-3	0.0111	6.5904E-3	0.0164	610.8272	9.012E-3	0.0124	
host.ucld.stdev	2.6166E-3	2.2651E-3	2.0333E-3	8.9256E-10	7.0382E-3	2729.1441	1.6568E-7	2.0335E-3	
default.meanRate	6.458E-4	1.1339E-4	6.3724E-4	4.2925E-4	8.7755E-4	445.9905	5.5279E-4	6.9753E-4	
default.coefficientOfVariation	3.176	0.6322	3.0735	2.1714	4.5485	488.8727	2.5624	3.2581	
default.covariance	0.1289	0.0731	0.1203	7.368E-4	0.2725	503.7272	0.0538	0.1503	
host.meanRate	0.0114	2.6176E-3	0.0112	6.5717E-3	0.0165	615.4209	9.1078E-3	0.0125	
host.coefficientOfVariation	0.2282	0.1822	0.1865	5.6592E-8	0.5814	3743.7419	5.6592E-8	0.1865	
host.covariance	-0.0029	0.0499	-0.0031	-0.1007	0.0946	42919.658	-0.0362	0.0313	
host.rates.Amaranthaceae.Brassicaceae	0.6398	0.7063	0.2983	1.8645E-4	2.0833	1210.3852	0.2983	0.2998	
host.rates.Amaranthaceae.Fabaceae	1.8151	1.1626	2.6025	0.0703	2.827	493.7331	2.6025	2.827	
host.rates.Amaranthaceae.Poaceae	1.3675	0.8159	1.8056	1.9624E-4	2.2049	1148.6658	1.7693	1.8056	
host.rates.Amaranthaceae.Solanaceae	1.4791	0.8828	2.0197	2.5508E-5	2.2184	916.3658	1.9569	2.0197	
host.rates.Brassicaceae.Fabaceae	0.8763	0.7248	0.4023	5.3356E-4	2.342	715.4988	0.3969	0.4023	
host.rates.Brassicaceae.Poaceae	1.0206	0.6969	0.6362	1.51E-4	2.4674	824.8479	0.6362	0.6524	
host.rates.Brassicaceae.Solanaceae	1.0746	0.7324	0.643	7.6689E-4	2.5756	773.6676	0.6284	0.643	
host.rates.Fabaceae.Poaceae	1.8577	1.0352	2.7198	0.1114	2.7247	490.3038	2.7183	2.7268	
host.rates.Fabaceae.Solanaceae	2.4458	1.5676	3.8586	0.0333	3.8586	445.3725	3.8586	4.024	
host.rates.Poaceae.Solanaceae	0.636	0.7639	0.3303	2.9739E-4	2.1595	1854.013	0.3218	0.3303	
host.rates.Brassicaceae.Amaranthaceae	1.1493	0.6044	0.946	2.1317E-4	2.3945	1220.0423	0.946	0.9647	
host.rates.Fabaceae.Amaranthaceae	1.0834	0.6523	1.2214	7.956E-5	2.1253	2144.8768	1.2214	1.2391	
host.rates.Poaceae.Amaranthaceae	0.4743	0.5448	0.2254	8.5261E-5	1.5272	1465.8366	0.2254	0.2378	
host.rates.Solanaceae.Amaranthaceae	1.7438	1.1346	2.66	0.0305	2.7304	553.2026	2.66	2.7304	
host.rates.Fabaceae.Brassicaceae	2.6206	1.7696	4.2287	0.0756	4.2663	428.2716	4.2287	4.2678	
host.rates.Poaceae.Brassicaceae	0.8715	0.6442	0.9225	1.1589E-4	1.9782	7178.0318	0.9225	0.9294	
host.rates.Solanaceae.Brassicaceae	0.4718	0.7438	0.1262	7.3854E-6	2.0143	1471.1344	0.1248	0.1262	
host.rates.Poaceae.Fabaceae	0.9909	0.6823	1.08	3.9265E-5	2.1324	5847.6955	1.0736	1.08	
host.rates.Solanaceae.Fabaceae	0.9822	0.645	1.1482	2.4239E-4	2.0117	2249.6804	1.1482	1.1529	
host.rates.Solanaceae.Poaceae	1.5784	1.0002	2.3496	0.0293	2.382	604.4724	2.3496	2.382	
host.indicators.Amaranthaceae.Brassicaceae	0.5894	0.4919	1	0	1	1059.9243	1	1	
host.indicators.Amaranthaceae.Fabaceae	0.2002	0.4002	0	0	1	968.8978	0	0	
host.indicators.Amaranthaceae.Poaceae	0.072	0.2585	0	0	1	1558.728	0	0	
host.indicators.Amaranthaceae.Solanaceae	0.0575	0.2329	0	0	1	1408.4519	0	0	
host.indicators.Brassicaceae.Fabaceae	0.913	0.2818	1	0	1	470.0434	1	1	
host.indicators.Brassicaceae.Poaceae	0.9152	0.2786	1	0	1	491.0573	1	1	
host.indicators.Brassicaceae.Solanaceae	0.9107	0.2852	1	0	1	468.4373	1	1	
host.indicators.Fabaceae.Poaceae	0.3546	0.4784	0	0	1	526.4975	0	0	
host.indicators.Fabaceae.Solanaceae	0.1623	0.3687	0	0	1	607.5725	0	0	
host.indicators.Poaceae.Solanaceae	0.1166	0.321	0	0	1	3257.0324	0	0	
host.indicators.Brassicaceae.Amaranthaceae	0.9154	0.2783	1	0	1	505.9652	1	1	
host.indicators.Fabaceae.Amaranthaceae	0.1872	0.3901	0	0	1	674.7287	0	0	
host.indicators.Poaceae.Amaranthaceae	0.876	0.3295	1	0	1	1102.1437	1	1	
host.indicators.Solanaceae.Amaranthaceae	0.1158	0.32	0	0	1	1716.795	0	0	
host.indicators.Fabaceae.Brassicaceae	0.169	0.3747	0	0	1	616.0319	0	0	
host.indicators.Poaceae.Brassicaceae	0.1151	0.3191	0	0	1	1698.9721	0	0	
host.indicators.Solanaceae.Brassicaceae	0.6199	0.4854	1	0	1	569.0277	1	1	
host.indicators.Poaceae.Fabaceae	0.1228	0.3282	0	0	1	1835.511	0	0	
host.indicators.Solanaceae.Fabaceae	0.2075	0.4055	0	0	1	1053.1615	0	0	
host.indicators.Solanaceae.Poaceae	0.1743	0.3793	0	0	1	1176.7981	0	0	
host.nonZeroRates	7.7945	1.4508	7	6	11	637.9914	6	7	
default.treeLikelihood	-7852.3771	14.181	-7851.9544	-7880.1861	-7824.7093	1632.5061	-7860.9205	-7841.9755	
default.branchRates	-2382.6079	0	0	0	0	NaN	0	0	
host.branchRates	-2382.6079	0	0	0	0	NaN	0	0	
c_host.count[1]	113.533	6.4367	113	102	126	1015.7223	106	114	
c_allTransitions[1]	113.5304	6.4295	113	102	126	1016.1327	106	114	
coalescent	-1299.5324	42.185	-1299.6683	-1386.2627	-1215.8217	433.0911	-1328.9091	-1273.0271	

