burnIn   <= 0,   maxState  = 150000200
statistic	mean	stdErr	median	hpdLower	hpdUpper	ESS	50hpdLower	50hpdUpper
joint	-14642.8028	146.1806	-14636.4874	-14939.1789	-14361.8511	478.7223	-14718.2819	-14525.3049	
prior	-7336.4612	148.9011	-7329.311	-7636.791	-7048.5701	469.344	-7412.3319	-7215.4385	
likelihood	-7306.3416	19.9335	-7305.742	-7345.8699	-7267.8633	1029.0055	-7318.3482	-7291.4946	
treeModel.rootHeight	70.1806	18.4512	65.9885	43.1428	107.4699	534.9448	51.5446	70.4549	
age(root)	1950.8194	18.4512	1955.0115	1913.5301	1977.8572	534.9448	1950.5451	1969.4554	
treeLength	2064.9379	348.8179	2006.6366	1515.4471	2820.1249	414.6398	1684.4833	2109.5585	
tmrca(ingroup)	70.1806	18.4512	65.9885	43.1428	107.4699	534.9448	51.5446	70.4549	
age(ingroup)	1950.8194	18.4512	1955.0115	1913.5301	1977.8572	534.9448	1950.5451	1969.4554	
demographic.populationSizeChanges	3.4511	0.6615	3	3	5	951.2505	3	3	
demographic.populationMean	348.7948	282.407	263.2942	30.6367	907.3714	513.6971	85.3174	289.7696	
demographic.popSize1	143.9758	112.1365	122.6691	0.6988	346.364	494.4655	13.6509	127.7178	
demographic.popSize2	347.4446	532.0757	174.4811	5.5262E-3	1233.7597	1651.3033	2.3072E-3	174.4811	
demographic.popSize3	349.1291	522.7371	176.5661	3.8704E-3	1255.8037	1737.9752	3.8704E-3	176.5661	
demographic.popSize4	350.4258	536.5871	173.456	0.0111	1277.9867	1621.5301	0.0111	173.456	
demographic.popSize5	350.2363	517.1726	177.9667	7.6407E-4	1264.6855	1652.7349	7.6407E-4	177.9667	
demographic.popSize6	346.4606	538.7755	172.5289	6.6887E-4	1262.3288	1677.1633	6.6887E-4	172.5289	
demographic.popSize7	349.3744	532.9733	173.3737	9.7564E-3	1263.0228	1693.8084	0.0256	173.3889	
demographic.popSize8	345.8455	531.9406	169.1064	0.0105	1273.6482	1541.1574	2.965E-3	169.1064	
demographic.popSize9	344.5114	544.8701	172.1001	2.2136E-3	1248.639	1736.1447	0.0157	172.1107	
demographic.popSize10	337.4129	506.4047	169.2654	8.2122E-3	1218.8459	1735.0465	8.2122E-3	169.2654	
demographic.popSize11	348.6015	535.7075	172.6911	3.566E-3	1263.5425	1687.6758	1.0845E-3	172.6911	
demographic.popSize12	341.3375	533.9062	170.8511	3.3296E-4	1241.4575	1703.5689	3.3296E-4	170.8511	
demographic.popSize13	336.6999	500.9536	171.6407	4.646E-3	1232.179	1651.4291	0.0686	171.6878	
demographic.popSize14	340.1707	526.0944	167.948	1.9281E-3	1229.3404	1638.5355	0.0599	167.9738	
demographic.popSize15	345.6816	532.5809	172.7149	1.515E-3	1253.4038	1602.0397	1.515E-3	172.7149	
demographic.popSize16	326.6703	521.1178	152.073	0.0104	1226.2015	1519.3833	0.012	152.073	
demographic.popSize17	204.5137	427.526	48.1224	0.0594	905.437	1161.2392	0.0594	48.1274	
demographic.popSize18	318.4122	500.9533	155.0156	4.748E-3	1177.3338	1691.2344	0.047	155.0462	
demographic.popSize19	341.8642	517.9766	173.0647	0.0196	1222.1268	1663.3428	0.1163	173.1475	
demographic.popSize20	343.3751	519.3742	169.8072	6.6237E-3	1244.2408	1702.6907	2.574E-3	169.8072	
demographic.popSize21	274.6579	453.4307	121.8478	8.0982E-3	1059.0471	1427.0627	0.0121	121.8478	
demographic.popSize22	339.9279	535.7016	164.5104	1.2509E-3	1242.7409	1643.5953	7.7337E-3	164.5121	
demographic.popSize23	347.644	537.2045	169.2248	4.3235E-3	1276.534	1593.0279	7.3691E-3	169.2248	
demographic.popSize24	341.1079	534.5525	167.2492	7.581E-3	1244.0196	1568.0545	7.581E-3	167.2492	
demographic.popSize25	343.7368	522.6815	172.7104	1.7846E-3	1238.7325	1788.9153	6.7294E-3	172.7104	
demographic.popSize26	335.9443	525.8049	162.5568	7.8693E-4	1213.5407	1634.7615	0.0126	162.5568	
demographic.popSize27	349.1693	518.3133	178.4609	1.5233E-3	1246.6719	1702.9367	0.0138	178.4609	
demographic.popSize28	339.7393	521.4924	165.3362	2.508E-3	1232.6027	1587.0655	2.508E-3	165.3362	
demographic.popSize29	367.461	586.6348	178.5921	8.4901E-3	1351.4701	1164.6524	0.0156	178.5921	
demographic.popSize30	349.7287	524.4087	175.5566	0.0104	1252.7901	1660.0045	9.5159E-3	175.5566	
demographic.popSize31	361.1504	547.5304	177.0705	4.5089E-4	1334.3748	1491.2043	4.5089E-4	177.0705	
demographic.popSize32	349.6368	536.3507	175.521	3.5978E-3	1257.5511	1457.4164	3.5978E-3	175.521	
demographic.popSize33	352.7414	539.3533	178.201	3.127E-4	1277.0273	1532.5238	0.1356	178.3309	
demographic.popSize34	352.6506	528.3813	176.5252	8.8281E-3	1262.6787	1592.8169	2.5584E-3	176.5252	
demographic.popSize35	363.8838	555.1156	179.1282	5.6446E-3	1386.4448	1220.559	0.0147	179.1357	
demographic.popSize36	356.8503	533.7774	179.6684	2.5207E-3	1327.4463	1548.2465	2.5207E-3	179.6684	
demographic.popSize37	346.6065	509.6838	174.8989	1.1175E-3	1258.1755	1669.9114	1.1175E-3	174.8989	
demographic.popSize38	347.8264	514.3365	177.8949	0.0112	1264.8022	1593.9215	0.0112	177.8989	
demographic.popSize39	357.1633	544.9527	176.8898	0.0105	1314.9928	1511.8154	0.0124	176.8898	
demographic.popSize40	352.2255	533.7377	179.7208	8.4218E-3	1257.4085	1704.7897	8.4218E-3	179.7208	
demographic.popSize41	362.8231	569.0957	176.9711	3.7502E-4	1340.9872	1466.1208	0.1151	177.0371	
demographic.popSize42	369.8597	574.4469	180.4536	0.035	1375.359	1135.0143	0.0269	180.4536	
demographic.popSize43	363.7987	543.722	182.0771	0.0102	1302.8837	1331.6914	0.0206	182.0828	
demographic.popSize44	373.189	564.7699	178.3566	0.0156	1424.7851	1131.5934	0.0609	178.3715	
demographic.popSize45	364.4957	535.7609	180.9031	0.0593	1346.4974	1356.9592	2.4394E-3	180.9031	
demographic.popSize46	354.2318	534.4985	176.3846	9.0789E-3	1282.265	1550.1131	9.0789E-3	176.3846	
demographic.popSize47	370.3811	535.072	183.0381	8.2591E-4	1415.7889	1227.1228	0.014	183.0512	
demographic.popSize48	357.7116	545.0189	177.7768	0.0408	1317.1989	1522.3585	0.058	177.7924	
demographic.popSize49	370.884	570.972	181.8097	0.0637	1293.7256	1530.2846	3.27E-3	181.8097	
demographic.popSize50	362.3	558.2127	177.718	0.0114	1341.4661	1472.7698	0.0114	177.718	
demographic.popSize51	361.3454	535.32	183.2922	0.092	1297.5354	1596.5525	0.028	183.2922	
demographic.popSize52	373.3039	559.6737	183.2791	7.4025E-4	1352.1137	1353.688	7.4025E-4	183.2791	
demographic.popSize53	365.0344	538.0069	180.9172	2.8311E-3	1337.8475	1421.1524	2.8311E-3	180.9172	
demographic.popSize54	364.939	535.811	181.5786	0.0287	1348.3981	1448.158	0.0207	181.5786	
demographic.popSize55	372.1433	547.2619	193.5851	5.838E-3	1310.0792	1637.7823	5.838E-3	193.5851	
demographic.popSize56	373.4833	536.8176	192.3643	0.0215	1350.9107	1341.2142	0.0216	192.3643	
demographic.popSize57	370.6502	552.7084	179.626	0.0146	1357.9979	1282.8678	0.0129	179.626	
demographic.popSize58	359.9085	524.2089	179.3896	1.307E-3	1313.762	1476.8036	1.307E-3	179.3896	
demographic.popSize59	358.2331	518.7723	179.7761	4.2457E-3	1318.7838	1580.8132	4.2457E-3	179.7761	
demographic.popSize60	370.5842	544.1788	183.8893	0.1128	1350.5648	1472.5752	0.0186	183.8967	
demographic.popSize61	363.2828	551.0132	177.6506	0.0268	1374.6158	1494.939	0.018	177.6506	
demographic.popSize62	359.4112	576.8933	178.3046	5.2435E-3	1279.8197	1668.6658	5.2435E-3	178.3046	
demographic.popSize63	360.5751	527.24	182.4111	9.8985E-4	1271.3113	1524.6954	0.0573	182.4656	
demographic.popSize64	364.1537	561.1226	182.519	1.6585E-3	1278.7858	1663.3906	5.4588E-3	182.519	
demographic.popSize65	359.4992	524.9982	185.8241	1.366E-3	1299.4089	1502.4422	1.366E-3	185.8241	
demographic.popSize66	366.006	528.9134	185.5087	0.0103	1316.9254	1501.6061	0.0301	185.5154	
demographic.popSize67	385.9712	537.0044	197.1559	6.8949E-3	1478.2058	1180.114	0.0268	197.1575	
demographic.popSize68	349.4902	525.3535	174.3955	0.0839	1213.0831	1560.0737	4.4644E-3	174.3955	
demographic.popSize69	358.4213	527.958	181.3794	7.3811E-3	1284.3646	1592.5144	7.3811E-3	181.3794	
demographic.popSize70	357.9501	512.6358	181.3055	4.1325E-4	1289.1297	1527.7922	4.1325E-4	181.3055	
demographic.popSize71	366.7897	557.9648	183.6257	0.0119	1304.0506	1531.3794	0.0358	183.6275	
demographic.popSize72	356.7291	529.2913	185.5143	4.3965E-3	1241.875	1714.6433	9.4819E-3	185.5143	
demographic.popSize73	339.8501	525.2382	166.1181	0.0194	1227.4157	1544.0325	0.0194	166.1181	
demographic.popSize74	349.0194	503.9443	178.6136	0.0115	1257.5779	1602.6588	0.0115	178.6136	
demographic.popSize75	340.5764	514.0837	167.0615	0.0117	1203.672	1551.2997	0.016	167.0615	
demographic.popSize76	355.0495	538.176	183.748	0.0445	1248.4109	1701.291	0.0476	183.7725	
demographic.popSize77	346.897	510.5095	176.6877	3.468E-3	1190.403	1597.2342	4.2647E-3	176.6877	
demographic.popSize78	336.528	506.4974	169.2281	2.5606E-3	1227.3351	1627.0382	2.5606E-3	169.2281	
demographic.popSize79	346.5373	525.5819	172.7217	9.2647E-3	1235.5116	1591.1606	6.0645E-3	172.7217	
demographic.popSize80	348.6057	527.8272	175.6006	0.0115	1217.9891	1721.3861	0.0376	175.6006	
demographic.popSize81	349.0813	525.2959	177.021	8.2955E-3	1233.1364	1638.102	8.4766E-3	177.021	
demographic.popSize82	349.4447	508.8298	180.903	0.0132	1207.4044	1718.3714	0.0376	180.9165	
demographic.popSize83	345.6313	509.4553	177.7379	0.0111	1238.3127	1769.0662	0.0416	177.7633	
demographic.popSize84	349.8657	535.6443	172.5473	5.0463E-3	1284.9662	1643.5406	0.0148	172.5515	
demographic.popSize85	353.2085	532.1723	178.2311	5.4566E-3	1246.1116	1622.7726	0.0289	178.2497	
demographic.popSize86	339.0818	516.5496	170.2641	7.4631E-3	1221.0027	1647.1965	0.0321	170.2842	
demographic.popSize87	347.4518	549.1823	172.3634	8.9176E-4	1227.708	1694.762	8.9176E-4	172.3634	
demographic.popSize88	337.5491	522.5687	170.5048	8.5259E-4	1206.2418	1737.7087	0.0159	170.5088	
demographic.popSize89	340.1869	506.3945	174.1136	0.0157	1203.9885	1730.8479	0.0448	174.1367	
demographic.popSize90	346.8536	519.1474	176.9554	3.6399E-3	1244.5603	1654.6516	3.6399E-3	176.9578	
demographic.popSize91	350.4723	539.5435	175.3885	4.6352E-3	1250.688	1751.0978	1.3567E-3	175.3885	
demographic.popSize92	346.1215	521.6573	174.3539	6.1795E-5	1250.1694	1620.3031	6.1795E-5	174.3539	
demographic.popSize93	346.9602	544.8808	175.0998	2.4775E-3	1241.0943	1734.1115	0.0227	175.1011	
demographic.popSize94	347.0086	537.3089	175.1857	0.0113	1245.3577	1669.6359	0.0288	175.2024	
demographic.popSize95	337.0217	512.1783	169.1232	1.657E-3	1219.8424	1741.4937	1.657E-3	169.1232	
demographic.popSize96	339.0269	517.4096	167.4651	6.9412E-3	1233.1422	1646.8107	0.0434	167.499	
demographic.popSize97	355.9863	565.3249	174.989	2.513E-3	1303.8905	1629.3089	2.513E-3	174.989	
demographic.popSize98	342.5708	521.5039	171.9647	1.2859E-3	1230.0047	1663.5668	0.0302	171.9926	
demographic.popSize99	341.2561	513.5437	168.4324	4.2291E-3	1256.6559	1609.411	1.9233E-5	168.4324	
demographic.popSize100	348.1124	530.6728	173.3882	1.0611E-4	1260.1098	1681.4413	0.0328	173.4094	
demographic.popSize101	346.4667	525.9281	173.8538	2.4817E-3	1262.8846	1738.2038	0.0152	173.8585	
demographic.popSize102	333.2427	513.4538	162.9517	4.3748E-3	1212.4529	1645.6746	4.3748E-3	162.9517	
demographic.popSize103	343.2748	521.9209	171.1529	4.7115E-3	1234.893	1679.6529	5.6533E-3	171.1529	
demographic.popSize104	347.4006	520.8906	176.9952	7.4261E-3	1258.3496	1690.1974	9.4144E-3	176.9967	
demographic.popSize105	346.184	539.084	169.9864	0.0152	1251.6437	1683.1767	0.0497	169.9916	
demographic.popSize106	347.8376	547.1759	170.9795	3.5121E-4	1254.7206	1695.4468	3.5121E-4	170.9795	
demographic.popSize107	346.8668	521.8948	175.0255	9.1404E-3	1255.3478	1577.4922	7.9573E-3	175.0255	
demographic.popSize108	345.5486	529.4226	170.8847	6.2855E-3	1240.3277	1667.5336	6.2855E-3	170.8847	
demographic.popSize109	346.0249	539.3151	172.5534	0.0101	1249.0019	1634.8547	7.0264E-3	172.5534	
demographic.popSize110	343.7308	533.7649	168.4738	7.7811E-3	1246.7771	1699.6233	0.0172	168.4745	
demographic.popSize111	343.2885	511.1998	174.0978	8.1721E-4	1225.7359	1693.511	8.1721E-4	174.0978	
demographic.popSize112	343.5175	522.0468	171.3761	0.0307	1231.2504	1647.053	0.0925	171.4087	
demographic.popSize113	349.857	543.15	174.011	3.2429E-3	1258.7404	1590.0616	0.0334	174.0258	
demographic.popSize114	351.0526	536.6785	171.5308	0.0105	1291.4254	1565.8204	0.1264	171.61	
demographic.popSize115	337.6105	512.9298	167.8501	0.0202	1234.844	1659.041	0.0227	167.851	
demographic.popSize116	342.2997	523.3237	170.8343	6.677E-4	1216.8489	1642.7125	6.677E-4	170.8343	
demographic.popSize117	347.3092	529.9949	170.7667	2.5477E-3	1265.1923	1640.5721	0.059	170.7923	
demographic.popSize118	343.5453	527.7976	169.8885	0.0463	1231.2471	1650.1059	0.0605	169.9079	
demographic.popSize119	348.2645	555.504	172.1769	3.0223E-3	1250.7469	1752.5516	3.0223E-3	172.1769	
demographic.popSize120	346.6241	528.5033	172.9939	0.0208	1254.726	1658.6204	0.0298	172.9939	
demographic.popSize121	342.3606	513.9985	172.7737	4.34E-3	1210.201	1724.4417	4.34E-3	172.7737	
demographic.popSize122	343.982	516.6385	170.9486	6.6705E-5	1243.2948	1656.8388	0.0197	170.9527	
demographic.popSize123	347.3525	534.9571	174.9746	7.2248E-3	1265.7829	1736.1467	0.1004	175.0345	
demographic.popSize124	347.0041	540.8905	173.5142	7.0292E-3	1243.6842	1652.7762	4.8346E-3	173.5142	
demographic.popSize125	346.7795	526.7891	176.3163	4.9344E-3	1240.3787	1709.9185	0.0225	176.3163	
demographic.popSize126	345.6876	520.0443	173.482	0.0177	1238.5046	1676.2685	0.0508	173.4851	
demographic.popSize127	344.5525	543.5604	167.6745	1.4153E-3	1252.7257	1667.8134	8.3942E-3	167.6764	
demographic.popSize128	349.597	547.1867	175.4269	5.5357E-3	1272.0639	1709.2793	5.5357E-3	175.4269	
demographic.popSize129	348.7768	534.1073	176.1221	5.3179E-3	1240.1891	1697.3633	3.7807E-3	176.1221	
demographic.popSize130	343.2	525.7883	170.427	8.4034E-3	1240.1423	1646.0488	0.0668	170.4705	
demographic.popSize131	349.261	547.8546	171.0875	9.0144E-3	1256.8936	1585.9996	4.8597E-3	171.0875	
demographic.popSize132	347.7647	526.7648	174.0554	3.5651E-3	1257.5069	1661.7098	0.0474	174.0887	
demographic.popSize133	352.1648	550.7048	176.8458	0.0233	1277.6467	1705.8169	0.0294	176.8516	
demographic.popSize134	345.7002	531.9032	171.5548	7.3391E-3	1259.0615	1645.0816	0.0168	171.5624	
demographic.popSize135	352.1506	552.0901	174.4863	0.012	1291.9272	1722.2235	0.11	174.5435	
demographic.popSize136	342.9469	531.6929	173.4816	0.0267	1226.3503	1641.8182	0.0267	173.4912	
demographic.popSize137	350.0299	546.8744	174.844	6.7732E-3	1248.9853	1704.6932	6.7732E-3	174.844	
demographic.popSize138	340.2393	514.6415	171.3719	0.0181	1222.4563	1669.8567	0.0112	171.3719	
demographic.popSize139	350.8603	558.033	176.022	0.0126	1253.109	1797.8321	0.0449	176.0653	
demographic.popSize140	345.1657	515.6432	176.0082	0.0141	1255.7737	1654.7937	0.071	176.0558	
demographic.popSize141	350.032	526.8776	174.2725	3.9334E-3	1266.8323	1658.2896	0.0691	174.3195	
demographic.popSize142	351.7291	539.9331	173.5769	0.0157	1290.828	1693.4354	0.0157	173.5769	
demographic.popSize143	346.5217	529.2662	170.9754	3.4284E-3	1261.8142	1659.5354	3.4557E-3	170.9754	
demographic.popSize144	344.7413	529.1127	171.4039	3.4935E-3	1246.532	1670.614	3.4935E-3	171.4039	
demographic.popSize145	346.3854	528.7109	172.657	8.2072E-3	1232.3687	1681.4602	8.2072E-3	172.657	
demographic.popSize146	345.1525	532.965	173.2835	0.0152	1233.9077	1765.6379	0.0234	173.2864	
demographic.popSize147	347.3786	527.0314	175.189	7.7655E-3	1247.6635	1665.5933	0.0129	175.1917	
demographic.popSize148	344.8212	514.9734	174.1938	1.9954E-3	1263.5456	1615.1667	0.0461	174.2272	
demographic.popSize149	351.2707	530.9833	179.6374	1.7639E-3	1261.749	1746.092	3.7681E-5	179.6374	
demographic.popSize150	341.019	510.6587	174.283	2.9912E-3	1231.4769	1807.1856	0.0368	174.3033	
demographic.popSize151	344.183	516.3919	173.1819	2.1694E-3	1232.487	1671.2452	0.026	173.1854	
demographic.popSize152	348.5855	535.4138	174.2952	6.3016E-3	1249.4533	1619.224	0.0196	174.2952	
demographic.popSize153	348.2218	518.2911	175.7685	5.4907E-4	1254.3821	1706.3516	5.4907E-4	175.7685	
demographic.popSize154	344.6925	510.1759	174.6205	6.7529E-3	1254.1325	1697.2313	6.7529E-3	174.6205	
demographic.popSize155	350.354	534.3973	176.9549	5.9865E-3	1253.4398	1686.5032	0.0216	176.9549	
demographic.popSize156	349.831	524.8034	177.5239	2.6208E-3	1251.6199	1597.9525	4.0409E-3	177.5253	
demographic.popSize157	348.2185	527.9714	175.6221	1.2364E-3	1255.1467	1708.7738	0.0109	175.6221	
demographic.popSize158	346.7799	544.6043	172.0441	3.4381E-3	1251.7932	1754.4554	3.4381E-3	172.0441	
demographic.popSize159	347.0883	533.9518	173.2581	8.5549E-3	1237.9119	1760.5844	0.0733	173.2622	
demographic.popSize160	348.4256	530.6772	175.2404	0.0117	1248.2695	1688.0778	0.0117	175.2404	
demographic.popSize161	343.7147	519.1992	175.142	0.0167	1234.3532	1843.66	0.0388	175.1596	
demographic.popSize162	346.4622	520.8277	175.5835	3.5944E-3	1251.9751	1628.251	3.5944E-3	175.5835	
demographic.popSize163	347.578	531.771	174.7198	7.1344E-3	1256.1398	1753.86	0.0371	174.7386	
demographic.popSize164	346.8737	528.0928	173.4103	0.0134	1250.2553	1700.4499	0.0134	173.4103	
demographic.popSize165	347.6497	532.6878	176.8916	4.4799E-3	1248.7575	1723.6188	0.0112	176.8916	
demographic.popSize166	347.5255	538.8008	173.4683	4.1919E-3	1254.3145	1743.4474	0.0336	173.4835	
demographic.popSize167	348.3564	529.8469	175.2515	2.5804E-3	1255.7774	1704.1599	0.0235	175.2515	
demographic.popSize168	344.3677	519.8463	173.9414	0.0101	1239.4336	1672.4171	0.0434	173.9419	
demographic.popSize169	354.1121	552.8005	175.692	0.0138	1272.0435	1679.3796	3.8589E-3	175.692	
demographic.popSize170	356.076	550.4117	179.4116	9.2424E-3	1276.1407	1720.3973	3.0554E-3	179.4116	
demographic.popSize171	350.4516	536.9789	175.1939	4.2479E-3	1267.8528	1681.9825	0.0242	175.194	
demographic.popSize172	345.017	509.3622	174.766	1.1025E-3	1234.9809	1714.1555	0.0369	174.7682	
demographic.popSize173	345.8224	527.4262	174.6483	2.5488E-3	1253.3656	1733.6136	0.0704	174.6887	
demographic.popSize174	352.0249	541.1839	175.8594	0.0116	1258.9886	1623.0405	0.0825	175.9119	
demographic.popSize175	347.8146	525.7564	173.6796	1.4522E-3	1239.3562	1661.1325	8.2696E-3	173.6796	
demographic.popSize176	350.7118	523.1635	180.795	0.0105	1262.4737	1715.4142	7.1293E-3	180.795	
demographic.popSize177	346.7881	532.7741	173.3463	0.0203	1239.7335	1714.1988	0.0646	173.353	
demographic.popSize178	349.0623	520.7396	176.5655	3.5992E-3	1255.5413	1653.1083	3.5992E-3	176.5655	
demographic.popSize179	348.1201	514.4281	178.0407	0.0139	1239.6814	1665.8375	0.0241	178.0407	
demographic.popSize180	350.9434	530.0662	176.3659	2.0073E-3	1269.232	1686.5058	0.0792	176.4021	
demographic.popSize181	347.9127	531.5876	174.7037	9.8639E-3	1244.6797	1759.2453	9.8639E-3	174.7037	
demographic.popSize182	347.1089	530.7595	174.4726	9.1405E-3	1273.1612	1709.5164	9.1405E-3	174.4726	
demographic.popSize183	344.7813	526.0068	172.4757	6.0537E-3	1248.2263	1688.4661	6.0537E-3	172.4757	
demographic.popSize184	348.5363	523.5767	175.9135	0.0252	1240.3029	1691.5717	0.0442	175.9284	
demographic.popSize185	343.1692	511.7531	173.6152	0.0102	1235.3393	1687.9545	0.0102	173.6152	
demographic.popSize186	347.8593	533.2809	175.2507	9.3732E-3	1250.5949	1716.3716	0.0578	175.2839	
demographic.popSize187	346.4736	523.115	174.0141	0.0128	1239.1419	1723.6559	0.0428	174.0261	
demographic.popSize188	346.6022	516.8632	175.7291	0.0216	1254.5276	1729.5206	0.0484	175.75	
demographic.popSize189	347.4534	512.1728	175.1585	7.263E-5	1251.0069	1663.6765	7.263E-5	175.1585	
demographic.popSize190	348.6131	533.5589	173.6552	0.0129	1262.7894	1624.5732	2.4099E-3	173.6552	
demographic.popSize191	343.3388	515.3125	173.8431	8.9721E-3	1254.9534	1663.2113	8.9721E-3	173.8431	
demographic.popSize192	342.1959	523.6492	170.7837	3.6669E-4	1236.3208	1736.1709	3.6669E-4	170.7837	
demographic.popSize193	343.8952	517.7661	171.2566	0.0117	1252.7798	1672.6656	0.0117	171.2566	
demographic.popSize194	339.563	518.7455	168.7614	0.0227	1241.4553	1728.1031	6.1039E-3	168.7614	
demographic.popSize195	343.0076	525.9975	171.1382	1.6992E-3	1230.0252	1659.9151	0.0155	171.1462	
demographic.popSize196	345.767	528.9306	173.4025	6.9045E-3	1257.2711	1676.8715	6.9045E-3	173.4025	
demographic.popSize197	342.3976	519.8442	169.2755	0.0157	1251.1277	1635.2768	0.027	169.279	
demographic.popSize198	342.7806	523.4644	168.9135	5.455E-3	1253.2317	1718.3694	0.0116	168.9135	
demographic.popSize199	342.4205	524.9742	171.527	0.02	1252.6565	1664.4895	0.0447	171.5332	
demographic.popSize200	343.0706	518.1602	173.6844	0.0169	1263.0642	1547.034	0.0169	173.6844	
demographic.indicators1	2.1107E-3	0.0459	0	0	0	23657.7097	0	0	
demographic.indicators2	7.8933E-4	0.0281	0	0	0	56910.816	0	0	
demographic.indicators3	2.1987E-3	0.0468	0	0	0	2975.5423	0	0	
demographic.indicators4	1.5427E-3	0.0392	0	0	0	2203.9862	0	0	
demographic.indicators5	8.484E-3	0.0917	0	0	0	463.4491	0	0	
demographic.indicators6	1.9713E-3	0.0444	0	0	0	2370.5314	0	0	
demographic.indicators7	0.0309	0.173	0	0	0	418.5221	0	0	
demographic.indicators8	0.0198	0.1392	0	0	0	433.4681	0	0	
demographic.indicators9	0.0111	0.1047	0	0	0	496.9864	0	0	
demographic.indicators10	6.5293E-3	0.0805	0	0	0	790.9347	0	0	
demographic.indicators11	0.0154	0.123	0	0	0	522.1197	0	0	
demographic.indicators12	0.0187	0.1356	0	0	0	475.1031	0	0	
demographic.indicators13	0.0242	0.1537	0	0	0	470.0384	0	0	
demographic.indicators14	0.0132	0.1141	0	0	0	449.5916	0	0	
demographic.indicators15	0.0838	0.2771	0	0	1	404.5779	0	0	
demographic.indicators16	0.3704	0.4829	0	0	1	385.6292	0	0	
demographic.indicators17	0.0539	0.2259	0	0	1	411.6081	0	0	
demographic.indicators18	0.0177	0.1318	0	0	0	503.0155	0	0	
demographic.indicators19	9.892E-3	0.099	0	0	0	512.7089	0	0	
demographic.indicators20	0.1547	0.3616	0	0	1	395.918	0	0	
demographic.indicators21	0.0366	0.1879	0	0	0	419.2203	0	0	
demographic.indicators22	0.0221	0.1471	0	0	0	487.8452	0	0	
demographic.indicators23	0.036	0.1863	0	0	0	427.9858	0	0	
demographic.indicators24	3.2067E-3	0.0565	0	0	0	4222.7358	0	0	
demographic.indicators25	0.0442	0.2055	0	0	0	410.4436	0	0	
demographic.indicators26	5.5287E-3	0.0741	0	0	0	1249.7575	0	0	
demographic.indicators27	0.0381	0.1915	0	0	0	440.867	0	0	
demographic.indicators28	8.1033E-3	0.0897	0	0	0	838.8357	0	0	
demographic.indicators29	5.398E-3	0.0733	0	0	0	1011.7122	0	0	
demographic.indicators30	7.458E-3	0.086	0	0	0	1052.8814	0	0	
demographic.indicators31	6.8133E-3	0.0823	0	0	0	949.5439	0	0	
demographic.indicators32	5.468E-3	0.0737	0	0	0	866.5061	0	0	
demographic.indicators33	0.0138	0.1167	0	0	0	592.5333	0	0	
demographic.indicators34	0.0111	0.1049	0	0	0	590.2356	0	0	
demographic.indicators35	7.3367E-3	0.0853	0	0	0	678.0261	0	0	
demographic.indicators36	3.5753E-3	0.0597	0	0	0	2743.5586	0	0	
demographic.indicators37	4.312E-3	0.0655	0	0	0	3643.7689	0	0	
demographic.indicators38	8.0967E-3	0.0896	0	0	0	1306.215	0	0	
demographic.indicators39	6.7573E-3	0.0819	0	0	0	860.4127	0	0	
demographic.indicators40	0.0114	0.1063	0	0	0	920.2961	0	0	
demographic.indicators41	0.0187	0.1355	0	0	0	671.5931	0	0	
demographic.indicators42	0.0154	0.1229	0	0	0	664.2217	0	0	
demographic.indicators43	0.021	0.1435	0	0	0	562.49	0	0	
demographic.indicators44	0.0199	0.1396	0	0	0	674.4528	0	0	
demographic.indicators45	0.0153	0.1229	0	0	0	871.666	0	0	
demographic.indicators46	0.0251	0.1565	0	0	0	592.4911	0	0	
demographic.indicators47	0.0113	0.1055	0	0	0	749.7522	0	0	
demographic.indicators48	0.0196	0.1387	0	0	0	667.7106	0	0	
demographic.indicators49	0.0184	0.1345	0	0	0	791.3067	0	0	
demographic.indicators50	0.0148	0.1209	0	0	0	704.7287	0	0	
demographic.indicators51	0.0323	0.1768	0	0	0	722.3501	0	0	
demographic.indicators52	0.0212	0.144	0	0	0	660.1217	0	0	
demographic.indicators53	0.0281	0.1654	0	0	0	653.5098	0	0	
demographic.indicators54	0.0335	0.18	0	0	0	695.225	0	0	
demographic.indicators55	0.0356	0.1854	0	0	0	640.5524	0	0	
demographic.indicators56	0.0244	0.1543	0	0	0	639.9868	0	0	
demographic.indicators57	0.0151	0.1218	0	0	0	699.1317	0	0	
demographic.indicators58	0.0242	0.1536	0	0	0	649.2621	0	0	
demographic.indicators59	0.0232	0.1505	0	0	0	634.048	0	0	
demographic.indicators60	0.0237	0.1522	0	0	0	740.2878	0	0	
demographic.indicators61	0.0196	0.1385	0	0	0	610.2709	0	0	
demographic.indicators62	0.0224	0.1479	0	0	0	663.6157	0	0	
demographic.indicators63	0.0225	0.1483	0	0	0	653.2355	0	0	
demographic.indicators64	0.0207	0.1424	0	0	0	638.4788	0	0	
demographic.indicators65	0.0341	0.1815	0	0	0	559.4049	0	0	
demographic.indicators66	0.0581	0.234	0	0	1	543.8567	0	0	
demographic.indicators67	0.0409	0.198	0	0	0	473.2143	0	0	
demographic.indicators68	0.0226	0.1486	0	0	0	802.7618	0	0	
demographic.indicators69	0.0271	0.1624	0	0	0	640.7455	0	0	
demographic.indicators70	0.0326	0.1776	0	0	0	590.7929	0	0	
demographic.indicators71	0.0246	0.1548	0	0	0	773.1997	0	0	
demographic.indicators72	0.0416	0.1996	0	0	0	484.2544	0	0	
demographic.indicators73	0.0263	0.1601	0	0	0	691.0165	0	0	
demographic.indicators74	0.0506	0.2193	0	0	1	513.0772	0	0	
demographic.indicators75	0.0198	0.1394	0	0	0	717.585	0	0	
demographic.indicators76	0.0505	0.219	0	0	1	475.7346	0	0	
demographic.indicators77	0.0236	0.1518	0	0	0	467.7697	0	0	
demographic.indicators78	0.037	0.1887	0	0	0	557.5364	0	0	
demographic.indicators79	0.0235	0.1514	0	0	0	657.942	0	0	
demographic.indicators80	0.0118	0.108	0	0	0	1100.5989	0	0	
demographic.indicators81	0.0285	0.1664	0	0	0	629.251	0	0	
demographic.indicators82	0.0123	0.1101	0	0	0	784.1263	0	0	
demographic.indicators83	0.0189	0.1361	0	0	0	916.7568	0	0	
demographic.indicators84	0.0173	0.1304	0	0	0	700.2125	0	0	
demographic.indicators85	0.0211	0.1437	0	0	0	563.0366	0	0	
demographic.indicators86	0.0257	0.1582	0	0	0	548.1566	0	0	
demographic.indicators87	0.0214	0.1447	0	0	0	554.462	0	0	
demographic.indicators88	0.0178	0.1324	0	0	0	643.9433	0	0	
demographic.indicators89	0.0162	0.1261	0	0	0	596.4571	0	0	
demographic.indicators90	0.0141	0.1178	0	0	0	729.9748	0	0	
demographic.indicators91	0.0184	0.1343	0	0	0	622.2243	0	0	
demographic.indicators92	0.0132	0.1142	0	0	0	802.0517	0	0	
demographic.indicators93	0.0155	0.1235	0	0	0	595.7175	0	0	
demographic.indicators94	0.0194	0.138	0	0	0	524.4178	0	0	
demographic.indicators95	0.0291	0.168	0	0	0	546.3904	0	0	
demographic.indicators96	9.6987E-3	0.098	0	0	0	1185.5177	0	0	
demographic.indicators97	0.0176	0.1316	0	0	0	745.7251	0	0	
demographic.indicators98	0.0239	0.1527	0	0	0	595.0625	0	0	
demographic.indicators99	8.638E-3	0.0925	0	0	0	740.4543	0	0	
demographic.indicators100	0.011	0.1041	0	0	0	817.3138	0	0	
demographic.indicators101	0.0269	0.1618	0	0	0	519.1503	0	0	
demographic.indicators102	0.0264	0.1604	0	0	0	543.3352	0	0	
demographic.indicators103	0.0102	0.1004	0	0	0	1025.1974	0	0	
demographic.indicators104	0.0163	0.1265	0	0	0	822.7163	0	0	
demographic.indicators105	0.0244	0.1543	0	0	0	596.7868	0	0	
demographic.indicators106	0.0112	0.1054	0	0	0	883.6791	0	0	
demographic.indicators107	0.0169	0.1289	0	0	0	686.7647	0	0	
demographic.indicators108	0.021	0.1435	0	0	0	727.321	0	0	
demographic.indicators109	0.0197	0.1389	0	0	0	624.6006	0	0	
demographic.indicators110	6.4907E-3	0.0803	0	0	0	2091.4141	0	0	
demographic.indicators111	0.0105	0.102	0	0	0	1139.5592	0	0	
demographic.indicators112	0.0138	0.1167	0	0	0	841.8703	0	0	
demographic.indicators113	0.0154	0.1232	0	0	0	754.785	0	0	
demographic.indicators114	0.0226	0.1486	0	0	0	625.2924	0	0	
demographic.indicators115	0.0144	0.1191	0	0	0	677.0225	0	0	
demographic.indicators116	0.0118	0.1078	0	0	0	975.8713	0	0	
demographic.indicators117	0.0212	0.1439	0	0	0	720.0253	0	0	
demographic.indicators118	0.0168	0.1286	0	0	0	800.623	0	0	
demographic.indicators119	0.0151	0.1219	0	0	0	729.0543	0	0	
demographic.indicators120	0.0125	0.1112	0	0	0	1086.9992	0	0	
demographic.indicators121	0.0128	0.1126	0	0	0	818.8817	0	0	
demographic.indicators122	9.7193E-3	0.0981	0	0	0	829.4923	0	0	
demographic.indicators123	0.0177	0.1319	0	0	0	762.5925	0	0	
demographic.indicators124	0.0109	0.1038	0	0	0	1001.1112	0	0	
demographic.indicators125	0.0145	0.1196	0	0	0	954.0204	0	0	
demographic.indicators126	0.0187	0.1354	0	0	0	672.0165	0	0	
demographic.indicators127	0.0127	0.1118	0	0	0	790.9784	0	0	
demographic.indicators128	5.6267E-3	0.0748	0	0	0	1903.2532	0	0	
demographic.indicators129	0.0199	0.1396	0	0	0	524.7061	0	0	
demographic.indicators130	0.0172	0.1299	0	0	0	863.2943	0	0	
demographic.indicators131	0.0135	0.1155	0	0	0	1118.8326	0	0	
demographic.indicators132	0.0104	0.1013	0	0	0	958.0827	0	0	
demographic.indicators133	0.0136	0.1158	0	0	0	727.0096	0	0	
demographic.indicators134	6.5733E-3	0.0808	0	0	0	1442.0668	0	0	
demographic.indicators135	0.0123	0.1102	0	0	0	960.5191	0	0	
demographic.indicators136	6.3593E-3	0.0795	0	0	0	1809.5485	0	0	
demographic.indicators137	0.0101	0.1002	0	0	0	635.5134	0	0	
demographic.indicators138	3.28E-3	0.0572	0	0	0	3683.8181	0	0	
demographic.indicators139	7.0387E-3	0.0836	0	0	0	1403.5864	0	0	
demographic.indicators140	7.3707E-3	0.0855	0	0	0	840.4752	0	0	
demographic.indicators141	4.6553E-3	0.0681	0	0	0	1333.3457	0	0	
demographic.indicators142	0.0132	0.114	0	0	0	736.2131	0	0	
demographic.indicators143	8.572E-3	0.0922	0	0	0	738.1098	0	0	
demographic.indicators144	0.0112	0.1055	0	0	0	706.5243	0	0	
demographic.indicators145	2.8527E-3	0.0533	0	0	0	1695.6614	0	0	
demographic.indicators146	4.0493E-3	0.0635	0	0	0	1091.2211	0	0	
demographic.indicators147	3.776E-3	0.0613	0	0	0	1448.2423	0	0	
demographic.indicators148	2.1167E-3	0.046	0	0	0	1138.2011	0	0	
demographic.indicators149	4.6967E-3	0.0684	0	0	0	1217.1205	0	0	
demographic.indicators150	5.3707E-3	0.0731	0	0	0	1312.4424	0	0	
demographic.indicators151	4.0453E-3	0.0635	0	0	0	3097.6908	0	0	
demographic.indicators152	2.5013E-3	0.05	0	0	0	2751.369	0	0	
demographic.indicators153	4.5747E-3	0.0675	0	0	0	1209.2969	0	0	
demographic.indicators154	3.4767E-3	0.0589	0	0	0	1601.1369	0	0	
demographic.indicators155	2.454E-3	0.0495	0	0	0	4270.8181	0	0	
demographic.indicators156	1.762E-3	0.0419	0	0	0	3946.2235	0	0	
demographic.indicators157	1.3027E-3	0.0361	0	0	0	10407.4051	0	0	
demographic.indicators158	1.3367E-3	0.0365	0	0	0	3801.9693	0	0	
demographic.indicators159	2.8687E-3	0.0535	0	0	0	1649.0543	0	0	
demographic.indicators160	2.0927E-3	0.0457	0	0	0	4114.2518	0	0	
demographic.indicators161	7.1467E-4	0.0267	0	0	0	38926.0936	0	0	
demographic.indicators162	1.3967E-3	0.0373	0	0	0	9833.8334	0	0	
demographic.indicators163	2.2273E-3	0.0471	0	0	0	3207.201	0	0	
demographic.indicators164	3.1993E-3	0.0565	0	0	0	1163.7248	0	0	
demographic.indicators165	2.5267E-3	0.0502	0	0	0	4135.7866	0	0	
demographic.indicators166	1.256E-3	0.0354	0	0	0	6108.0866	0	0	
demographic.indicators167	6.492E-3	0.0803	0	0	0	685.9793	0	0	
demographic.indicators168	2.54E-3	0.0503	0	0	0	1642.2687	0	0	
demographic.indicators169	8.5533E-4	0.0292	0	0	0	24690.8697	0	0	
demographic.indicators170	8.04E-4	0.0283	0	0	0	24394.1613	0	0	
demographic.indicators171	1.342E-3	0.0366	0	0	0	5775.2081	0	0	
demographic.indicators172	3.452E-3	0.0587	0	0	0	1536.8038	0	0	
demographic.indicators173	4.6707E-3	0.0682	0	0	0	1063.5887	0	0	
demographic.indicators174	4.248E-3	0.065	0	0	0	2078.366	0	0	
demographic.indicators175	1.436E-3	0.0379	0	0	0	6228.8078	0	0	
demographic.indicators176	3.214E-3	0.0566	0	0	0	1027.3994	0	0	
demographic.indicators177	2.626E-3	0.0512	0	0	0	3952.3074	0	0	
demographic.indicators178	1.832E-3	0.0428	0	0	0	2542.5291	0	0	
demographic.indicators179	9.9067E-4	0.0315	0	0	0	59280.3849	0	0	
demographic.indicators180	1.8053E-3	0.0425	0	0	0	4011.5901	0	0	
demographic.indicators181	6.6653E-3	0.0814	0	0	0	664.1126	0	0	
demographic.indicators182	3.1753E-3	0.0563	0	0	0	4148.2961	0	0	
demographic.indicators183	5.146E-3	0.0716	0	0	0	903.8071	0	0	
demographic.indicators184	1.9127E-3	0.0437	0	0	0	14898.963	0	0	
demographic.indicators185	4.8813E-3	0.0697	0	0	0	1475.3942	0	0	
demographic.indicators186	4.4367E-3	0.0665	0	0	0	2219.5232	0	0	
demographic.indicators187	5.2673E-3	0.0724	0	0	0	1445.3697	0	0	
demographic.indicators188	5.284E-3	0.0725	0	0	0	1833.6912	0	0	
demographic.indicators189	9.444E-3	0.0967	0	0	0	1117.2174	0	0	
demographic.indicators190	6.2433E-3	0.0788	0	0	0	3126.2268	0	0	
demographic.indicators191	0.0129	0.1127	0	0	0	744.2266	0	0	
demographic.indicators192	0.0106	0.1026	0	0	0	1459.484	0	0	
demographic.indicators193	0.018	0.1331	0	0	0	938.2591	0	0	
demographic.indicators194	0.0157	0.1242	0	0	0	1150.0686	0	0	
demographic.indicators195	0.0132	0.1143	0	0	0	1747.328	0	0	
demographic.indicators196	0.0221	0.1469	0	0	0	848.056	0	0	
demographic.indicators197	0.0228	0.1492	0	0	0	1283.6804	0	0	
demographic.indicators198	0.022	0.1466	0	0	0	2067.2945	0	0	
demographic.indicators199	0.02	0.1399	0	0	0	1407.1636	0	0	
kappa	2.2858	0.1557	2.2794	1.9922	2.6019	47535.5208	2.1718	2.3802	
frequencies1	0.2801	0.0106	0.28	0.2592	0.3008	25687.1246	0.2725	0.2868	
frequencies2	0.1986	9.2099E-3	0.1985	0.1802	0.2162	11957.5422	0.1922	0.2046	
frequencies3	0.1954	8.9791E-3	0.1953	0.178	0.2132	25363.3333	0.1892	0.2013	
frequencies4	0.3259	0.0116	0.3259	0.3035	0.3486	12106.7395	0.3182	0.3339	
alpha	0.4853	0.044	0.4832	0.4001	0.5709	53378.2863	0.4498	0.5081	
default.ucld.mean	1.7315E-3	5.2594E-4	1.6646E-3	7.9218E-4	2.7652E-3	517.7598	1.2558E-3	1.9001E-3	
default.ucld.stdev	0.0209	0.0149	0.0172	2.2721E-3	0.0486	667.3431	7.6809E-3	0.0197	
host.ucld.mean	0.0213	6.5836E-3	0.02	0.011	0.0343	503.0395	0.0148	0.022	
host.ucld.stdev	4.9168E-3	4.4851E-3	3.6826E-3	6.6863E-8	0.0138	1922.5056	6.6863E-8	3.6826E-3	
default.meanRate	8.2148E-4	1.4011E-4	8.2035E-4	5.5171E-4	1.0744E-3	456.6033	7.3099E-4	9.2622E-4	
default.coefficientOfVariation	3.631	1.156	3.293	2.0794	5.9856	427.4344	2.3356	3.4331	
default.covariance	0.1202	0.0909	0.1014	-0.0064	0.2961	446.4408	2.6858E-3	0.1078	
host.meanRate	0.0214	6.6695E-3	0.0202	0.0111	0.0345	505.769	0.0149	0.0222	
host.coefficientOfVariation	0.2285	0.1864	0.1843	3.989E-6	0.5951	3146.6613	5.775E-6	0.1843	
host.covariance	-0.0022	0.0501	-0.0025	-0.1005	0.0959	43802.5884	-0.0371	0.0304	
host.rates.Amaranthaceae.Brassicaceae	1.0044	1.0647	0.657	1.7056E-6	3.2878	1418.2106	1.7056E-6	0.657	
host.rates.Amaranthaceae.Fabaceae	1.0454	0.9169	0.8278	1.5397E-4	2.7732	2704.184	5.083E-4	0.828	
host.rates.Amaranthaceae.Poaceae	0.9406	0.9415	0.6346	7.8662E-5	2.8245	2857.9259	8.6623E-4	0.6353	
host.rates.Amaranthaceae.Solanaceae	0.8452	0.8582	0.5844	1.8261E-4	2.5118	3457.9148	3.1894E-3	0.5866	
host.rates.Brassicaceae.Fabaceae	0.8826	0.9299	0.5849	1.3433E-6	2.7567	6126.3184	4.2237E-3	0.5887	
host.rates.Brassicaceae.Poaceae	0.9025	0.9471	0.5855	6.2795E-5	2.7645	4010.9676	7.9812E-5	0.5855	
host.rates.Brassicaceae.Solanaceae	0.8824	0.9492	0.5717	5.0609E-5	2.8172	2099.2577	9.9656E-5	0.5717	
host.rates.Fabaceae.Poaceae	1.5289	0.706	1.4463	0.3427	2.9649	2350.349	0.8782	1.7491	
host.rates.Fabaceae.Solanaceae	1.3237	0.6479	1.2459	0.2507	2.6912	2594.9596	0.7517	1.5326	
host.rates.Poaceae.Solanaceae	0.9157	0.9634	0.591	9.0175E-6	2.8509	4699.5032	9.0175E-6	0.591	
host.rates.Brassicaceae.Amaranthaceae	0.8375	0.88	0.5535	4.7607E-5	2.5423	4196.3381	1.9168E-4	0.5536	
host.rates.Fabaceae.Amaranthaceae	1.6004	0.7813	1.4863	0.3113	3.2398	2206.4145	0.8535	1.8057	
host.rates.Poaceae.Amaranthaceae	0.6679	0.6528	0.4882	2.7367E-4	1.8768	3949.4639	2.1187E-3	0.4894	
host.rates.Solanaceae.Amaranthaceae	0.7982	0.9008	0.4975	6.0738E-5	2.6204	4372.3369	1.3519E-4	0.4975	
host.rates.Fabaceae.Brassicaceae	1.4941	0.7102	1.3967	0.3321	2.9528	2635.0596	0.8626	1.7272	
host.rates.Poaceae.Brassicaceae	0.8856	0.9559	0.5631	5.425E-5	2.7847	4346.8852	7.4437E-5	0.5632	
host.rates.Solanaceae.Brassicaceae	0.743	0.8465	0.4904	1.6763E-5	2.2901	1943.8265	2.1693E-5	0.4904	
host.rates.Poaceae.Fabaceae	0.8953	0.9648	0.5632	1.5035E-6	2.8118	4269.7636	5.9413E-5	0.5632	
host.rates.Solanaceae.Fabaceae	0.8657	0.9298	0.5566	5.7134E-6	2.7612	4150.709	5.7134E-6	0.5566	
host.rates.Solanaceae.Poaceae	0.8554	0.9423	0.5364	7.9213E-5	2.7557	3705.0407	1.082E-4	0.5364	
host.indicators.Amaranthaceae.Brassicaceae	0.1772	0.3819	0	0	1	1710.3737	0	0	
host.indicators.Amaranthaceae.Fabaceae	0.4058	0.4911	0	0	1	888.1426	0	0	
host.indicators.Amaranthaceae.Poaceae	0.2381	0.4259	0	0	1	1970.4778	0	0	
host.indicators.Amaranthaceae.Solanaceae	0.3987	0.4896	0	0	1	1520.5028	0	0	
host.indicators.Brassicaceae.Fabaceae	0.1786	0.3831	0	0	1	5469.1992	0	0	
host.indicators.Brassicaceae.Poaceae	0.1799	0.3841	0	0	1	5165.1048	0	0	
host.indicators.Brassicaceae.Solanaceae	0.2471	0.4313	0	0	1	4411.8326	0	0	
host.indicators.Fabaceae.Poaceae	0.9864	0.116	1	1	1	1007.7364	1	1	
host.indicators.Fabaceae.Solanaceae	0.9578	0.201	1	1	1	558.6564	1	1	
host.indicators.Poaceae.Solanaceae	0.1429	0.35	0	0	1	4457.5294	0	0	
host.indicators.Brassicaceae.Amaranthaceae	0.302	0.4591	0	0	1	2586.9153	0	0	
host.indicators.Fabaceae.Amaranthaceae	0.9759	0.1533	1	1	1	708.2858	1	1	
host.indicators.Poaceae.Amaranthaceae	0.7733	0.4187	1	0	1	1445.4727	1	1	
host.indicators.Solanaceae.Amaranthaceae	0.2889	0.4533	0	0	1	2413.8285	0	0	
host.indicators.Fabaceae.Brassicaceae	0.9761	0.1528	1	1	1	654.0884	1	1	
host.indicators.Poaceae.Brassicaceae	0.2001	0.4001	0	0	1	3690.0991	0	0	
host.indicators.Solanaceae.Brassicaceae	0.5801	0.4935	1	0	1	1754.2418	1	1	
host.indicators.Poaceae.Fabaceae	0.1477	0.3548	0	0	1	4664.7908	0	0	
host.indicators.Solanaceae.Fabaceae	0.2279	0.4195	0	0	1	2766.2899	0	0	
host.indicators.Solanaceae.Poaceae	0.2384	0.4261	0	0	1	2624.4087	0	0	
host.nonZeroRates	8.6231	1.6709	8	6	12	1042.2778	8	9	
default.treeLikelihood	-6951.1472	14.6376	-6950.753	-6980.2539	-6922.8752	1535.7005	-6960.2087	-6940.5364	
default.branchRates	-2382.6079	0	0	0	0	NaN	0	0	
host.branchRates	-2382.6079	0	0	0	0	NaN	0	0	
c_host.count[1]	131.7531	8.8883	130	117	150	737.6469	122	131	
c_allTransitions[1]	131.7609	8.8964	130	117	150	736.0036	122	131	
coalescent	-1185.9347	43.964	-1186.3514	-1270.6244	-1098.0157	427.6052	-1217.9053	-1160.8665	

